>>> slide 0
(46, 46, 52, 44)	(98, 46, 91, 44)	(189, 46, 107, 44)	(296, 46, 179, 44)	(475, 46, 67, 44)	(542, 46, 144, 44)	(686, 46, 62, 44)	(748, 46, 47, 44)	(795, 46, 163, 44)
(46, 103, 39, 44)	(85, 103, 57, 44)	(142, 103, 48, 44)	(190, 103, 154, 44)	(344, 103, 132, 44)	(476, 103, 48, 44)	(524, 103, 183, 44)	(707, 103, 77, 44)	(784, 103, 86, 44)	(870, 103, 72, 44)
(46, 160, 45, 44)	(91, 160, 154, 44)	(245, 160, 67, 44)	(312, 160, 49, 44)	(361, 160, 50, 44)	(411, 160, 80, 44)	(491, 160, 77, 44)	(568, 160, 89, 44)	(657, 160, 37, 44)	(694, 160, 105, 44)	(799, 160, 133, 44)
(46, 217, 62, 44)	(108, 217, 148, 44)	(256, 217, 96, 44)	(352, 217, 115, 44)	(467, 217, 168, 44)	(635, 217, 90, 44)	(725, 217, 45, 44)	(770, 217, 79, 44)	(849, 217, 37, 44)	(886, 217, 78, 44)
(46, 274, 34, 44)	(80, 274, 53, 44)	(133, 274, 48, 44)	(181, 274, 96, 44)	(277, 274, 78, 44)	(355, 274, 54, 44)	(409, 274, 41, 44)	(450, 274, 171, 44)	(621, 274, 94, 44)	(715, 274, 92, 44)	(807, 274, 48, 44)
(46, 331, 180, 44)	(226, 331, 179, 44)	(405, 331, 73, 44)	(478, 331, 99, 44)	(577, 331, 56, 44)	(633, 331, 49, 44)	(682, 331, 131, 44)
(46, 388, 191, 44)	(237, 388, 62, 44)	(299, 388, 324, 44)	(623, 388, 214, 44)	(837, 388, 93, 44)
(46, 445, 45, 44)	(91, 445, 124, 44)	(215, 445, 143, 44)	(358, 445, 83, 44)	(441, 445, 74, 44)	(515, 445, 49, 44)	(564, 445, 146, 44)	(710, 445, 192, 44)
(46, 502, 148, 44)	(194, 502, 57, 44)	(251, 502, 150, 44)	(401, 502, 45, 44)	(446, 502, 45, 44)	(491, 502, 110, 44)	(601, 502, 54, 44)	(655, 502, 297, 44)
(46, 559, 62, 44)	(108, 559, 176, 44)	(284, 559, 50, 44)	(334, 559, 45, 44)	(379, 559, 80, 44)	(459, 559, 48, 44)	(507, 559, 167, 44)	(674, 559, 207, 44)
(46, 616, 100, 44)	(146, 616, 96, 44)	(242, 616, 70, 44)	(312, 616, 114, 44)	(426, 616, 104, 44)	(530, 616, 85, 44)	(615, 616, 116, 44)	(731, 616, 171, 44)	(902, 616, 45, 44)
(46, 673, 73, 44)	(119, 673, 70, 44)	(189, 673, 77, 44)	(266, 673, 50, 44)	(316, 673, 141, 44)	(457, 673, 72, 44)	(529, 673, 135, 44)	(664, 673, 89, 44)	(753, 673, 82, 44)	(835, 673, 112, 44)
>>> slide 1
(46, 46, 100, 44)	(146, 46, 35, 44)	(181, 46, 61, 44)	(242, 46, 179, 44)	(421, 46, 57, 44)	(478, 46, 54, 44)	(532, 46, 48, 44)	(580, 46, 89, 44)	(669, 46, 45, 44)	(714, 46, 81, 44)
(46, 103, 177, 44)	(223, 103, 54, 44)	(277, 103, 81, 44)	(358, 103, 131, 44)	(489, 103, 51, 44)	(540, 103, 61, 44)	(601, 103, 149, 44)	(750, 103, 47, 44)	(797, 103, 59, 44)
(46, 160, 147, 44)	(193, 160, 98, 44)	(291, 160, 57, 44)	(348, 160, 75, 44)	(423, 160, 49, 44)	(472, 160, 61, 44)	(533, 160, 89, 44)	(622, 160, 82, 44)	(704, 160, 172, 44)	(876, 160, 49, 44)
(46, 217, 61, 44)	(107, 217, 75, 44)	(182, 217, 49, 44)	(231, 217, 32, 44)	(263, 217, 56, 44)	(319, 217, 106, 44)	(425, 217, 170, 44)	(595, 217, 37, 44)	(632, 217, 57, 44)	(689, 217, 93, 44)	(782, 217, 57, 44)	(839, 217, 109, 44)
(46, 274, 84, 44)	(130, 274, 78, 44)	(208, 274, 72, 44)	(280, 274, 118, 44)	(398, 274, 124, 44)	(522, 274, 56, 44)	(578, 274, 56, 44)	(634, 274, 149, 44)	(783, 274, 167, 44)
(46, 331, 133, 44)	(179, 331, 117, 44)	(296, 331, 61, 44)	(357, 331, 164, 44)	(521, 331, 200, 44)	(721, 331, 57, 44)	(778, 331, 73, 44)
(46, 388, 127, 44)	(173, 388, 45, 44)	(218, 388, 53, 44)	(271, 388, 126, 44)	(397, 388, 207, 44)	(604, 388, 37, 44)	(641, 388, 95, 44)	(736, 388, 49, 44)	(785, 388, 48, 44)	(833, 388, 88, 44)	(921, 388, 49, 44)
(46, 445, 101, 44)	(147, 445, 18, 44)	(165, 445, 57, 44)	(222, 445, 88, 44)	(310, 445, 50, 44)	(360, 445, 99, 44)	(459, 445, 89, 44)	(548, 445, 69, 44)	(617, 445, 68, 44)	(685, 445, 152, 44)	(837, 445, 57, 44)
(46, 502, 208, 44)	(254, 502, 53, 44)	(307, 502, 45, 44)	(352, 502, 144, 44)	(496, 502, 52, 44)	(548, 502, 71, 44)	(619, 502, 73, 44)	(692, 502, 163, 44)
(46, 559, 120, 44)	(166, 559, 73, 44)	(239, 559, 48, 44)	(287, 559, 96, 44)	(383, 559, 128, 44)	(511, 559, 85, 44)	(596, 559, 48, 44)	(644, 559, 79, 44)	(723, 559, 71, 44)	(794, 559, 48, 44)	(842, 559, 92, 44)
(46, 616, 41, 44)	(87, 616, 129, 44)	(216, 616, 54, 44)	(270, 616, 88, 44)	(358, 616, 147, 44)	(505, 616, 80, 44)	(585, 616, 62, 44)	(647, 616, 45, 44)	(692, 616, 61, 44)	(753, 616, 116, 44)
(46, 673, 137, 44)	(183, 673, 60, 44)	(243, 673, 59, 44)	(302, 673, 33, 44)	(335, 673, 48, 44)	(383, 673, 72, 44)	(455, 673, 106, 44)	(561, 673, 48, 44)	(609, 673, 79, 44)	(688, 673, 34, 44)	(722, 673, 196, 44)	(918, 673, 45, 44)
>>> slide 2
(46, 46, 107, 44)	(153, 46, 109, 44)	(262, 46, 68, 44)	(330, 46, 91, 44)	(421, 46, 155, 44)	(576, 46, 52, 44)	(628, 46, 49, 44)	(677, 46, 53, 44)	(730, 46, 167, 44)
(46, 103, 189, 44)	(235, 103, 142, 44)	(377, 103, 104, 44)	(481, 103, 73, 44)	(554, 103, 56, 44)	(610, 103, 45, 44)	(655, 103, 141, 44)	(796, 103, 89, 44)
(46, 160, 105, 44)	(151, 160, 41, 44)	(192, 160, 85, 44)	(277, 160, 90, 44)	(367, 160, 53, 44)	(420, 160, 41, 44)	(461, 160, 110, 44)	(571, 160, 48, 44)	(619, 160, 80, 44)	(699, 160, 49, 44)	(748, 160, 53, 44)	(801, 160, 59, 44)
(46, 217, 123, 44)	(169, 217, 96, 44)	(265, 217, 70, 44)	(335, 217, 34, 44)	(369, 217, 40, 44)	(409, 217, 32, 44)	(441, 217, 72, 44)	(513, 217, 71, 44)	(584, 217, 42, 44)	(626, 217, 71, 44)	(697, 217, 57, 44)	(754, 217, 79, 44)	(833, 217, 45, 44)
(46, 274, 147, 44)	(193, 274, 137, 44)	(330, 274, 67, 44)	(397, 274, 49, 44)	(446, 274, 179, 44)	(625, 274, 37, 44)	(662, 274, 150, 44)	(812, 274, 66, 44)
(46, 331, 144, 44)	(190, 331, 68, 44)	(258, 331, 82, 44)	(340, 331, 88, 44)	(428, 331, 67, 44)	(495, 331, 45, 44)	(540, 331, 169, 44)	(709, 331, 125, 44)	(834, 331, 61, 44)
(46, 388, 104, 44)	(150, 388, 44, 44)	(194, 388, 48, 44)	(242, 388, 98, 44)	(340, 388, 48, 44)	(388, 388, 107, 44)	(495, 388, 127, 44)	(622, 388, 48, 44)	(670, 388, 137, 44)	(807, 388, 48, 44)	(855, 388, 70, 44)
(46, 445, 84, 44)	(130, 445, 57, 44)	(187, 445, 80, 44)	(267, 445, 128, 44)	(395, 445, 79, 44)	(474, 445, 67, 44)	(541, 445, 85, 44)	(626, 445, 106, 44)	(732, 445, 48, 44)	(780, 445, 67, 44)	(847, 445, 50, 44)
(46, 502, 141, 44)	(187, 502, 51, 44)	(238, 502, 61, 44)	(299, 502, 149, 44)	(448, 502, 41, 44)	(489, 502, 194, 44)	(683, 502, 110, 44)	(793, 502, 48, 44)
(46, 559, 144, 44)	(190, 559, 247, 44)	(437, 559, 97, 44)	(534, 559, 69, 44)	(603, 559, 37, 44)	(640, 559, 23, 44)	(663, 559, 37, 44)	(700, 559, 51, 44)	(751, 559, 56, 44)
