>>> slide 0
(50, 51, 52, 34)	(102, 51, 91, 34)	(193, 51, 107, 34)	(300, 51, 179, 34)	(479, 51, 67, 34)	(546, 51, 144, 34)	(690, 51, 62, 34)	(752, 51, 47, 34)	(799, 51, 163, 34)
(50, 108, 39, 34)	(89, 108, 57, 34)	(146, 108, 48, 34)	(194, 108, 154, 34)	(348, 108, 132, 34)	(480, 108, 48, 34)	(528, 108, 183, 34)	(711, 108, 77, 34)	(788, 108, 86, 34)	(874, 108, 72, 34)
(50, 165, 45, 34)	(95, 165, 154, 34)	(249, 165, 67, 34)	(316, 165, 49, 34)	(365, 165, 50, 34)	(415, 165, 80, 34)	(495, 165, 77, 34)	(572, 165, 89, 34)	(661, 165, 37, 34)	(698, 165, 105, 34)	(803, 165, 133, 34)
(50, 222, 62, 34)	(112, 222, 148, 34)	(260, 222, 96, 34)	(356, 222, 115, 34)	(471, 222, 168, 34)	(639, 222, 90, 34)	(729, 222, 45, 34)	(774, 222, 79, 34)	(853, 222, 37, 34)	(890, 222, 78, 34)
(50, 279, 34, 34)	(84, 279, 53, 34)	(137, 279, 48, 34)	(185, 279, 96, 34)	(281, 279, 78, 34)	(359, 279, 54, 34)	(413, 279, 41, 34)	(454, 279, 171, 34)	(625, 279, 94, 34)	(719, 279, 92, 34)	(811, 279, 48, 34)
(50, 336, 180, 34)	(230, 336, 179, 34)	(409, 336, 73, 34)	(482, 336, 99, 34)	(581, 336, 56, 34)	(637, 336, 49, 34)	(686, 336, 131, 34)
(50, 393, 191, 34)	(241, 393, 62, 34)	(303, 393, 324, 34)	(627, 393, 214, 34)	(841, 393, 93, 34)
(50, 450, 45, 34)	(95, 450, 124, 34)	(219, 450, 143, 34)	(362, 450, 83, 34)	(445, 450, 74, 34)	(519, 450, 49, 34)	(568, 450, 146, 34)	(714, 450, 192, 34)
(50, 507, 148, 34)	(198, 507, 57, 34)	(255, 507, 150, 34)	(405, 507, 45, 34)	(450, 507, 45, 34)	(495, 507, 110, 34)	(605, 507, 54, 34)	(659, 507, 297, 34)
(50, 564, 62, 34)	(112, 564, 176, 34)	(288, 564, 50, 34)	(338, 564, 45, 34)	(383, 564, 80, 34)	(463, 564, 48, 34)	(511, 564, 167, 34)	(678, 564, 207, 34)
(50, 621, 100, 34)	(150, 621, 96, 34)	(246, 621, 70, 34)	(316, 621, 114, 34)	(430, 621, 104, 34)	(534, 621, 85, 34)	(619, 621, 116, 34)	(735, 621, 171, 34)	(906, 621, 45, 34)
(50, 678, 73, 34)	(123, 678, 70, 34)	(193, 678, 77, 34)	(270, 678, 50, 34)	(320, 678, 141, 34)	(461, 678, 72, 34)	(533, 678, 135, 34)	(668, 678, 89, 34)	(757, 678, 82, 34)	(839, 678, 112, 34)
>>> slide 1
(50, 51, 100, 34)	(150, 51, 35, 34)	(185, 51, 61, 34)	(246, 51, 179, 34)	(425, 51, 57, 34)	(482, 51, 54, 34)	(536, 51, 48, 34)	(584, 51, 89, 34)	(673, 51, 45, 34)	(718, 51, 81, 34)
(50, 108, 177, 34)	(227, 108, 54, 34)	(281, 108, 81, 34)	(362, 108, 131, 34)	(493, 108, 51, 34)	(544, 108, 61, 34)	(605, 108, 149, 34)	(754, 108, 47, 34)	(801, 108, 59, 34)
(50, 165, 147, 34)	(197, 165, 98, 34)	(295, 165, 57, 34)	(352, 165, 75, 34)	(427, 165, 49, 34)	(476, 165, 61, 34)	(537, 165, 89, 34)	(626, 165, 82, 34)	(708, 165, 172, 34)	(880, 165, 49, 34)
(50, 222, 61, 34)	(111, 222, 75, 34)	(186, 222, 49, 34)	(235, 222, 32, 34)	(267, 222, 56, 34)	(323, 222, 106, 34)	(429, 222, 170, 34)	(599, 222, 37, 34)	(636, 222, 57, 34)	(693, 222, 93, 34)	(786, 222, 57, 34)	(843, 222, 109, 34)
(50, 279, 84, 34)	(134, 279, 78, 34)	(212, 279, 72, 34)	(284, 279, 118, 34)	(402, 279, 124, 34)	(526, 279, 56, 34)	(582, 279, 56, 34)	(638, 279, 149, 34)	(787, 279, 167, 34)
(50, 336, 133, 34)	(183, 336, 117, 34)	(300, 336, 61, 34)	(361, 336, 164, 34)	(525, 336, 200, 34)	(725, 336, 57, 34)	(782, 336, 73, 34)
(50, 393, 127, 34)	(177, 393, 45, 34)	(222, 393, 53, 34)	(275, 393, 126, 34)	(401, 393, 207, 34)	(608, 393, 37, 34)	(645, 393, 95, 34)	(740, 393, 49, 34)	(789, 393, 48, 34)	(837, 393, 88, 34)	(925, 393, 49, 34)
(50, 450, 101, 34)	(151, 450, 18, 34)	(169, 450, 57, 34)	(226, 450, 88, 34)	(314, 450, 50, 34)	(364, 450, 99, 34)	(463, 450, 89, 34)	(552, 450, 69, 34)	(621, 450, 68, 34)	(689, 450, 152, 34)	(841, 450, 57, 34)
(50, 507, 208, 34)	(258, 507, 53, 34)	(311, 507, 45, 34)	(356, 507, 144, 34)	(500, 507, 52, 34)	(552, 507, 71, 34)	(623, 507, 73, 34)	(696, 507, 163, 34)
(50, 564, 120, 34)	(170, 564, 73, 34)	(243, 564, 48, 34)	(291, 564, 96, 34)	(387, 564, 128, 34)	(515, 564, 85, 34)	(600, 564, 48, 34)	(648, 564, 79, 34)	(727, 564, 71, 34)	(798, 564, 48, 34)	(846, 564, 92, 34)
(50, 621, 41, 34)	(91, 621, 129, 34)	(220, 621, 54, 34)	(274, 621, 88, 34)	(362, 621, 147, 34)	(509, 621, 80, 34)	(589, 621, 62, 34)	(651, 621, 45, 34)	(696, 621, 61, 34)	(757, 621, 116, 34)
(50, 678, 137, 34)	(187, 678, 60, 34)	(247, 678, 59, 34)	(306, 678, 33, 34)	(339, 678, 48, 34)	(387, 678, 72, 34)	(459, 678, 106, 34)	(565, 678, 48, 34)	(613, 678, 79, 34)	(692, 678, 34, 34)	(726, 678, 196, 34)	(922, 678, 45, 34)
>>> slide 2
(50, 51, 107, 34)	(157, 51, 109, 34)	(266, 51, 68, 34)	(334, 51, 91, 34)	(425, 51, 155, 34)	(580, 51, 52, 34)	(632, 51, 49, 34)	(681, 51, 53, 34)	(734, 51, 167, 34)
(50, 108, 189, 34)	(239, 108, 142, 34)	(381, 108, 104, 34)	(485, 108, 73, 34)	(558, 108, 56, 34)	(614, 108, 45, 34)	(659, 108, 141, 34)	(800, 108, 89, 34)
(50, 165, 105, 34)	(155, 165, 41, 34)	(196, 165, 85, 34)	(281, 165, 90, 34)	(371, 165, 53, 34)	(424, 165, 41, 34)	(465, 165, 110, 34)	(575, 165, 48, 34)	(623, 165, 80, 34)	(703, 165, 49, 34)	(752, 165, 53, 34)	(805, 165, 59, 34)
(50, 222, 123, 34)	(173, 222, 96, 34)	(269, 222, 70, 34)	(339, 222, 34, 34)	(373, 222, 40, 34)	(413, 222, 32, 34)	(445, 222, 72, 34)	(517, 222, 71, 34)	(588, 222, 42, 34)	(630, 222, 71, 34)	(701, 222, 57, 34)	(758, 222, 79, 34)	(837, 222, 45, 34)
(50, 279, 147, 34)	(197, 279, 137, 34)	(334, 279, 67, 34)	(401, 279, 49, 34)	(450, 279, 179, 34)	(629, 279, 37, 34)	(666, 279, 150, 34)	(816, 279, 66, 34)
(50, 336, 144, 34)	(194, 336, 68, 34)	(262, 336, 82, 34)	(344, 336, 88, 34)	(432, 336, 67, 34)	(499, 336, 45, 34)	(544, 336, 169, 34)	(713, 336, 125, 34)	(838, 336, 61, 34)
(50, 393, 104, 34)	(154, 393, 44, 34)	(198, 393, 48, 34)	(246, 393, 98, 34)	(344, 393, 48, 34)	(392, 393, 107, 34)	(499, 393, 127, 34)	(626, 393, 48, 34)	(674, 393, 137, 34)	(811, 393, 48, 34)	(859, 393, 70, 34)
(50, 450, 84, 34)	(134, 450, 57, 34)	(191, 450, 80, 34)	(271, 450, 128, 34)	(399, 450, 79, 34)	(478, 450, 67, 34)	(545, 450, 85, 34)	(630, 450, 106, 34)	(736, 450, 48, 34)	(784, 450, 67, 34)	(851, 450, 50, 34)
(50, 507, 141, 34)	(191, 507, 51, 34)	(242, 507, 61, 34)	(303, 507, 149, 34)	(452, 507, 41, 34)	(493, 507, 194, 34)	(687, 507, 110, 34)	(797, 507, 48, 34)
(50, 564, 144, 34)	(194, 564, 247, 34)	(441, 564, 97, 34)	(538, 564, 69, 34)	(607, 564, 37, 34)	(644, 564, 23, 34)	(667, 564, 37, 34)	(704, 564, 51, 34)	(755, 564, 56, 34)
