>>> slide 0
(46, 46, 50, 44)	(96, 46, 106, 44)	(202, 46, 64, 44)	(266, 46, 45, 44)	(311, 46, 138, 44)	(449, 46, 173, 44)	(622, 46, 39, 44)	(661, 46, 167, 44)	(828, 46, 122, 44)
(46, 103, 130, 44)	(176, 103, 48, 44)	(224, 103, 99, 44)	(323, 103, 208, 44)	(531, 103, 39, 44)	(570, 103, 33, 44)	(603, 103, 57, 44)	(660, 103, 128, 44)	(788, 103, 107, 44)	(895, 103, 50, 44)
(46, 160, 112, 44)	(158, 160, 83, 44)	(241, 160, 56, 44)	(297, 160, 33, 44)	(330, 160, 73, 44)	(403, 160, 176, 44)	(579, 160, 78, 44)	(657, 160, 105, 44)	(762, 160, 149, 44)	(911, 160, 39, 44)
(46, 217, 52, 44)	(98, 217, 232, 44)	(330, 217, 62, 44)	(392, 217, 67, 44)	(459, 217, 220, 44)	(679, 217, 122, 44)	(801, 217, 139, 44)
(46, 274, 76, 44)	(122, 274, 54, 44)	(176, 274, 141, 44)	(317, 274, 69, 44)	(386, 274, 48, 44)	(434, 274, 123, 44)	(557, 274, 64, 44)	(621, 274, 181, 44)	(802, 274, 85, 44)
(46, 331, 114, 44)	(160, 331, 49, 44)	(209, 331, 41, 44)	(250, 331, 131, 44)	(381, 331, 69, 44)	(450, 331, 151, 44)	(601, 331, 72, 44)	(673, 331, 39, 44)	(712, 331, 57, 44)	(769, 331, 33, 44)	(802, 331, 100, 44)	(902, 331, 52, 44)
(46, 388, 115, 44)	(161, 388, 116, 44)	(277, 388, 128, 44)	(405, 388, 104, 44)	(509, 388, 50, 44)	(559, 388, 225, 44)	(784, 388, 87, 44)	(871, 388, 57, 44)
(46, 445, 267, 44)	(313, 445, 182, 44)	(495, 445, 49, 44)	(544, 445, 240, 44)	(784, 445, 84, 44)	(868, 445, 94, 44)
(46, 502, 39, 44)	(85, 502, 50, 44)	(135, 502, 48, 44)	(183, 502, 131, 44)	(314, 502, 141, 44)	(455, 502, 89, 44)	(544, 502, 167, 44)	(711, 502, 79, 44)	(790, 502, 153, 44)
(46, 559, 83, 44)	(129, 559, 62, 44)	(191, 559, 150, 44)	(341, 559, 39, 44)	(380, 559, 137, 44)	(517, 559, 53, 44)	(570, 559, 32, 44)	(602, 559, 52, 44)	(654, 559, 73, 44)	(727, 559, 91, 44)	(818, 559, 50, 44)	(868, 559, 53, 44)
(46, 616, 89, 44)	(135, 616, 156, 44)	(291, 616, 66, 44)	(357, 616, 162, 44)	(519, 616, 60, 44)	(579, 616, 56, 44)	(635, 616, 45, 44)	(680, 616, 88, 44)	(768, 616, 130, 44)
(46, 673, 130, 44)	(176, 673, 79, 44)	(255, 673, 110, 44)	(365, 673, 57, 44)	(422, 673, 48, 44)	(470, 673, 79, 44)	(549, 673, 208, 44)	(757, 673, 146, 44)	(903, 673, 60, 44)
>>> slide 1
(46, 46, 34, 44)	(80, 46, 79, 44)	(159, 46, 139, 44)	(298, 46, 45, 44)	(343, 46, 88, 44)	(431, 46, 49, 44)	(480, 46, 48, 44)	(528, 46, 106, 44)	(634, 46, 77, 44)	(711, 46, 50, 44)	(761, 46, 48, 44)	(809, 46, 131, 44)
(46, 103, 149, 44)	(195, 103, 39, 44)	(234, 103, 58, 44)	(292, 103, 159, 44)	(451, 103, 33, 44)	(484, 103, 81, 44)	(565, 103, 32, 44)	(597, 103, 126, 44)	(723, 103, 57, 44)	(780, 103, 127, 44)
(46, 160, 181, 44)	(227, 160, 33, 44)	(260, 160, 73, 44)	(333, 160, 104, 44)	(437, 160, 47, 44)	(484, 160, 96, 44)	(580, 160, 167, 44)	(747, 160, 108, 44)	(855, 160, 45, 44)
(46, 217, 136, 44)	(182, 217, 53, 44)	(235, 217, 31, 44)	(266, 217, 56, 44)	(322, 217, 65, 44)	(387, 217, 72, 44)	(459, 217, 42, 44)	(501, 217, 166, 44)	(667, 217, 105, 44)	(772, 217, 42, 44)	(814, 217, 57, 44)	(871, 217, 48, 44)
(46, 274, 127, 44)	(173, 274, 127, 44)	(300, 274, 66, 44)	(366, 274, 68, 44)	(434, 274, 144, 44)	(578, 274, 180, 44)	(758, 274, 39, 44)	(797, 274, 58, 44)	(855, 274, 57, 44)
(46, 331, 70, 44)	(116, 331, 72, 44)	(188, 331, 117, 44)	(305, 331, 107, 44)	(412, 331, 87, 44)	(499, 331, 53, 44)	(552, 331, 45, 44)	(597, 331, 248, 44)	(845, 331, 86, 44)
(46, 388, 88, 44)	(134, 388, 90, 44)	(224, 388, 49, 44)	(273, 388, 48, 44)	(321, 388, 78, 44)	(399, 388, 78, 44)	(477, 388, 48, 44)	(525, 388, 96, 44)	(621, 388, 51, 44)	(672, 388, 96, 44)	(768, 388, 121, 44)	(889, 388, 37, 44)
(46, 445, 106, 44)	(152, 445, 65, 44)	(217, 445, 82, 44)	(299, 445, 151, 44)	(450, 445, 80, 44)	(530, 445, 33, 44)	(563, 445, 67, 44)	(630, 445, 52, 44)	(682, 445, 67, 44)	(749, 445, 33, 44)	(782, 445, 80, 44)	(862, 445, 106, 44)
(46, 502, 168, 44)	(214, 502, 68, 44)	(282, 502, 39, 44)	(321, 502, 45, 44)	(366, 502, 125, 44)	(491, 502, 119, 44)	(610, 502, 49, 44)	(659, 502, 40, 44)	(699, 502, 18, 44)	(717, 502, 82, 44)	(799, 502, 33, 44)	(832, 502, 72, 44)
(46, 559, 151, 44)	(197, 559, 94, 44)	(291, 559, 18, 44)	(309, 559, 72, 44)	(381, 559, 41, 44)	(422, 559, 283, 44)	(705, 559, 107, 44)	(812, 559, 91, 44)	(903, 559, 50, 44)
(46, 616, 164, 44)	(210, 616, 33, 44)	(243, 616, 106, 44)	(349, 616, 66, 44)	(415, 616, 59, 44)	(474, 616, 116, 44)	(590, 616, 53, 44)	(643, 616, 57, 44)	(700, 616, 88, 44)
(46, 673, 201, 44)	(247, 673, 116, 44)	(363, 673, 154, 44)	(517, 673, 57, 44)	(574, 673, 204, 44)	(778, 673, 113, 44)	(891, 673, 39, 44)
>>> slide 2
(46, 46, 57, 44)	(103, 46, 54, 44)	(157, 46, 48, 44)	(205, 46, 107, 44)	(312, 46, 92, 44)	(404, 46, 113, 44)	(517, 46, 96, 44)	(613, 46, 78, 44)	(691, 46, 146, 44)	(837, 46, 45, 44)	(882, 46, 73, 44)
(46, 103, 166, 44)	(212, 103, 115, 44)	(327, 103, 123, 44)	(450, 103, 96, 44)	(546, 103, 41, 44)	(587, 103, 57, 44)	(644, 103, 48, 44)	(692, 103, 80, 44)	(772, 103, 67, 44)	(839, 103, 96, 44)
(46, 160, 131, 44)	(177, 160, 106, 44)	(283, 160, 50, 44)	(333, 160, 140, 44)	(473, 160, 48, 44)	(521, 160, 82, 44)	(603, 160, 100, 44)	(703, 160, 53, 44)	(756, 160, 54, 44)	(810, 160, 77, 44)	(887, 160, 78, 44)
(46, 217, 217, 44)	(263, 217, 167, 44)	(430, 217, 158, 44)	(588, 217, 50, 44)	(638, 217, 45, 44)	(683, 217, 128, 44)	(811, 217, 121, 44)
(46, 274, 140, 44)	(186, 274, 49, 44)	(235, 274, 45, 44)	(280, 274, 78, 44)	(358, 274, 104, 44)	(462, 274, 39, 44)	(501, 274, 32, 44)	(533, 274, 72, 44)	(605, 274, 67, 44)	(672, 274, 138, 44)	(810, 274, 51, 44)
(46, 331, 136, 44)	(182, 331, 250, 44)	(432, 331, 79, 44)	(511, 331, 85, 44)	(596, 331, 18, 44)	(614, 331, 61, 44)	(675, 331, 104, 44)	(779, 331, 61, 44)
(46, 388, 159, 44)	(205, 388, 68, 44)	(273, 388, 77, 44)	(350, 388, 194, 44)	(544, 388, 167, 44)	(711, 388, 161, 44)	(872, 388, 88, 44)
(46, 445, 45, 44)	(91, 445, 110, 44)	(201, 445, 48, 44)	(249, 445, 65, 44)	(314, 445, 67, 44)	(381, 445, 48, 44)	(429, 445, 55, 44)	(484, 445, 48, 44)	(532, 445, 132, 44)	(664, 445, 67, 44)	(731, 445, 204, 44)
(46, 502, 82, 44)	(128, 502, 91, 44)	(219, 502, 71, 44)	(290, 502, 56, 44)	(346, 502, 45, 44)	(391, 502, 65, 44)	(456, 502, 88, 44)	(544, 502, 71, 44)	(615, 502, 162, 44)	(777, 502, 33, 44)	(810, 502, 53, 44)
(46, 559, 130, 44)	(176, 559, 56, 44)	(232, 559, 83, 44)	(315, 559, 48, 44)	(363, 559, 144, 44)	(507, 559, 37, 44)	(544, 559, 144, 44)	(688, 559, 49, 44)	(737, 559, 72, 44)	(809, 559, 41, 44)
(46, 616, 123, 44)	(169, 616, 138, 44)	(307, 616, 37, 44)	(344, 616, 106, 44)	(450, 616, 94, 44)	(544, 616, 32, 44)	(576, 616, 61, 44)	(637, 616, 104, 44)	(741, 616, 48, 44)	(789, 616, 128, 44)
(46, 673, 121, 44)	(167, 673, 62, 44)	(229, 673, 68, 44)	(297, 673, 168, 44)	(465, 673, 95, 44)	(560, 673, 72, 44)	(632, 673, 161, 44)	(793, 673, 49, 44)	(842, 673, 113, 44)
>>> slide 3
(46, 46, 49, 44)	(95, 46, 45, 44)	(140, 46, 86, 44)	(226, 46, 94, 44)	(320, 46, 32, 44)	(352, 46, 72, 44)	(424, 46, 136, 44)	(560, 46, 117, 44)	(677, 46, 47, 44)	(724, 46, 53, 44)	(777, 46, 132, 44)	(909, 46, 54, 44)
(46, 103, 119, 44)	(165, 103, 48, 44)	(213, 103, 166, 44)	(379, 103, 149, 44)	(528, 103, 48, 44)	(576, 103, 77, 44)	(653, 103, 208, 44)	(861, 103, 18, 44)	(879, 103, 50, 44)
(46, 160, 70, 44)	(116, 160, 67, 44)	(183, 160, 100, 44)	(283, 160, 182, 44)	(465, 160, 18, 44)	(483, 160, 64, 44)	(547, 160, 32, 44)	(579, 160, 33, 44)	(612, 160, 126, 44)	(738, 160, 85, 44)	(823, 160, 72, 44)	(895, 160, 71, 44)
(46, 217, 145, 44)	(191, 217, 49, 44)	(240, 217, 76, 44)	(316, 217, 49, 44)	(365, 217, 50, 44)	(415, 217, 162, 44)	(577, 217, 37, 44)	(614, 217, 134, 44)	(748, 217, 53, 44)	(801, 217, 69, 44)	(870, 217, 48, 44)
(46, 274, 113, 44)	(159, 274, 62, 44)	(221, 274, 72, 44)	(293, 274, 33, 44)	(326, 274, 48, 44)	(374, 274, 202, 44)	(576, 274, 78, 44)	(654, 274, 138, 44)	(792, 274, 76, 44)	(868, 274, 57, 44)
(46, 331, 196, 44)	(242, 331, 110, 44)	(352, 331, 82, 44)	(434, 331, 49, 44)	(483, 331, 45, 44)	(528, 331, 160, 44)	(688, 331, 57, 44)
(46, 388, 349, 44)	(395, 388, 117, 44)	(512, 388, 70, 44)	(582, 388, 33, 44)	(615, 388, 61, 44)	(676, 388, 45, 44)	(721, 388, 163, 44)	(884, 388, 50, 44)
(46, 445, 48, 44)	(94, 445, 141, 44)	(235, 445, 57, 44)	(292, 445, 45, 44)	(337, 445, 131, 44)	(468, 445, 169, 44)	(637, 445, 48, 44)	(685, 445, 141, 44)	(826, 445, 41, 44)	(867, 445, 31, 44)
(46, 502, 121, 44)	(167, 502, 57, 44)	(224, 502, 45, 44)	(269, 502, 173, 44)	(442, 502, 110, 44)	(552, 502, 86, 44)	(638, 502, 106, 44)	(744, 502, 50, 44)	(794, 502, 176, 44)
(46, 559, 64, 44)	(110, 559, 73, 44)	(183, 559, 167, 44)	(350, 559, 100, 44)	(450, 559, 100, 44)	(550, 559, 52, 44)	(602, 559, 67, 44)	(669, 559, 86, 44)	(755, 559, 62, 44)
(46, 616, 172, 44)	(218, 616, 34, 44)	(252, 616, 139, 44)	(391, 616, 64, 44)	(455, 616, 53, 44)	(508, 616, 47, 44)	(555, 616, 72, 44)	(627, 616, 57, 44)	(684, 616, 183, 44)
(46, 673, 196, 44)	(242, 673, 78, 44)	(320, 673, 45, 44)	(365, 673, 45, 44)	(410, 673, 113, 44)	(523, 673, 176, 44)	(699, 673, 67, 44)	(766, 673, 77, 44)	(843, 673, 49, 44)
>>> slide 4
(46, 46, 81, 44)	(127, 46, 162, 44)	(289, 46, 57, 44)	(346, 46, 201, 44)	(547, 46, 93, 44)	(640, 46, 112, 44)	(752, 46, 48, 44)	(800, 46, 150, 44)
(46, 103, 191, 44)	(237, 103, 248, 44)	(485, 103, 57, 44)	(542, 103, 231, 44)	(773, 103, 89, 44)	(862, 103, 90, 44)
(46, 160, 39, 44)	(85, 160, 45, 44)	(130, 160, 264, 44)	(394, 160, 127, 44)	(521, 160, 104, 44)	(625, 160, 81, 44)	(706, 160, 143, 44)	(849, 160, 48, 44)
(46, 217, 162, 44)	(208, 217, 72, 44)	(280, 217, 165, 44)	(445, 217, 117, 44)	(562, 217, 71, 44)	(633, 217, 77, 44)	(710, 217, 162, 44)
(46, 274, 205, 44)	(251, 274, 229, 44)	(480, 274, 62, 44)	(542, 274, 177, 44)	(719, 274, 236, 44)
(46, 331, 68, 44)	(114, 331, 71, 44)	(185, 331, 98, 44)	(283, 331, 48, 44)	(331, 331, 52, 44)	(383, 331, 33, 44)	(416, 331, 162, 44)	(578, 331, 37, 44)	(615, 331, 65, 44)	(680, 331, 90, 44)	(770, 331, 92, 44)
(46, 388, 110, 44)	(156, 388, 42, 44)	(198, 388, 108, 44)	(306, 388, 96, 44)	(402, 388, 53, 44)	(455, 388, 45, 44)	(500, 388, 47, 44)	(547, 388, 103, 44)	(650, 388, 61, 44)	(711, 388, 76, 44)	(787, 388, 45, 44)	(832, 388, 51, 44)
(46, 445, 200, 44)	(246, 445, 97, 44)	(343, 445, 83, 44)	(426, 445, 79, 44)	(505, 445, 83, 44)	(588, 445, 234, 44)	(822, 445, 85, 44)	(907, 445, 52, 44)
(46, 502, 73, 44)	(119, 502, 75, 44)	(194, 502, 133, 44)	(327, 502, 45, 44)	(372, 502, 136, 44)	(508, 502, 50, 44)	(558, 502, 75, 44)	(633, 502, 202, 44)	(835, 502, 66, 44)
(46, 559, 73, 44)	(119, 559, 50, 44)	(169, 559, 59, 44)	(228, 559, 150, 44)	(378, 559, 134, 44)	(512, 559, 50, 44)	(562, 559, 88, 44)	(650, 559, 45, 44)	(695, 559, 126, 44)
(46, 616, 154, 44)	(200, 616, 51, 44)	(251, 616, 68, 44)	(319, 616, 178, 44)	(497, 616, 234, 44)	(731, 616, 120, 44)
(46, 673, 136, 44)	(182, 673, 149, 44)	(331, 673, 37, 44)	(368, 673, 132, 44)	(500, 673, 66, 44)	(566, 673, 106, 44)	(672, 673, 60, 44)	(732, 673, 92, 44)	(824, 673, 48, 44)
>>> slide 5
(46, 46, 210, 44)	(256, 46, 48, 44)	(304, 46, 266, 44)	(570, 46, 33, 44)	(603, 46, 113, 44)	(716, 46, 49, 44)	(765, 46, 48, 44)	(813, 46, 48, 44)
(46, 103, 159, 44)	(205, 103, 33, 44)	(238, 103, 166, 44)	(404, 103, 90, 44)	(494, 103, 80, 44)	(574, 103, 57, 44)	(631, 103, 18, 44)	(649, 103, 133, 44)	(782, 103, 130, 44)	(912, 103, 18, 44)
(46, 160, 252, 44)	(298, 160, 50, 44)	(348, 160, 123, 44)	(471, 160, 57, 44)	(528, 160, 65, 44)	(593, 160, 117, 44)	(710, 160, 146, 44)	(856, 160, 54, 44)	(910, 160, 57, 44)
(46, 217, 148, 44)	(194, 217, 47, 44)	(241, 217, 122, 44)	(363, 217, 73, 44)	(436, 217, 32, 44)	(468, 217, 107, 44)	(575, 217, 72, 44)	(647, 217, 252, 44)
(46, 274, 113, 44)	(159, 274, 39, 44)	(198, 274, 39, 44)	(237, 274, 78, 44)	(315, 274, 170, 44)	(485, 274, 53, 44)	(538, 274, 56, 44)	(594, 274, 48, 44)	(642, 274, 139, 44)	(781, 274, 161, 44)
(46, 331, 87, 44)	(133, 331, 48, 44)	(181, 331, 128, 44)	(309, 331, 121, 44)	(430, 331, 124, 44)	(554, 331, 72, 44)	(626, 331, 57, 44)	(683, 331, 86, 44)	(769, 331, 48, 44)	(817, 331, 139, 44)
(46, 388, 41, 44)	(87, 388, 123, 44)	(210, 388, 154, 44)	(364, 388, 45, 44)	(409, 388, 67, 44)	(476, 388, 218, 44)	(694, 388, 85, 44)	(779, 388, 90, 44)	(869, 388, 45, 44)
(46, 445, 180, 44)	(226, 445, 75, 44)	(301, 445, 164, 44)	(465, 445, 62, 44)	(527, 445, 144, 44)	(671, 445, 146, 44)	(817, 445, 37, 44)
(46, 502, 146, 44)	(192, 502, 54, 44)	(246, 502, 45, 44)	(291, 502, 93, 44)	(384, 502, 91, 44)	(475, 502, 50, 44)	(525, 502, 45, 44)	(570, 502, 91, 44)	(661, 502, 160, 44)	(821, 502, 37, 44)
(46, 559, 165, 44)	(211, 559, 57, 44)	(268, 559, 232, 44)	(500, 559, 54, 44)	(554, 559, 45, 44)	(599, 559, 92, 44)	(691, 559, 78, 44)	(769, 559, 61, 44)	(830, 559, 58, 44)
(46, 616, 131, 44)	(177, 616, 49, 44)	(226, 616, 48, 44)	(274, 616, 106, 44)	(380, 616, 68, 44)	(448, 616, 66, 44)	(514, 616, 48, 44)	(562, 616, 63, 44)	(625, 616, 112, 44)	(737, 616, 56, 44)	(793, 616, 51, 44)	(844, 616, 61, 44)
(46, 673, 105, 44)	(151, 673, 49, 44)	(200, 673, 45, 44)	(245, 673, 144, 44)	(389, 673, 61, 44)	(450, 673, 121, 44)	(571, 673, 113, 44)	(684, 673, 37, 44)	(721, 673, 132, 44)	(853, 673, 61, 44)
>>> slide 6
(46, 46, 73, 44)	(119, 46, 48, 44)	(167, 46, 139, 44)	(306, 46, 33, 44)	(339, 46, 83, 44)	(422, 46, 123, 44)	(545, 46, 45, 44)	(590, 46, 177, 44)	(767, 46, 135, 44)	(902, 46, 57, 44)
(46, 103, 45, 44)	(91, 103, 170, 44)	(261, 103, 48, 44)	(309, 103, 141, 44)	(450, 103, 182, 44)	(632, 103, 68, 44)	(700, 103, 78, 44)	(778, 103, 56, 44)	(834, 103, 45, 44)
(46, 160, 93, 44)	(139, 160, 48, 44)	(187, 160, 141, 44)	(328, 160, 51, 44)	(379, 160, 90, 44)	(469, 160, 50, 44)	(519, 160, 202, 44)	(721, 160, 70, 44)	(791, 160, 56, 44)	(847, 160, 80, 44)
(46, 217, 49, 44)	(95, 217, 79, 44)	(174, 217, 56, 44)	(230, 217, 138, 44)	(368, 217, 51, 44)	(419, 217, 61, 44)	(480, 217, 105, 44)	(585, 217, 49, 44)	(634, 217, 56, 44)	(690, 217, 99, 44)	(789, 217, 124, 44)
(46, 274, 68, 44)	(114, 274, 113, 44)	(227, 274, 49, 44)	(276, 274, 45, 44)	(321, 274, 78, 44)	(399, 274, 67, 44)	(466, 274, 180, 44)	(646, 274, 57, 44)	(703, 274, 48, 44)	(751, 274, 128, 44)
(46, 331, 121, 44)	(167, 331, 132, 44)	(299, 331, 39, 44)	(338, 331, 79, 44)	(417, 331, 74, 44)	(491, 331, 57, 44)	(548, 331, 83, 44)	(631, 331, 162, 44)	(793, 331, 56, 44)	(849, 331, 57, 44)
(46, 388, 67, 44)	(113, 388, 39, 44)	(152, 388, 96, 44)	(248, 388, 117, 44)	(365, 388, 54, 44)	(419, 388, 81, 44)	(500, 388, 32, 44)	(532, 388, 96, 44)	(628, 388, 104, 44)	(732, 388, 81, 44)	(813, 388, 61, 44)	(874, 388, 49, 44)
(46, 445, 79, 44)	(125, 445, 106, 44)	(231, 445, 107, 44)	(338, 445, 37, 44)	(375, 445, 87, 44)	(462, 445, 75, 44)	(537, 445, 91, 44)	(628, 445, 53, 44)	(681, 445, 85, 44)	(766, 445, 48, 44)
(46, 502, 266, 44)	(312, 502, 75, 44)	(387, 502, 61, 44)	(448, 502, 50, 44)	(498, 502, 115, 44)	(613, 502, 185, 44)	(798, 502, 131, 44)
(46, 559, 92, 44)	(138, 559, 49, 44)	(187, 559, 192, 44)	(379, 559, 196, 44)	(575, 559, 207, 44)	(782, 559, 120, 44)
(46, 616, 81, 44)	(127, 616, 39, 44)	(166, 616, 149, 44)
