>>> slide 0
(50, 51, 50, 34)	(100, 51, 106, 34)	(206, 51, 64, 34)	(270, 51, 45, 34)	(315, 51, 138, 34)	(453, 51, 173, 34)	(626, 51, 39, 34)	(665, 51, 167, 34)	(832, 51, 122, 34)
(50, 108, 130, 34)	(180, 108, 48, 34)	(228, 108, 99, 34)	(327, 108, 208, 34)	(535, 108, 39, 34)	(574, 108, 33, 34)	(607, 108, 57, 34)	(664, 108, 128, 34)	(792, 108, 107, 34)	(899, 108, 50, 34)
(50, 165, 112, 34)	(162, 165, 83, 34)	(245, 165, 56, 34)	(301, 165, 33, 34)	(334, 165, 73, 34)	(407, 165, 176, 34)	(583, 165, 78, 34)	(661, 165, 105, 34)	(766, 165, 149, 34)	(915, 165, 39, 34)
(50, 222, 52, 34)	(102, 222, 232, 34)	(334, 222, 62, 34)	(396, 222, 67, 34)	(463, 222, 220, 34)	(683, 222, 122, 34)	(805, 222, 139, 34)
(50, 279, 76, 34)	(126, 279, 54, 34)	(180, 279, 141, 34)	(321, 279, 69, 34)	(390, 279, 48, 34)	(438, 279, 123, 34)	(561, 279, 64, 34)	(625, 279, 181, 34)	(806, 279, 85, 34)
(50, 336, 114, 34)	(164, 336, 49, 34)	(213, 336, 41, 34)	(254, 336, 131, 34)	(385, 336, 69, 34)	(454, 336, 151, 34)	(605, 336, 72, 34)	(677, 336, 39, 34)	(716, 336, 57, 34)	(773, 336, 33, 34)	(806, 336, 100, 34)	(906, 336, 52, 34)
(50, 393, 115, 34)	(165, 393, 116, 34)	(281, 393, 128, 34)	(409, 393, 104, 34)	(513, 393, 50, 34)	(563, 393, 225, 34)	(788, 393, 87, 34)	(875, 393, 57, 34)
(50, 450, 267, 34)	(317, 450, 182, 34)	(499, 450, 49, 34)	(548, 450, 240, 34)	(788, 450, 84, 34)	(872, 450, 94, 34)
(50, 507, 39, 34)	(89, 507, 50, 34)	(139, 507, 48, 34)	(187, 507, 131, 34)	(318, 507, 141, 34)	(459, 507, 89, 34)	(548, 507, 167, 34)	(715, 507, 79, 34)	(794, 507, 153, 34)
(50, 564, 83, 34)	(133, 564, 62, 34)	(195, 564, 150, 34)	(345, 564, 39, 34)	(384, 564, 137, 34)	(521, 564, 53, 34)	(574, 564, 32, 34)	(606, 564, 52, 34)	(658, 564, 73, 34)	(731, 564, 91, 34)	(822, 564, 50, 34)	(872, 564, 53, 34)
(50, 621, 89, 34)	(139, 621, 156, 34)	(295, 621, 66, 34)	(361, 621, 162, 34)	(523, 621, 60, 34)	(583, 621, 56, 34)	(639, 621, 45, 34)	(684, 621, 88, 34)	(772, 621, 130, 34)
(50, 678, 130, 34)	(180, 678, 79, 34)	(259, 678, 110, 34)	(369, 678, 57, 34)	(426, 678, 48, 34)	(474, 678, 79, 34)	(553, 678, 208, 34)	(761, 678, 146, 34)	(907, 678, 60, 34)
>>> slide 1
(50, 51, 34, 34)	(84, 51, 79, 34)	(163, 51, 139, 34)	(302, 51, 45, 34)	(347, 51, 88, 34)	(435, 51, 49, 34)	(484, 51, 48, 34)	(532, 51, 106, 34)	(638, 51, 77, 34)	(715, 51, 50, 34)	(765, 51, 48, 34)	(813, 51, 131, 34)
(50, 108, 149, 34)	(199, 108, 39, 34)	(238, 108, 58, 34)	(296, 108, 159, 34)	(455, 108, 33, 34)	(488, 108, 81, 34)	(569, 108, 32, 34)	(601, 108, 126, 34)	(727, 108, 57, 34)	(784, 108, 127, 34)
(50, 165, 181, 34)	(231, 165, 33, 34)	(264, 165, 73, 34)	(337, 165, 104, 34)	(441, 165, 47, 34)	(488, 165, 96, 34)	(584, 165, 167, 34)	(751, 165, 108, 34)	(859, 165, 45, 34)
(50, 222, 136, 34)	(186, 222, 53, 34)	(239, 222, 31, 34)	(270, 222, 56, 34)	(326, 222, 65, 34)	(391, 222, 72, 34)	(463, 222, 42, 34)	(505, 222, 166, 34)	(671, 222, 105, 34)	(776, 222, 42, 34)	(818, 222, 57, 34)	(875, 222, 48, 34)
(50, 279, 127, 34)	(177, 279, 127, 34)	(304, 279, 66, 34)	(370, 279, 68, 34)	(438, 279, 144, 34)	(582, 279, 180, 34)	(762, 279, 39, 34)	(801, 279, 58, 34)	(859, 279, 57, 34)
(50, 336, 70, 34)	(120, 336, 72, 34)	(192, 336, 117, 34)	(309, 336, 107, 34)	(416, 336, 87, 34)	(503, 336, 53, 34)	(556, 336, 45, 34)	(601, 336, 248, 34)	(849, 336, 86, 34)
(50, 393, 88, 34)	(138, 393, 90, 34)	(228, 393, 49, 34)	(277, 393, 48, 34)	(325, 393, 78, 34)	(403, 393, 78, 34)	(481, 393, 48, 34)	(529, 393, 96, 34)	(625, 393, 51, 34)	(676, 393, 96, 34)	(772, 393, 121, 34)	(893, 393, 37, 34)
(50, 450, 106, 34)	(156, 450, 65, 34)	(221, 450, 82, 34)	(303, 450, 151, 34)	(454, 450, 80, 34)	(534, 450, 33, 34)	(567, 450, 67, 34)	(634, 450, 52, 34)	(686, 450, 67, 34)	(753, 450, 33, 34)	(786, 450, 80, 34)	(866, 450, 106, 34)
(50, 507, 168, 34)	(218, 507, 68, 34)	(286, 507, 39, 34)	(325, 507, 45, 34)	(370, 507, 125, 34)	(495, 507, 119, 34)	(614, 507, 49, 34)	(663, 507, 40, 34)	(703, 507, 18, 34)	(721, 507, 82, 34)	(803, 507, 33, 34)	(836, 507, 72, 34)
(50, 564, 151, 34)	(201, 564, 94, 34)	(295, 564, 18, 34)	(313, 564, 72, 34)	(385, 564, 41, 34)	(426, 564, 283, 34)	(709, 564, 107, 34)	(816, 564, 91, 34)	(907, 564, 50, 34)
(50, 621, 164, 34)	(214, 621, 33, 34)	(247, 621, 106, 34)	(353, 621, 66, 34)	(419, 621, 59, 34)	(478, 621, 116, 34)	(594, 621, 53, 34)	(647, 621, 57, 34)	(704, 621, 88, 34)
(50, 678, 201, 34)	(251, 678, 116, 34)	(367, 678, 154, 34)	(521, 678, 57, 34)	(578, 678, 204, 34)	(782, 678, 113, 34)	(895, 678, 39, 34)
>>> slide 2
(50, 51, 57, 34)	(107, 51, 54, 34)	(161, 51, 48, 34)	(209, 51, 107, 34)	(316, 51, 92, 34)	(408, 51, 113, 34)	(521, 51, 96, 34)	(617, 51, 78, 34)	(695, 51, 146, 34)	(841, 51, 45, 34)	(886, 51, 73, 34)
(50, 108, 166, 34)	(216, 108, 115, 34)	(331, 108, 123, 34)	(454, 108, 96, 34)	(550, 108, 41, 34)	(591, 108, 57, 34)	(648, 108, 48, 34)	(696, 108, 80, 34)	(776, 108, 67, 34)	(843, 108, 96, 34)
(50, 165, 131, 34)	(181, 165, 106, 34)	(287, 165, 50, 34)	(337, 165, 140, 34)	(477, 165, 48, 34)	(525, 165, 82, 34)	(607, 165, 100, 34)	(707, 165, 53, 34)	(760, 165, 54, 34)	(814, 165, 77, 34)	(891, 165, 78, 34)
(50, 222, 217, 34)	(267, 222, 167, 34)	(434, 222, 158, 34)	(592, 222, 50, 34)	(642, 222, 45, 34)	(687, 222, 128, 34)	(815, 222, 121, 34)
(50, 279, 140, 34)	(190, 279, 49, 34)	(239, 279, 45, 34)	(284, 279, 78, 34)	(362, 279, 104, 34)	(466, 279, 39, 34)	(505, 279, 32, 34)	(537, 279, 72, 34)	(609, 279, 67, 34)	(676, 279, 138, 34)	(814, 279, 51, 34)
(50, 336, 136, 34)	(186, 336, 250, 34)	(436, 336, 79, 34)	(515, 336, 85, 34)	(600, 336, 18, 34)	(618, 336, 61, 34)	(679, 336, 104, 34)	(783, 336, 61, 34)
(50, 393, 159, 34)	(209, 393, 68, 34)	(277, 393, 77, 34)	(354, 393, 194, 34)	(548, 393, 167, 34)	(715, 393, 161, 34)	(876, 393, 88, 34)
(50, 450, 45, 34)	(95, 450, 110, 34)	(205, 450, 48, 34)	(253, 450, 65, 34)	(318, 450, 67, 34)	(385, 450, 48, 34)	(433, 450, 55, 34)	(488, 450, 48, 34)	(536, 450, 132, 34)	(668, 450, 67, 34)	(735, 450, 204, 34)
(50, 507, 82, 34)	(132, 507, 91, 34)	(223, 507, 71, 34)	(294, 507, 56, 34)	(350, 507, 45, 34)	(395, 507, 65, 34)	(460, 507, 88, 34)	(548, 507, 71, 34)	(619, 507, 162, 34)	(781, 507, 33, 34)	(814, 507, 53, 34)
(50, 564, 130, 34)	(180, 564, 56, 34)	(236, 564, 83, 34)	(319, 564, 48, 34)	(367, 564, 144, 34)	(511, 564, 37, 34)	(548, 564, 144, 34)	(692, 564, 49, 34)	(741, 564, 72, 34)	(813, 564, 41, 34)
(50, 621, 123, 34)	(173, 621, 138, 34)	(311, 621, 37, 34)	(348, 621, 106, 34)	(454, 621, 94, 34)	(548, 621, 32, 34)	(580, 621, 61, 34)	(641, 621, 104, 34)	(745, 621, 48, 34)	(793, 621, 128, 34)
(50, 678, 121, 34)	(171, 678, 62, 34)	(233, 678, 68, 34)	(301, 678, 168, 34)	(469, 678, 95, 34)	(564, 678, 72, 34)	(636, 678, 161, 34)	(797, 678, 49, 34)	(846, 678, 113, 34)
>>> slide 3
(50, 51, 49, 34)	(99, 51, 45, 34)	(144, 51, 86, 34)	(230, 51, 94, 34)	(324, 51, 32, 34)	(356, 51, 72, 34)	(428, 51, 136, 34)	(564, 51, 117, 34)	(681, 51, 47, 34)	(728, 51, 53, 34)	(781, 51, 132, 34)	(913, 51, 54, 34)
(50, 108, 119, 34)	(169, 108, 48, 34)	(217, 108, 166, 34)	(383, 108, 149, 34)	(532, 108, 48, 34)	(580, 108, 77, 34)	(657, 108, 208, 34)	(865, 108, 18, 34)	(883, 108, 50, 34)
(50, 165, 70, 34)	(120, 165, 67, 34)	(187, 165, 100, 34)	(287, 165, 182, 34)	(469, 165, 18, 34)	(487, 165, 64, 34)	(551, 165, 32, 34)	(583, 165, 33, 34)	(616, 165, 126, 34)	(742, 165, 85, 34)	(827, 165, 72, 34)	(899, 165, 71, 34)
(50, 222, 145, 34)	(195, 222, 49, 34)	(244, 222, 76, 34)	(320, 222, 49, 34)	(369, 222, 50, 34)	(419, 222, 162, 34)	(581, 222, 37, 34)	(618, 222, 134, 34)	(752, 222, 53, 34)	(805, 222, 69, 34)	(874, 222, 48, 34)
(50, 279, 113, 34)	(163, 279, 62, 34)	(225, 279, 72, 34)	(297, 279, 33, 34)	(330, 279, 48, 34)	(378, 279, 202, 34)	(580, 279, 78, 34)	(658, 279, 138, 34)	(796, 279, 76, 34)	(872, 279, 57, 34)
(50, 336, 196, 34)	(246, 336, 110, 34)	(356, 336, 82, 34)	(438, 336, 49, 34)	(487, 336, 45, 34)	(532, 336, 160, 34)	(692, 336, 57, 34)
(50, 393, 349, 34)	(399, 393, 117, 34)	(516, 393, 70, 34)	(586, 393, 33, 34)	(619, 393, 61, 34)	(680, 393, 45, 34)	(725, 393, 163, 34)	(888, 393, 50, 34)
(50, 450, 48, 34)	(98, 450, 141, 34)	(239, 450, 57, 34)	(296, 450, 45, 34)	(341, 450, 131, 34)	(472, 450, 169, 34)	(641, 450, 48, 34)	(689, 450, 141, 34)	(830, 450, 41, 34)	(871, 450, 31, 34)
(50, 507, 121, 34)	(171, 507, 57, 34)	(228, 507, 45, 34)	(273, 507, 173, 34)	(446, 507, 110, 34)	(556, 507, 86, 34)	(642, 507, 106, 34)	(748, 507, 50, 34)	(798, 507, 176, 34)
(50, 564, 64, 34)	(114, 564, 73, 34)	(187, 564, 167, 34)	(354, 564, 100, 34)	(454, 564, 100, 34)	(554, 564, 52, 34)	(606, 564, 67, 34)	(673, 564, 86, 34)	(759, 564, 62, 34)
(50, 621, 172, 34)	(222, 621, 34, 34)	(256, 621, 139, 34)	(395, 621, 64, 34)	(459, 621, 53, 34)	(512, 621, 47, 34)	(559, 621, 72, 34)	(631, 621, 57, 34)	(688, 621, 183, 34)
(50, 678, 196, 34)	(246, 678, 78, 34)	(324, 678, 45, 34)	(369, 678, 45, 34)	(414, 678, 113, 34)	(527, 678, 176, 34)	(703, 678, 67, 34)	(770, 678, 77, 34)	(847, 678, 49, 34)
>>> slide 4
(50, 51, 81, 34)	(131, 51, 162, 34)	(293, 51, 57, 34)	(350, 51, 201, 34)	(551, 51, 93, 34)	(644, 51, 112, 34)	(756, 51, 48, 34)	(804, 51, 150, 34)
(50, 108, 191, 34)	(241, 108, 248, 34)	(489, 108, 57, 34)	(546, 108, 231, 34)	(777, 108, 89, 34)	(866, 108, 90, 34)
(50, 165, 39, 34)	(89, 165, 45, 34)	(134, 165, 264, 34)	(398, 165, 127, 34)	(525, 165, 104, 34)	(629, 165, 81, 34)	(710, 165, 143, 34)	(853, 165, 48, 34)
(50, 222, 162, 34)	(212, 222, 72, 34)	(284, 222, 165, 34)	(449, 222, 117, 34)	(566, 222, 71, 34)	(637, 222, 77, 34)	(714, 222, 162, 34)
(50, 279, 205, 34)	(255, 279, 229, 34)	(484, 279, 62, 34)	(546, 279, 177, 34)	(723, 279, 236, 34)
(50, 336, 68, 34)	(118, 336, 71, 34)	(189, 336, 98, 34)	(287, 336, 48, 34)	(335, 336, 52, 34)	(387, 336, 33, 34)	(420, 336, 162, 34)	(582, 336, 37, 34)	(619, 336, 65, 34)	(684, 336, 90, 34)	(774, 336, 92, 34)
(50, 393, 110, 34)	(160, 393, 42, 34)	(202, 393, 108, 34)	(310, 393, 96, 34)	(406, 393, 53, 34)	(459, 393, 45, 34)	(504, 393, 47, 34)	(551, 393, 103, 34)	(654, 393, 61, 34)	(715, 393, 76, 34)	(791, 393, 45, 34)	(836, 393, 51, 34)
(50, 450, 200, 34)	(250, 450, 97, 34)	(347, 450, 83, 34)	(430, 450, 79, 34)	(509, 450, 83, 34)	(592, 450, 234, 34)	(826, 450, 85, 34)	(911, 450, 52, 34)
(50, 507, 73, 34)	(123, 507, 75, 34)	(198, 507, 133, 34)	(331, 507, 45, 34)	(376, 507, 136, 34)	(512, 507, 50, 34)	(562, 507, 75, 34)	(637, 507, 202, 34)	(839, 507, 66, 34)
(50, 564, 73, 34)	(123, 564, 50, 34)	(173, 564, 59, 34)	(232, 564, 150, 34)	(382, 564, 134, 34)	(516, 564, 50, 34)	(566, 564, 88, 34)	(654, 564, 45, 34)	(699, 564, 126, 34)
(50, 621, 154, 34)	(204, 621, 51, 34)	(255, 621, 68, 34)	(323, 621, 178, 34)	(501, 621, 234, 34)	(735, 621, 120, 34)
(50, 678, 136, 34)	(186, 678, 149, 34)	(335, 678, 37, 34)	(372, 678, 132, 34)	(504, 678, 66, 34)	(570, 678, 106, 34)	(676, 678, 60, 34)	(736, 678, 92, 34)	(828, 678, 48, 34)
>>> slide 5
(50, 51, 210, 34)	(260, 51, 48, 34)	(308, 51, 266, 34)	(574, 51, 33, 34)	(607, 51, 113, 34)	(720, 51, 49, 34)	(769, 51, 48, 34)	(817, 51, 48, 34)
(50, 108, 159, 34)	(209, 108, 33, 34)	(242, 108, 166, 34)	(408, 108, 90, 34)	(498, 108, 80, 34)	(578, 108, 57, 34)	(635, 108, 18, 34)	(653, 108, 133, 34)	(786, 108, 130, 34)	(916, 108, 18, 34)
(50, 165, 252, 34)	(302, 165, 50, 34)	(352, 165, 123, 34)	(475, 165, 57, 34)	(532, 165, 65, 34)	(597, 165, 117, 34)	(714, 165, 146, 34)	(860, 165, 54, 34)	(914, 165, 57, 34)
(50, 222, 148, 34)	(198, 222, 47, 34)	(245, 222, 122, 34)	(367, 222, 73, 34)	(440, 222, 32, 34)	(472, 222, 107, 34)	(579, 222, 72, 34)	(651, 222, 252, 34)
(50, 279, 113, 34)	(163, 279, 39, 34)	(202, 279, 39, 34)	(241, 279, 78, 34)	(319, 279, 170, 34)	(489, 279, 53, 34)	(542, 279, 56, 34)	(598, 279, 48, 34)	(646, 279, 139, 34)	(785, 279, 161, 34)
(50, 336, 87, 34)	(137, 336, 48, 34)	(185, 336, 128, 34)	(313, 336, 121, 34)	(434, 336, 124, 34)	(558, 336, 72, 34)	(630, 336, 57, 34)	(687, 336, 86, 34)	(773, 336, 48, 34)	(821, 336, 139, 34)
(50, 393, 41, 34)	(91, 393, 123, 34)	(214, 393, 154, 34)	(368, 393, 45, 34)	(413, 393, 67, 34)	(480, 393, 218, 34)	(698, 393, 85, 34)	(783, 393, 90, 34)	(873, 393, 45, 34)
(50, 450, 180, 34)	(230, 450, 75, 34)	(305, 450, 164, 34)	(469, 450, 62, 34)	(531, 450, 144, 34)	(675, 450, 146, 34)	(821, 450, 37, 34)
(50, 507, 146, 34)	(196, 507, 54, 34)	(250, 507, 45, 34)	(295, 507, 93, 34)	(388, 507, 91, 34)	(479, 507, 50, 34)	(529, 507, 45, 34)	(574, 507, 91, 34)	(665, 507, 160, 34)	(825, 507, 37, 34)
(50, 564, 165, 34)	(215, 564, 57, 34)	(272, 564, 232, 34)	(504, 564, 54, 34)	(558, 564, 45, 34)	(603, 564, 92, 34)	(695, 564, 78, 34)	(773, 564, 61, 34)	(834, 564, 58, 34)
(50, 621, 131, 34)	(181, 621, 49, 34)	(230, 621, 48, 34)	(278, 621, 106, 34)	(384, 621, 68, 34)	(452, 621, 66, 34)	(518, 621, 48, 34)	(566, 621, 63, 34)	(629, 621, 112, 34)	(741, 621, 56, 34)	(797, 621, 51, 34)	(848, 621, 61, 34)
(50, 678, 105, 34)	(155, 678, 49, 34)	(204, 678, 45, 34)	(249, 678, 144, 34)	(393, 678, 61, 34)	(454, 678, 121, 34)	(575, 678, 113, 34)	(688, 678, 37, 34)	(725, 678, 132, 34)	(857, 678, 61, 34)
>>> slide 6
(50, 51, 73, 34)	(123, 51, 48, 34)	(171, 51, 139, 34)	(310, 51, 33, 34)	(343, 51, 83, 34)	(426, 51, 123, 34)	(549, 51, 45, 34)	(594, 51, 177, 34)	(771, 51, 135, 34)	(906, 51, 57, 34)
(50, 108, 45, 34)	(95, 108, 170, 34)	(265, 108, 48, 34)	(313, 108, 141, 34)	(454, 108, 182, 34)	(636, 108, 68, 34)	(704, 108, 78, 34)	(782, 108, 56, 34)	(838, 108, 45, 34)
(50, 165, 93, 34)	(143, 165, 48, 34)	(191, 165, 141, 34)	(332, 165, 51, 34)	(383, 165, 90, 34)	(473, 165, 50, 34)	(523, 165, 202, 34)	(725, 165, 70, 34)	(795, 165, 56, 34)	(851, 165, 80, 34)
(50, 222, 49, 34)	(99, 222, 79, 34)	(178, 222, 56, 34)	(234, 222, 138, 34)	(372, 222, 51, 34)	(423, 222, 61, 34)	(484, 222, 105, 34)	(589, 222, 49, 34)	(638, 222, 56, 34)	(694, 222, 99, 34)	(793, 222, 124, 34)
(50, 279, 68, 34)	(118, 279, 113, 34)	(231, 279, 49, 34)	(280, 279, 45, 34)	(325, 279, 78, 34)	(403, 279, 67, 34)	(470, 279, 180, 34)	(650, 279, 57, 34)	(707, 279, 48, 34)	(755, 279, 128, 34)
(50, 336, 121, 34)	(171, 336, 132, 34)	(303, 336, 39, 34)	(342, 336, 79, 34)	(421, 336, 74, 34)	(495, 336, 57, 34)	(552, 336, 83, 34)	(635, 336, 162, 34)	(797, 336, 56, 34)	(853, 336, 57, 34)
(50, 393, 67, 34)	(117, 393, 39, 34)	(156, 393, 96, 34)	(252, 393, 117, 34)	(369, 393, 54, 34)	(423, 393, 81, 34)	(504, 393, 32, 34)	(536, 393, 96, 34)	(632, 393, 104, 34)	(736, 393, 81, 34)	(817, 393, 61, 34)	(878, 393, 49, 34)
(50, 450, 79, 34)	(129, 450, 106, 34)	(235, 450, 107, 34)	(342, 450, 37, 34)	(379, 450, 87, 34)	(466, 450, 75, 34)	(541, 450, 91, 34)	(632, 450, 53, 34)	(685, 450, 85, 34)	(770, 450, 48, 34)
(50, 507, 266, 34)	(316, 507, 75, 34)	(391, 507, 61, 34)	(452, 507, 50, 34)	(502, 507, 115, 34)	(617, 507, 185, 34)	(802, 507, 131, 34)
(50, 564, 92, 34)	(142, 564, 49, 34)	(191, 564, 192, 34)	(383, 564, 196, 34)	(579, 564, 207, 34)	(786, 564, 120, 34)
(50, 621, 81, 34)	(131, 621, 39, 34)	(170, 621, 149, 34)
