[BeGaze]
Converted from:	C:\Program Files\SMI\Experiment Suite 360\Experiment Center 2\Results\Readability_First_01\P02-eye_data.idf
Date:	02.08.2013 11:27:24
Version:	BeGaze 3.2.28
Sample Rate:	120
Subject:	P02
Description:	Run2

Table Header for Fixations:
Event Type	Trial	Number	Start	End	Duration	Location X	Location Y	Dispersion X	Dispersion Y	Plane	Avg. Pupil Size X	Avg. Pupil Size Y


Fixation L	1	1	4438764097	4438897576	133479	325.61	80.86	16	30	-1	10.12	10.12
Fixation R	1	1	4438764097	4438897576	133479	325.61	80.86	16	30	-1	10.95	10.95
Fixation L	1	2	4438914200	4439256315	342115	120.21	70.78	27	27	-1	9.88	9.88
Fixation R	1	2	4438914200	4439256315	342115	120.21	70.78	27	27	-1	10.65	10.65
Fixation L	1	3	4439264692	4439456560	191868	207.80	61.84	31	37	-1	9.79	9.79
Fixation R	1	3	4439264692	4439456560	191868	207.80	61.84	31	37	-1	10.46	10.46
Fixation L	1	4	4439464940	4439757056	292116	347.35	48.06	70	20	-1	9.90	9.90
Fixation R	1	4	4439464940	4439757056	292116	347.35	48.06	70	20	-1	10.40	10.40
Fixation L	1	5	4439765312	4439948935	183623	428.38	51.70	27	11	-1	9.82	9.82
Fixation R	1	5	4439765312	4439948935	183623	428.38	51.70	27	11	-1	10.42	10.42
Fixation L	1	6	4439957309	4440157558	200249	589.52	38.62	21	16	-1	9.81	9.81
Fixation R	1	6	4439957309	4440157558	200249	589.52	38.62	21	16	-1	10.34	10.34
Fixation L	1	7	4440165929	4440591422	425493	689.55	50.46	26	26	-1	9.96	9.96
Fixation R	1	7	4440165929	4440591422	425493	689.55	50.46	26	26	-1	10.37	10.37
Fixation L	1	8	4440599795	4441058787	458992	798.11	46.30	55	26	-1	9.93	9.93
Fixation R	1	8	4440599795	4441058787	458992	798.11	46.30	55	26	-1	10.26	10.26
Fixation L	1	9	4441067166	4441267420	200254	880.36	56.31	26	20	-1	10.05	10.05
Fixation R	1	9	4441067166	4441267420	200254	880.36	56.31	26	20	-1	10.44	10.44
Fixation L	1	10	4441325785	4441617782	291997	118.26	126.77	29	29	-1	10.24	10.24
Fixation R	1	10	4441325785	4441617782	291997	118.26	126.77	29	29	-1	10.92	10.92
Fixation L	1	11	4441626152	4441776402	150250	333.05	117.17	87	12	-1	10.55	10.55
Fixation R	1	11	4441626152	4441776402	150250	333.05	117.17	87	12	-1	10.90	10.90
Fixation L	1	12	4441784777	4442018401	233624	314.71	110.70	52	43	-1	10.40	10.40
Fixation R	1	12	4441784777	4442018401	233624	314.71	110.70	52	43	-1	10.83	10.83
Fixation L	1	13	4442026772	4442193647	166875	434.74	84.25	45	12	-1	10.27	10.27
Fixation R	1	13	4442026772	4442193647	166875	434.74	84.25	45	12	-1	10.67	10.67
Fixation L	1	14	4442202022	4442502392	300370	581.76	98.72	67	31	-1	10.18	10.18
Fixation R	1	14	4442202022	4442502392	300370	581.76	98.72	67	31	-1	10.63	10.63
Fixation L	1	15	4442510765	4442886262	375497	650.61	118.34	53	21	-1	10.07	10.07
Fixation R	1	15	4442510765	4442886262	375497	650.61	118.34	53	21	-1	10.56	10.56
Fixation L	1	16	4442894512	4443144880	250368	819.50	122.36	65	20	-1	10.19	10.19
Fixation R	1	16	4442894512	4443144880	250368	819.50	122.36	65	20	-1	10.67	10.67
Fixation L	1	17	4443153257	4443311753	158496	905.58	121.52	31	8	-1	10.38	10.38
Fixation R	1	17	4443153257	4443311753	158496	905.58	121.52	31	8	-1	10.76	10.76
Fixation L	1	18	4443361878	4443528751	166873	215.00	186.52	61	32	-1	10.25	10.25
Fixation R	1	18	4443361878	4443528751	166873	215.00	186.52	61	32	-1	11.17	11.17
Fixation L	1	19	4443537126	4443820749	283623	121.10	192.07	58	21	-1	10.21	10.21
Fixation R	1	19	4443537126	4443820749	283623	121.10	192.07	58	21	-1	10.98	10.98
Fixation L	1	20	4443837498	4444004371	166873	313.83	178.65	14	8	-1	10.34	10.34
Fixation R	1	20	4443837498	4444004371	166873	313.83	178.65	14	8	-1	10.79	10.79
Fixation L	1	21	4444012747	4444546735	533988	410.54	171.58	72	22	-1	10.26	10.26
Fixation R	1	21	4444012747	4444546735	533988	410.54	171.58	72	22	-1	10.68	10.68
Fixation L	1	22	4444555111	4444772111	217000	261.09	171.61	74	12	-1	10.24	10.24
Fixation R	1	22	4444555111	4444772111	217000	261.09	171.61	74	12	-1	10.71	10.71
Fixation L	1	23	4444813855	4444988981	175126	203.12	185.30	48	27	-1	10.19	10.19
Fixation R	1	23	4444813855	4444988981	175126	203.12	185.30	48	27	-1	10.75	10.75
Fixation L	1	24	4445005733	4445172609	166876	505.86	183.44	75	21	-1	10.46	10.46
Fixation R	1	24	4445005733	4445172609	166876	505.86	183.44	75	21	-1	10.81	10.81
Fixation L	1	25	4445180972	4445422975	242003	644.70	180.98	84	12	-1	10.30	10.30
Fixation R	1	25	4445180972	4445422975	242003	644.70	180.98	84	12	-1	10.73	10.73
Fixation L	1	26	4445431344	4445639843	208499	743.15	160.29	75	22	-1	10.02	10.02
Fixation R	1	26	4445431344	4445639843	208499	743.15	160.29	75	22	-1	10.46	10.46
Fixation L	1	27	4445648216	4445940336	292120	767.73	175.01	30	24	-1	9.99	9.99
Fixation R	1	27	4445648216	4445940336	292120	767.73	175.01	30	24	-1	10.36	10.36
Fixation L	1	28	4445990335	4446173963	183628	909.37	186.23	80	17	-1	10.09	10.09
Fixation R	1	28	4445990335	4446173963	183628	909.37	186.23	80	17	-1	10.14	10.14
Fixation L	1	29	4446257462	4446415956	158494	722.96	172.41	74	22	-1	10.14	10.14
Fixation R	1	29	4446257462	4446415956	158494	722.96	172.41	74	22	-1	10.61	10.61
Fixation L	1	30	4446424335	4446607835	183500	659.80	176.29	27	19	-1	10.20	10.20
Fixation R	1	30	4446424335	4446607835	183500	659.80	176.29	27	19	-1	10.68	10.68
Fixation L	1	31	4446616201	4446791447	175246	819.53	172.76	50	11	-1	10.18	10.18
Fixation R	1	31	4446616201	4446791447	175246	819.53	172.76	50	11	-1	10.45	10.45
Fixation L	1	32	4446799823	4446966696	166873	891.62	171.70	22	15	-1	10.09	10.09
Fixation R	1	32	4446799823	4446966696	166873	891.62	171.70	22	15	-1	10.45	10.45
Fixation L	1	33	4447025075	4447317190	292115	137.38	255.39	42	27	-1	9.91	9.91
Fixation R	1	33	4447025075	4447317190	292115	137.38	255.39	42	27	-1	10.77	10.77
Fixation L	1	34	4447408940	4447617560	208620	161.32	242.57	82	10	-1	9.93	9.93
Fixation R	1	34	4447425694	4447617560	191866	156.33	242.17	82	8	-1	10.51	10.51
Fixation L	1	35	4447625939	4448093177	467238	255.18	232.64	26	11	-1	10.17	10.17
Fixation R	1	35	4447625939	4448093177	467238	255.18	232.64	26	11	-1	10.68	10.68
Fixation L	1	36	4448243426	4448326806	83380	210.60	216.12	84	13	-1	10.07	10.07
Fixation R	1	36	4448243426	4448326806	83380	210.60	216.12	84	13	-1	10.61	10.61
Fixation L	1	37	4448335177	4448885917	550740	251.14	224.86	47	24	-1	10.43	10.43
Fixation R	1	37	4448335177	4448885917	550740	251.14	224.86	47	24	-1	10.98	10.98
Fixation L	1	38	4448894291	4449653658	759367	336.71	236.56	79	20	-1	10.17	10.17
Fixation R	1	38	4448894291	4449653658	759367	336.71	236.56	79	20	-1	10.67	10.67
Fixation L	1	39	4449661908	4449828909	167001	345.30	230.69	7	11	-1	10.20	10.20
Fixation R	1	39	4449661908	4449828909	167001	345.30	230.69	7	11	-1	10.63	10.63
Fixation L	1	40	4449837154	4450037526	200372	513.45	225.09	53	13	-1	10.21	10.21
Fixation R	1	40	4449837154	4450037526	200372	513.45	225.09	53	13	-1	10.54	10.54
Fixation L	1	41	4450045777	4450304525	258748	625.66	217.28	48	7	-1	10.04	10.04
Fixation R	1	41	4450045777	4450304525	258748	625.66	217.28	48	7	-1	10.48	10.48
Fixation L	1	42	4450312901	4450471395	158494	689.72	212.19	12	5	-1	9.89	9.89
Fixation R	1	42	4450312901	4450471395	158494	689.72	212.19	12	5	-1	10.33	10.33
Fixation L	1	43	4450479773	4450788517	308744	772.50	211.74	31	12	-1	9.84	9.84
Fixation R	1	43	4450479773	4450788517	308744	772.50	211.74	31	12	-1	10.28	10.28
Fixation L	1	44	4450830268	4451047134	216866	164.03	311.26	57	41	-1	9.74	9.74
Fixation R	1	44	4450830268	4451047134	216866	164.03	311.26	57	41	-1	10.59	10.59
Fixation L	1	45	4451055512	4451255760	200248	135.98	304.72	77	9	-1	9.79	9.79
Fixation R	1	45	4451055512	4451255760	200248	135.98	304.72	77	9	-1	10.43	10.43
Fixation L	1	46	4451264128	4451414382	150254	236.31	285.65	10	18	-1	9.74	9.74
Fixation R	1	46	4451264128	4451414382	150254	236.31	285.65	10	18	-1	10.35	10.35
Fixation L	1	47	4451422629	4451856497	433868	334.36	284.95	31	10	-1	9.87	9.87
Fixation R	1	47	4451422629	4451856497	433868	334.36	284.95	31	10	-1	10.42	10.42
Fixation L	1	48	4451864872	4452040119	175247	451.82	286.40	38	9	-1	9.82	9.82
Fixation R	1	48	4451864872	4452040119	175247	451.82	286.40	38	9	-1	10.21	10.21
Fixation L	1	49	4452048493	4452165365	116872	528.51	282.69	16	13	-1	9.84	9.84
Fixation R	1	49	4452048493	4452165365	116872	528.51	282.69	16	13	-1	10.18	10.18
Fixation L	1	50	4452307240	4452766107	458867	626.12	283.55	84	11	-1	9.90	9.90
Fixation R	1	50	4452307240	4452766107	458867	626.12	283.55	84	11	-1	10.43	10.43
Fixation L	1	51	4452774487	4453124981	350494	782.52	282.83	36	4	-1	9.80	9.80
Fixation R	1	51	4452774487	4453124981	350494	782.52	282.83	36	4	-1	10.30	10.30
Fixation L	1	52	4453133352	4453759092	625740	872.11	282.39	79	11	-1	10.06	10.06
Fixation R	1	52	4453133352	4453759092	625740	872.11	282.39	79	11	-1	10.54	10.54
Fixation L	1	53	4453809218	4454092963	283745	171.86	351.54	76	21	-1	9.96	9.96
Fixation R	1	53	4453809218	4454092963	283745	171.86	351.54	76	21	-1	10.79	10.79
Fixation L	1	54	4454101219	4454284836	183617	110.46	358.03	27	5	-1	9.97	9.97
Fixation R	1	54	4454101219	4454284836	183617	110.46	358.03	27	5	-1	10.57	10.57
Fixation L	1	55	4454401711	4454593582	191871	173.19	343.95	36	25	-1	10.10	10.10
Fixation R	1	55	4454401711	4454593582	191871	173.19	343.95	36	25	-1	10.63	10.63
Fixation L	1	56	4454601965	4455336199	734234	327.13	333.88	76	22	-1	10.23	10.23
Fixation R	1	56	4454601965	4455336199	734234	327.13	333.88	76	22	-1	10.80	10.80
Fixation L	1	57	4455344568	4455578198	233630	445.13	334.90	50	11	-1	9.91	9.91
Fixation R	1	57	4455344568	4455578198	233630	445.13	334.90	50	11	-1	10.46	10.46
Fixation L	1	58	4455586565	4455928690	342125	608.64	334.23	41	17	-1	9.82	9.82
Fixation R	1	58	4455586565	4455928690	342125	608.64	334.23	41	17	-1	10.55	10.55
Fixation L	1	59	4455937069	4456504431	567362	709.66	335.60	80	19	-1	10.01	10.01
Fixation R	1	59	4455937069	4456504431	567362	709.66	335.60	80	19	-1	10.60	10.60
Fixation L	1	60	4456612926	4456921670	308744	143.73	401.66	70	22	-1	9.98	9.98
Fixation R	1	60	4456612926	4456921670	308744	143.73	401.66	70	22	-1	10.64	10.64
Fixation L	1	61	4456930049	4457080300	150251	229.07	393.47	33	12	-1	10.11	10.11
Fixation R	1	61	4456930049	4457080300	150251	229.07	393.47	33	12	-1	10.69	10.69
Fixation L	1	62	4457180415	4457322293	141878	158.32	389.94	42	6	-1	10.06	10.06
Fixation R	1	62	4457188791	4457322293	133502	160.10	389.74	42	6	-1	10.33	10.33
Fixation L	1	63	4457330540	4457597662	267122	326.70	387.49	76	21	-1	10.13	10.13
Fixation R	1	63	4457330540	4457597662	267122	326.70	387.49	76	21	-1	10.71	10.71
Fixation L	1	64	4457605910	4458089903	483993	422.71	400.58	81	12	-1	10.04	10.04
Fixation R	1	64	4457605910	4458089903	483993	422.71	400.58	81	12	-1	10.63	10.63
Fixation L	1	65	4458098281	4458365274	266993	510.33	404.42	75	22	-1	10.07	10.07
Fixation R	1	65	4458098281	4458365274	266993	510.33	404.42	75	22	-1	10.70	10.70
Fixation L	1	66	4458373651	4458548902	175251	569.19	406.82	69	6	-1	10.02	10.02
Fixation R	1	66	4458373651	4458548902	175251	569.19	406.82	69	6	-1	10.53	10.53
Fixation L	1	67	4458557272	4458899393	342121	702.66	397.17	23	14	-1	9.88	9.88
Fixation R	1	67	4458557272	4458899393	342121	702.66	397.17	23	14	-1	10.46	10.46
Fixation L	1	68	4458907766	4459183136	275370	827.22	398.65	22	14	-1	9.89	9.89
Fixation R	1	68	4458907766	4459183136	275370	827.22	398.65	22	14	-1	10.34	10.34
Fixation L	1	69	4459224767	4459383383	158616	183.74	467.99	57	34	-1	9.65	9.65
Fixation R	1	69	4459224767	4459383383	158616	183.74	467.99	57	34	-1	10.43	10.43
Fixation L	1	70	4459391631	4459575262	183631	129.93	469.91	30	5	-1	9.73	9.73
Fixation R	1	70	4459391631	4459575262	183631	129.93	469.91	30	5	-1	10.31	10.31
Fixation L	1	71	4459583629	4459817252	233623	280.38	450.16	25	22	-1	9.95	9.95
Fixation R	1	71	4459583629	4459817252	233623	280.38	450.16	25	22	-1	10.51	10.51
Fixation L	1	72	4459825631	4460117621	291990	385.47	452.49	60	8	-1	9.92	9.92
Fixation R	1	72	4459825631	4460117621	291990	385.47	452.49	60	8	-1	10.54	10.54
Fixation L	1	73	4460126001	4460459742	333741	489.50	459.51	14	16	-1	9.76	9.76
Fixation R	1	73	4460126001	4460459742	333741	489.50	459.51	14	16	-1	10.39	10.39
Fixation L	1	74	4460468117	4460751870	283753	647.26	462.58	85	11	-1	9.61	9.61
Fixation R	1	74	4460468117	4460751870	283753	647.26	462.58	85	11	-1	10.23	10.23
Fixation R	1	75	4460760240	4460993857	233617	859.30	456.63	78	20	-1	10.22	10.22
Fixation R	1	76	4461002235	4461210857	208622	925.16	462.77	73	6	-1	10.34	10.34
Fixation L	1	75	4461043858	4461210857	166999	937.43	463.12	67	5	-1	9.80	9.80
Fixation L	1	76	4461260860	4461477859	216999	150.86	509.37	62	27	-1	9.87	9.87
Fixation R	1	77	4461260860	4461477859	216999	150.86	509.37	62	27	-1	10.48	10.48
Fixation L	1	77	4461486229	4461619725	133496	94.21	522.04	22	26	-1	9.94	9.94
Fixation R	1	78	4461486229	4461619725	133496	94.21	522.04	22	26	-1	10.63	10.63
Fixation L	1	78	4461627980	4461869974	241994	252.87	514.31	8	16	-1	10.22	10.22
Fixation R	1	79	4461627980	4461869974	241994	252.87	514.31	8	16	-1	10.68	10.68
Fixation L	1	79	4461878352	4462228846	350494	397.40	513.98	77	7	-1	10.21	10.21
Fixation R	1	80	4461878352	4462228846	350494	397.40	513.98	77	7	-1	10.95	10.95
Fixation L	1	80	4462237223	4462537586	300363	549.04	515.21	81	11	-1	10.20	10.20
Fixation R	1	81	4462237223	4462537586	300363	549.04	515.21	81	11	-1	10.93	10.93
Fixation L	1	81	4462545958	4462837956	291998	378.92	517.49	28	10	-1	10.22	10.22
Fixation R	1	82	4462545958	4462837956	291998	378.92	517.49	28	10	-1	10.96	10.96
Fixation L	1	82	4462846330	4463255206	408876	542.90	524.89	15	23	-1	10.28	10.28
Fixation R	1	83	4462846330	4463255206	408876	542.90	524.89	15	23	-1	10.94	10.94
Fixation L	1	83	4463263574	4463480579	217005	666.95	511.40	41	26	-1	10.19	10.19
Fixation R	1	84	4463263574	4463480579	217005	666.95	511.40	41	26	-1	10.87	10.87
Fixation L	1	84	4463488821	4463997812	508991	754.86	517.30	63	16	-1	10.20	10.20
Fixation R	1	85	4463488821	4463997812	508991	754.86	517.30	63	16	-1	10.81	10.81
Fixation L	1	85	4464006192	4464323308	317116	879.53	516.93	19	15	-1	10.26	10.26
Fixation R	1	86	4464006192	4464323308	317116	879.53	516.93	19	15	-1	10.79	10.79
Fixation L	1	86	4464373435	4464540306	166871	173.60	568.12	45	28	-1	10.15	10.15
Fixation R	1	87	4464373435	4464540306	166871	173.60	568.12	45	28	-1	10.83	10.83
Fixation L	1	87	4464548554	4464798925	250371	109.71	583.30	35	22	-1	10.07	10.07
Fixation R	1	88	4464548554	4464798925	250371	109.71	583.30	35	22	-1	10.59	10.59
Fixation L	1	88	4464807305	4465116047	308742	311.94	564.24	36	26	-1	10.35	10.35
Fixation R	1	89	4464807305	4465116047	308742	311.94	564.24	36	26	-1	10.92	10.92
Fixation L	1	89	4465124422	4465358050	233628	445.15	576.02	26	4	-1	10.43	10.43
Fixation R	1	90	4465124422	4465358050	233628	445.15	576.02	26	4	-1	11.16	11.16
Fixation L	1	90	4465491539	4465600039	108500	547.30	510.96	20	61	-1	9.58	9.58
Fixation R	1	91	4465491539	4465600039	108500	547.30	510.96	20	61	-1	9.22	9.22
Fixation L	1	91	4465608421	4465700163	91742	581.76	551.75	42	21	-1	10.25	10.25
Fixation R	1	92	4465608421	4465700163	91742	581.76	551.75	42	21	-1	11.14	11.14
Fixation L	1	92	4465708543	4466835023	1126480	735.13	572.14	81	12	-1	10.15	10.15
Fixation R	1	93	4465708543	4466835023	1126480	735.13	572.14	81	12	-1	10.81	10.81
Fixation L	1	93	4466843396	4467110397	267001	786.53	569.46	16	5	-1	9.93	9.93
Fixation R	1	94	4466843396	4467110397	267001	786.53	569.46	16	5	-1	10.67	10.67
Fixation L	1	94	4467160398	4467402386	241988	105.41	628.70	36	44	-1	9.74	9.74
Fixation R	1	95	4467160398	4467402386	241988	105.41	628.70	36	44	-1	10.40	10.40
Fixation L	1	95	4467552634	4467736262	183628	189.75	617.54	62	31	-1	10.21	10.21
Fixation R	1	96	4467552634	4467736262	183628	189.75	617.54	62	31	-1	10.83	10.83
Fixation L	1	96	4467744506	4467836382	91876	239.04	610.21	30	5	-1	10.12	10.12
Fixation R	1	97	4467744506	4467836382	91876	239.04	610.21	30	5	-1	10.44	10.44
Fixation L	1	97	4467861387	4468295249	433862	708.72	577.45	80	11	-1	10.54	10.54
Fixation R	1	98	4467861387	4468295249	433862	708.72	577.45	80	11	-1	10.89	10.89
Fixation L	1	98	4468303623	4468437121	133498	768.43	581.92	58	4	-1	10.36	10.36
Fixation R	1	99	4468303623	4468437121	133498	768.43	581.92	58	4	-1	11.04	11.04
Fixation L	1	99	4468478873	4468662498	183625	186.72	633.08	45	43	-1	10.42	10.42
Fixation R	1	100	4468478873	4468662498	183625	186.72	633.08	45	43	-1	11.01	11.01
Fixation L	1	100	4468670870	4469188114	517244	164.00	644.06	84	13	-1	10.77	10.77
Fixation R	1	101	4468670870	4469188114	517244	164.00	644.06	84	13	-1	11.07	11.07
Fixation L	1	101	4469221615	4469380111	158496	438.97	568.81	33	34	-1	10.92	10.92
Fixation R	1	102	4469221615	4469380111	158496	438.97	568.81	33	34	-1	11.71	11.71
Fixation L	1	102	4469388482	4469613734	225252	606.73	574.19	91	8	-1	11.14	11.14
Fixation R	1	103	4469388482	4469613734	225252	606.73	574.19	91	8	-1	11.64	11.64
Fixation L	1	103	4469688856	4470080971	392115	701.22	578.73	56	11	-1	10.55	10.55
Fixation R	1	104	4469688856	4470080971	392115	701.22	578.73	56	11	-1	11.33	11.33
Fixation L	1	104	4470089355	4470289600	200245	773.92	579.13	24	4	-1	10.38	10.38
Fixation R	1	105	4470089355	4470289600	200245	773.92	579.13	24	4	-1	11.27	11.27
Fixation L	1	105	4470331341	4470598339	266998	199.50	633.62	62	33	-1	10.32	10.32
Fixation R	1	106	4470331341	4470598339	266998	199.50	633.62	62	33	-1	10.95	10.95
Fixation L	1	106	4470606715	4470815340	208625	161.69	646.23	12	9	-1	10.32	10.32
Fixation R	1	107	4470606715	4470815340	208625	161.69	646.23	12	9	-1	10.97	10.97
Fixation L	1	107	4470823713	4471032331	208618	249.09	643.40	18	8	-1	10.59	10.59
Fixation R	1	108	4470823713	4471032331	208618	249.09	643.40	18	8	-1	10.98	10.98
Fixation L	1	108	4471040708	4471207579	166871	389.44	642.29	64	3	-1	10.72	10.72
Fixation R	1	109	4471040708	4471207579	166871	389.44	642.29	64	3	-1	11.51	11.51
Fixation L	1	109	4471215835	4471366083	150248	634.04	640.50	87	8	-1	10.74	10.74
Fixation R	1	110	4471215835	4471366083	150248	634.04	640.50	87	8	-1	11.57	11.57
Fixation L	1	110	4471382826	4471566327	183501	777.48	638.88	27	9	-1	10.46	10.46
Fixation R	1	111	4471382826	4471566327	183501	777.48	638.88	27	9	-1	11.31	11.31
Fixation L	1	111	4471608073	4471758322	150249	138.04	716.20	64	33	-1	10.41	10.41
Fixation R	1	112	4471608073	4471758322	150249	138.04	716.20	64	33	-1	11.21	11.21
Fixation L	1	112	4471825069	4472000319	175250	251.33	706.25	33	10	-1	10.68	10.68
Fixation R	1	113	4471825069	4472000319	175250	251.33	706.25	33	10	-1	11.27	11.27
Fixation L	1	113	4472008568	4472434187	425619	377.50	703.93	87	12	-1	10.94	10.94
Fixation R	1	114	4472008568	4472434187	425619	377.50	703.93	87	12	-1	11.67	11.67
Fixation L	1	114	4472442564	4472609434	166870	344.40	698.50	4	3	-1	10.87	10.87
Fixation R	1	115	4472442564	4472609434	166870	344.40	698.50	4	3	-1	11.46	11.46
Fixation L	1	115	4472617812	4472876432	258620	397.78	624.12	64	14	-1	10.87	10.87
Fixation R	1	116	4472617812	4472876432	258620	397.78	624.12	64	14	-1	11.45	11.45
Fixation L	1	116	4472884805	4473210176	325371	179.37	652.92	43	39	-1	10.77	10.77
Fixation R	1	117	4472884805	4473210176	325371	179.37	652.92	43	39	-1	11.11	11.11
Fixation L	1	117	4473243555	4473702542	458987	697.97	578.89	42	10	-1	10.71	10.71
Fixation R	1	118	4473243555	4473702542	458987	697.97	578.89	42	10	-1	11.35	11.35
Fixation L	1	118	4473786038	4473902792	116754	145.84	692.93	70	28	-1	10.11	10.11
Fixation R	1	119	4473786038	4473902792	116754	145.84	692.93	70	28	-1	10.88	10.88
Fixation L	1	119	4473961286	4474178160	216874	358.12	696.38	44	38	-1	10.67	10.67
Fixation R	1	120	4473961286	4474178160	216874	358.12	696.38	44	38	-1	11.63	11.63
Fixation L	1	120	4474186535	4474395163	208628	569.55	693.95	47	28	-1	10.94	10.94
Fixation R	1	121	4474186535	4474395163	208628	569.55	693.95	47	28	-1	11.92	11.92
Fixation L	1	121	4474403531	4474587026	183495	404.26	553.91	65	25	-1	10.62	10.62
Fixation R	1	122	4474403531	4474587026	183495	404.26	553.91	65	25	-1	11.42	11.42
Fixation L	1	122	4474603782	4474779024	175242	257.60	577.56	77	18	-1	10.72	10.72
Fixation R	1	123	4474603782	4474779024	175242	257.60	577.56	77	18	-1	11.09	11.09
Fixation L	1	123	4474787398	4475021028	233630	168.19	587.11	28	11	-1	10.47	10.47
Fixation R	1	124	4474787398	4475021028	233630	168.19	587.11	28	11	-1	10.78	10.78
Fixation L	1	124	4475029397	4475204519	175122	346.50	577.71	53	13	-1	10.50	10.50
Fixation R	1	125	4475029397	4475204519	175122	346.50	577.71	53	13	-1	10.89	10.89
Fixation L	1	125	4475212897	4475413141	200244	368.96	703.63	17	44	-1	10.74	10.74
Fixation R	1	126	4475212897	4475413141	200244	368.96	703.63	17	44	-1	11.37	11.37
Fixation L	1	126	4475429892	4475655138	225246	535.64	697.06	44	19	-1	10.98	10.98
Fixation R	1	127	4475429892	4475655138	225246	535.64	697.06	44	19	-1	11.71	11.71
Fixation L	1	127	4475663511	4475822011	158500	642.04	698.92	21	6	-1	10.97	10.97
Fixation R	1	128	4475663511	4475822011	158500	642.04	698.92	21	6	-1	11.73	11.73
Fixation L	1	128	4475830385	4476055761	225376	760.37	695.78	18	13	-1	10.37	10.37
Fixation R	1	129	4475830385	4476055761	225376	760.37	695.78	18	13	-1	11.13	11.13

