[BeGaze]
Converted from:	C:\Program Files\SMI\Experiment Suite 360\Experiment Center 2\Results\Readability_First_01\P02-eye_data.idf
Date:	02.08.2013 11:27:26
Version:	BeGaze 3.2.28
Sample Rate:	120
Subject:	P02
Description:	Run2

Table Header for Fixations:
Event Type	Trial	Number	Start	End	Duration	Location X	Location Y	Dispersion X	Dispersion Y	Plane	Avg. Pupil Size X	Avg. Pupil Size Y


Fixation R	1	1	5408034593	5408410013	375420	124.83	54.22	42	42	-1	10.17	10.17
Fixation L	1	1	5408084684	5408410013	325329	125.19	57.77	41	33	-1	9.65	9.65
Fixation L	1	2	5408418392	5408602009	183617	255.95	54.03	38	25	-1	9.82	9.82
Fixation R	1	2	5408418392	5408602009	183617	255.95	54.03	38	25	-1	10.21	10.21
Fixation L	1	3	5408610259	5408927379	317120	379.26	28.06	42	18	-1	9.81	9.81
Fixation R	1	3	5408610259	5408927379	317120	379.26	28.06	42	18	-1	10.10	10.10
Fixation L	1	4	5408935754	5409194378	258624	478.01	33.07	56	13	-1	9.83	9.83
Fixation R	1	4	5408935754	5409194378	258624	478.01	33.07	56	13	-1	10.10	10.10
Fixation L	1	5	5409202749	5409419753	217004	602.65	25.87	41	19	-1	9.78	9.78
Fixation R	1	5	5409202749	5409419753	217004	602.65	25.87	41	19	-1	10.14	10.14
Fixation L	1	6	5409428002	5409586619	158617	755.55	31.15	59	34	-1	9.76	9.76
Fixation R	1	6	5409428002	5409586619	158617	755.55	31.15	59	34	-1	10.09	10.09
Fixation L	1	7	5409594999	5409770248	175249	829.13	34.65	14	8	-1	9.78	9.78
Fixation R	1	7	5409594999	5409770248	175249	829.13	34.65	14	8	-1	10.08	10.08
Fixation L	1	8	5409820245	5409970498	150253	175.32	109.18	45	37	-1	9.76	9.76
Fixation R	1	8	5409820245	5409970498	150253	175.32	109.18	45	37	-1	10.44	10.44
Fixation L	1	9	5409978739	5410195739	217000	102.56	91.07	46	29	-1	9.84	9.84
Fixation R	1	9	5409978739	5410195739	217000	102.56	91.07	46	29	-1	10.39	10.39
Fixation L	1	10	5410204114	5410729855	525741	193.03	73.34	34	15	-1	9.94	9.94
Fixation R	1	10	5410204114	5410729855	525741	193.03	73.34	34	15	-1	10.31	10.31
Fixation L	1	11	5410738105	5411005222	267117	306.88	68.26	47	10	-1	9.95	9.95
Fixation R	1	11	5410738105	5411005222	267117	306.88	68.26	47	10	-1	10.31	10.31
Fixation L	1	12	5411013472	5411539214	525742	429.32	78.40	35	25	-1	9.92	9.92
Fixation R	1	12	5411013472	5411539214	525742	429.32	78.40	35	25	-1	10.17	10.17
Fixation L	1	13	5411572595	5411856335	283740	587.19	72.55	66	22	-1	9.86	9.86
Fixation R	1	13	5411572595	5411856335	283740	587.19	72.55	66	22	-1	10.23	10.23
Fixation L	1	14	5411864710	5412114956	250246	673.03	83.45	39	24	-1	9.85	9.85
Fixation R	1	14	5411864710	5412114956	250246	673.03	83.45	39	24	-1	10.30	10.30
Fixation R	1	15	5412248459	5412690822	442363	837.95	88.16	77	20	-1	10.25	10.25
Fixation L	1	15	5412256830	5412690822	433992	837.04	88.40	71	16	-1	9.86	9.86
Fixation L	1	16	5412699077	5412899449	200372	890.64	106.45	44	24	-1	9.67	9.67
Fixation R	1	16	5412699077	5412899449	200372	890.64	106.45	44	24	-1	9.88	9.88
Fixation L	1	17	5412957818	5413308314	350496	88.20	167.28	56	24	-1	9.45	9.45
Fixation R	1	17	5412957818	5413308314	350496	88.20	167.28	56	24	-1	10.14	10.14
Fixation L	1	18	5413316562	5413617058	300496	265.51	146.33	68	28	-1	9.59	9.59
Fixation R	1	18	5413316562	5413617058	300496	265.51	146.33	68	28	-1	10.00	10.00
Fixation L	1	19	5413625315	5414209424	584109	427.84	123.85	76	22	-1	9.59	9.59
Fixation R	1	19	5413625315	5414209424	584109	427.84	123.85	76	22	-1	9.84	9.84
Fixation L	1	20	5414217797	5414601674	383877	462.07	132.05	56	16	-1	9.62	9.62
Fixation R	1	20	5414217797	5414601674	383877	462.07	132.05	56	16	-1	9.87	9.87
Fixation L	1	21	5414610043	5414693422	83379	538.92	122.88	36	2	-1	7.80	7.80
Fixation R	1	21	5414610043	5414768540	158497	532.10	120.62	39	15	-1	10.12	10.12
Fixation R	1	22	5414776921	5415068912	291991	641.34	99.17	33	39	-1	10.06	10.06
Fixation L	1	22	5415077296	5415361030	283734	729.33	131.84	23	16	-1	9.47	9.47
Fixation R	1	23	5415077296	5415361030	283734	729.33	131.84	23	16	-1	9.90	9.90
Fixation L	1	23	5415402783	5415552910	150127	170.94	204.56	60	21	-1	9.45	9.45
Fixation R	1	24	5415402783	5415552910	150127	170.94	204.56	60	21	-1	10.11	10.11
Fixation L	1	24	5415561282	5416212144	650862	110.76	224.89	65	29	-1	9.61	9.61
Fixation R	1	25	5415561282	5416212144	650862	110.76	224.89	65	29	-1	10.12	10.12
Fixation L	1	25	5416220518	5416387404	166886	148.13	220.70	29	7	-1	9.71	9.71
Fixation R	1	26	5416220518	5416387404	166886	148.13	220.70	29	7	-1	10.16	10.16
Fixation L	1	26	5416395765	5416787888	392123	283.45	196.55	59	34	-1	9.94	9.94
Fixation R	1	27	5416395765	5416787888	392123	283.45	196.55	59	34	-1	10.30	10.30
Fixation L	1	27	5416804637	5417063258	258621	433.53	196.66	80	17	-1	9.83	9.83
Fixation R	1	28	5416804637	5417063258	258621	433.53	196.66	80	17	-1	10.10	10.10
Fixation L	1	28	5417071632	5417347001	275369	373.41	196.45	22	31	-1	9.74	9.74
Fixation R	1	29	5417071632	5417347001	275369	373.41	196.45	22	31	-1	10.05	10.05
Fixation L	1	29	5417355381	5417605750	250369	514.90	209.88	34	33	-1	9.56	9.56
Fixation R	1	30	5417355381	5417605750	250369	514.90	209.88	34	33	-1	9.96	9.96
Fixation L	1	30	5417614000	5417839370	225370	653.27	205.87	75	23	-1	9.52	9.52
Fixation R	1	31	5417614000	5417839370	225370	653.27	205.87	75	23	-1	10.04	10.04
Fixation L	1	31	5417847743	5418356739	508996	736.44	199.40	62	14	-1	9.46	9.46
Fixation R	1	32	5417847743	5418356739	508996	736.44	199.40	62	14	-1	9.97	9.97
Fixation L	1	32	5418373363	5418665480	292117	904.66	191.92	33	10	-1	9.54	9.54
Fixation R	1	33	5418373363	5418665480	292117	904.66	191.92	33	10	-1	9.88	9.88
Fixation L	1	33	5418723855	5418915732	191877	134.87	261.98	60	33	-1	9.53	9.53
Fixation R	1	34	5418723855	5418915732	191877	134.87	261.98	60	33	-1	10.17	10.17
Fixation L	1	34	5418924104	5419040984	116880	84.96	280.46	4	10	-1	9.50	9.50
Fixation R	1	35	5418924104	5419040984	116880	84.96	280.46	4	10	-1	10.06	10.06
Fixation L	1	35	5419182849	5419266227	83378	75.28	321.80	50	38	-1	9.80	9.80
Fixation R	1	36	5419182849	5419266227	83378	75.28	321.80	50	38	-1	10.07	10.07
Fixation L	1	36	5419282972	5419524968	241996	200.47	288.64	32	21	-1	9.96	9.96
Fixation R	1	37	5419282972	5419524968	241996	200.47	288.64	32	21	-1	10.41	10.41
Fixation L	1	37	5419533342	5419892092	358750	361.72	261.29	69	27	-1	9.98	9.98
Fixation R	1	38	5419533342	5419892092	358750	361.72	261.29	69	27	-1	10.41	10.41
Fixation L	1	38	5419900466	5420000594	100128	419.35	250.34	81	7	-1	9.98	9.98
Fixation R	1	39	5419900466	5420000594	100128	419.35	250.34	81	7	-1	10.35	10.35
Fixation L	1	39	5420008961	5420209210	200249	530.00	277.06	24	35	-1	9.93	9.93
Fixation R	1	40	5420008961	5420209210	200249	530.00	277.06	24	35	-1	10.38	10.38
Fixation L	1	40	5420217587	5420451204	233617	675.99	279.59	41	16	-1	9.89	9.89
Fixation R	1	41	5420217587	5420451204	233617	675.99	279.59	41	16	-1	10.36	10.36
Fixation L	1	41	5420459581	5420701581	242000	766.70	269.44	86	10	-1	9.70	9.70
Fixation R	1	42	5420459581	5420701581	242000	766.70	269.44	86	10	-1	10.23	10.23
Fixation L	1	42	5420709827	5420835073	125246	701.29	271.94	60	14	-1	9.64	9.64
Fixation R	1	43	5420709827	5420835073	125246	701.29	271.94	60	14	-1	10.36	10.36
Fixation L	1	43	5420976946	5421127069	150123	746.73	284.75	57	26	-1	10.01	10.01
Fixation R	1	44	5420976946	5421127069	150123	746.73	284.75	57	26	-1	10.35	10.35
Fixation L	1	44	5421135445	5421310693	175248	799.55	278.11	50	17	-1	10.17	10.17
Fixation R	1	45	5421135445	5421310693	175248	799.55	278.11	50	17	-1	10.58	10.58
Fixation L	1	45	5421319069	5421619439	300370	878.02	275.89	36	6	-1	10.03	10.03
Fixation R	1	46	5421319069	5421619439	300370	878.02	275.89	36	6	-1	10.46	10.46
Fixation L	1	46	5421669439	5421811312	141873	179.03	291.53	38	14	-1	9.85	9.85
Fixation R	1	47	5421669439	5421811312	141873	179.03	291.53	38	14	-1	10.33	10.33
Fixation L	1	47	5421819687	5422303676	483989	116.39	341.90	41	57	-1	9.83	9.83
Fixation R	1	48	5421819687	5422303676	483989	116.39	341.90	41	57	-1	10.23	10.23
Fixation L	1	48	5422312055	5422503923	191868	156.11	339.12	9	8	-1	9.95	9.95
Fixation R	1	49	5422312055	5422503923	191868	156.11	339.12	9	8	-1	10.26	10.26
Fixation L	1	49	5422679171	5422946173	267002	210.69	815.45	20	21	-1	10.72	10.72
Fixation R	1	50	5422679171	5422946173	267002	210.69	815.45	20	21	-1	10.90	10.90
Fixation L	1	50	5423772283	5423914153	141870	258.65	229.16	46	53	-1	10.62	10.62
Fixation R	1	51	5423772283	5423914153	141870	258.65	229.16	46	53	-1	11.63	11.63
Fixation L	1	51	5423947533	5424156149	208616	124.65	267.28	34	63	-1	10.72	10.72
Fixation R	1	52	5423947533	5424156149	208616	124.65	267.28	34	63	-1	11.24	11.24
Fixation L	1	52	5424164526	5424439894	275368	245.23	271.37	28	25	-1	10.25	10.25
Fixation R	1	53	5424164526	5424439894	275368	245.23	271.37	28	25	-1	10.83	10.83
Fixation L	1	53	5424448275	5424706889	258614	381.51	292.05	24	29	-1	10.10	10.10
Fixation R	1	54	5424448275	5424706889	258614	381.51	292.05	24	29	-1	10.58	10.58
Fixation L	1	54	5424715267	5424807015	91748	451.07	237.47	18	33	-1	10.00	10.00
Fixation R	1	55	5424715267	5424807015	91748	451.07	237.47	18	33	-1	10.48	10.48
Fixation L	1	55	5424857137	5424990636	133499	694.33	821.88	41	56	-1	11.40	11.40
Fixation R	1	56	5424857137	5424990636	133499	694.33	821.88	41	56	-1	10.93	10.93
Fixation L	1	56	5425157508	5425240882	83374	693.02	828.22	7	21	-1	11.37	11.37
Fixation R	1	57	5425157508	5425240882	83374	693.02	828.22	7	21	-1	11.31	11.31
Fixation L	1	57	5425382757	5425608128	225371	507.82	238.47	53	44	-1	10.76	10.76
Fixation R	1	58	5425382757	5425608128	225371	507.82	238.47	53	44	-1	11.29	11.29
Fixation L	1	58	5425691499	5426133871	442372	748.96	261.48	54	39	-1	10.17	10.17
Fixation R	1	59	5425691499	5426133871	442372	748.96	261.48	54	39	-1	10.70	10.70
Fixation L	1	59	5426142121	5426550992	408871	869.44	296.13	32	25	-1	10.14	10.14
Fixation R	1	60	5426142121	5426550992	408871	869.44	296.13	32	25	-1	10.73	10.73
Fixation L	1	60	5426559361	5426667860	108499	719.73	268.61	16	33	-1	9.40	9.40
Fixation R	1	61	5426559361	5426667860	108499	719.73	268.61	16	33	-1	10.79	10.79
Fixation L	1	61	5426676237	5426801367	125130	727.29	183.38	10	81	-1	10.16	10.16
Fixation R	1	62	5426676237	5426801367	125130	727.29	183.38	10	81	-1	10.64	10.64
Fixation L	1	62	5426909857	5427060105	150248	828.14	178.80	43	53	-1	10.19	10.19
Fixation R	1	63	5426909857	5427060105	150248	828.14	178.80	43	53	-1	10.47	10.47
Fixation L	1	63	5427076731	5427260353	183622	570.41	179.06	75	20	-1	10.27	10.27
Fixation R	1	64	5427076731	5427260353	183622	570.41	179.06	75	20	-1	10.83	10.83
Fixation L	1	64	5427268728	5427427231	158503	516.25	187.58	37	6	-1	10.05	10.05
Fixation R	1	65	5427268728	5427427231	158503	516.25	187.58	37	6	-1	10.67	10.67
Fixation L	1	65	5427435599	5427669220	233621	674.55	194.32	19	22	-1	10.05	10.05
Fixation R	1	66	5427435599	5427669220	233621	674.55	194.32	19	22	-1	10.48	10.48
Fixation L	1	66	5427677600	5427902848	225248	889.04	198.49	86	7	-1	9.85	9.85
Fixation R	1	67	5427677600	5427902848	225248	889.04	198.49	86	7	-1	10.26	10.26
Fixation L	1	67	5427961216	5428228345	267129	94.96	259.68	49	31	-1	9.85	9.85
Fixation R	1	68	5427961216	5428228345	267129	94.96	259.68	49	31	-1	10.38	10.38
Fixation L	1	68	5428236587	5428470332	233745	224.05	253.73	29	18	-1	9.96	9.96
Fixation R	1	69	5428236587	5428470332	233745	224.05	253.73	29	18	-1	10.42	10.42
Fixation L	1	69	5428478585	5428728961	250376	361.48	253.32	62	33	-1	9.85	9.85
Fixation R	1	70	5428478585	5428728961	250376	361.48	253.32	62	33	-1	10.39	10.39
Fixation L	1	70	5428753960	5429046075	292115	549.67	222.55	39	14	-1	9.87	9.87
Fixation R	1	71	5428753960	5429046075	292115	549.67	222.55	39	14	-1	10.43	10.43
Fixation L	1	71	5429062700	5429396569	333869	751.92	227.10	39	33	-1	9.91	9.91
Fixation R	1	72	5429062700	5429396569	333869	751.92	227.10	39	33	-1	10.30	10.30
Fixation L	1	72	5429404827	5429563441	158614	838.89	251.50	64	19	-1	9.85	9.85
Fixation R	1	73	5429404827	5429563441	158614	838.89	251.50	64	19	-1	10.33	10.33
Fixation L	1	73	5429613440	5429872187	258747	116.72	311.98	65	30	-1	9.67	9.67
Fixation R	1	74	5429613440	5429872187	258747	116.72	311.98	65	30	-1	10.17	10.17
Fixation L	1	74	5429880565	5430055689	175124	276.45	301.49	62	16	-1	9.81	9.81
Fixation R	1	75	5429880565	5430055689	175124	276.45	301.49	62	16	-1	10.33	10.33
Fixation L	1	75	5430064060	5430164184	100124	411.75	316.34	17	13	-1	9.93	9.93
Fixation R	1	76	5430064060	5430164184	100124	411.75	316.34	17	13	-1	10.34	10.34
Fixation L	1	76	5430180934	5430389555	208621	676.07	317.64	64	15	-1	9.76	9.76
Fixation R	1	77	5430180934	5430389555	208621	676.07	317.64	64	15	-1	10.24	10.24
Fixation L	1	77	5430397804	5430539677	141873	889.69	295.19	46	44	-1	9.69	9.69
Fixation R	1	78	5430397804	5430539677	141873	889.69	295.19	46	44	-1	10.07	10.07
Fixation L	1	78	5430548058	5430698297	150239	884.37	271.64	55	42	-1	9.69	9.69
Fixation R	1	79	5430548058	5430698297	150239	884.37	271.64	55	42	-1	10.09	10.09
Fixation L	1	79	5430706680	5430823421	116741	840.42	308.21	13	17	-1	9.74	9.74
Fixation R	1	80	5430706680	5430823421	116741	840.42	308.21	13	17	-1	10.11	10.11
Fixation L	1	80	5430873422	5431090418	216996	117.40	395.63	74	23	-1	9.61	9.61
Fixation R	1	81	5430873422	5431090418	216996	117.40	395.63	74	23	-1	10.11	10.11
Fixation L	1	81	5431098792	5431215667	116875	63.44	400.73	27	11	-1	9.62	9.62
Fixation R	1	82	5431098792	5431215667	116875	63.44	400.73	27	11	-1	9.99	9.99
Fixation L	1	82	5431315790	5431457543	141753	122.86	376.47	78	18	-1	9.78	9.78
Fixation R	1	83	5431315790	5431457543	141753	122.86	376.47	78	18	-1	9.85	9.85
Fixation L	1	83	5431507667	5431858163	350496	298.88	376.81	71	12	-1	9.63	9.63
Fixation R	1	84	5431507667	5431858163	350496	298.88	376.81	71	12	-1	10.29	10.29
Fixation L	1	84	5431866536	5432183654	317118	492.59	368.95	60	26	-1	9.81	9.81
Fixation R	1	85	5431866536	5432183654	317118	492.59	368.95	60	26	-1	10.38	10.38
Fixation L	1	85	5432191903	5432358780	166877	666.88	381.56	85	5	-1	9.91	9.91
Fixation R	1	86	5432191903	5432358780	166877	666.88	381.56	85	5	-1	10.36	10.36
Fixation L	1	86	5432492399	5432609154	116755	963.18	407.77	53	45	-1	9.76	9.76
Fixation R	1	87	5432492399	5432609154	116755	963.18	407.77	53	45	-1	9.68	9.68
Fixation L	1	87	5432617520	5432784395	166875	905.47	388.91	74	9	-1	9.86	9.86
Fixation R	1	88	5432617520	5432784395	166875	905.47	388.91	74	9	-1	10.04	10.04
Fixation L	1	88	5432792767	5433034772	242005	972.84	391.81	83	9	-1	9.90	9.90
Fixation R	1	89	5432792767	5433034772	242005	972.84	391.81	83	9	-1	9.97	9.97
Fixation L	1	89	5433043141	5433201636	158495	885.77	386.47	31	7	-1	9.87	9.87
Fixation R	1	90	5433043141	5433201636	158495	885.77	386.47	31	7	-1	10.02	10.02
Fixation L	1	90	5433210018	5433393508	183490	1007.38	382.99	33	10	-1	9.83	9.83
Fixation R	1	91	5433210018	5433393508	183490	1007.38	382.99	33	10	-1	10.09	10.09
Fixation L	1	91	5433452010	5433668880	216870	124.89	423.27	53	46	-1	9.82	9.82
Fixation R	1	92	5433452010	5433668880	216870	124.89	423.27	53	46	-1	10.41	10.41
Fixation L	1	92	5433677253	5433969378	292125	80.38	444.08	71	10	-1	9.83	9.83
Fixation R	1	93	5433677253	5433969378	292125	80.38	444.08	71	10	-1	10.10	10.10
Fixation L	1	93	5433977624	5434236377	258753	181.11	435.03	20	10	-1	9.77	9.77
Fixation R	1	94	5433977624	5434236377	258753	181.11	435.03	20	10	-1	10.03	10.03
Fixation L	1	94	5434244747	5434753737	508990	331.63	447.65	76	20	-1	9.73	9.73
Fixation R	1	95	5434244747	5434753737	508990	331.63	447.65	76	20	-1	10.15	10.15
Fixation L	1	95	5434762126	5434862245	100119	420.99	444.14	51	5	-1	9.58	9.58
Fixation R	1	96	5434762126	5434862245	100119	420.99	444.14	51	5	-1	9.99	9.99
Fixation L	1	96	5434870487	5435337864	467377	531.11	445.26	79	13	-1	9.70	9.70
Fixation R	1	97	5434870487	5435337864	467377	531.11	445.26	79	13	-1	10.26	10.26
Fixation L	1	97	5435346229	5435746725	400496	683.67	438.22	83	15	-1	9.60	9.60
Fixation R	1	98	5435346229	5435688351	342122	675.66	438.83	75	9	-1	9.64	9.64
Fixation L	1	98	5435821847	5436113848	292001	141.04	478.89	56	34	-1	9.54	9.54
Fixation R	1	99	5435821847	5436113848	292001	141.04	478.89	56	34	-1	9.93	9.93
Fixation L	1	99	5436138845	5436289101	150256	411.79	475.54	28	18	-1	9.85	9.85
Fixation R	1	100	5436138845	5436289101	150256	411.79	475.54	28	18	-1	10.35	10.35
Fixation L	1	100	5436297471	5436506086	208615	553.63	492.39	91	5	-1	9.74	9.74
Fixation R	1	101	5436297471	5436506086	208615	553.63	492.39	91	5	-1	10.41	10.41
Fixation L	1	101	5436514467	5436656209	141742	623.17	495.89	73	4	-1	9.78	9.78
Fixation R	1	102	5436514467	5436656209	141742	623.17	495.89	73	4	-1	10.47	10.47
Fixation L	1	102	5436664592	5436898210	233618	711.14	496.21	85	8	-1	9.68	9.68
Fixation R	1	103	5436664592	5436898210	233618	711.14	496.21	85	8	-1	10.33	10.33
Fixation L	1	103	5436906583	5437282076	375493	683.50	506.99	79	16	-1	9.81	9.81
Fixation R	1	104	5436906583	5437282076	375493	683.50	506.99	79	16	-1	10.52	10.52
Fixation L	1	104	5437290451	5437732692	442241	821.09	496.30	59	34	-1	9.64	9.64
Fixation R	1	105	5437290451	5437732692	442241	821.09	496.30	59	34	-1	10.27	10.27
Fixation L	1	105	5437741070	5437949695	208625	900.74	488.00	47	11	-1	9.68	9.68
Fixation R	1	106	5437741070	5437949695	208625	900.74	488.00	47	11	-1	10.19	10.19
Fixation L	1	106	5437999689	5438141563	141874	152.19	541.91	26	26	-1	9.76	9.76
Fixation R	1	107	5437999689	5438141563	141874	152.19	541.91	26	26	-1	10.17	10.17
Fixation L	1	107	5438149941	5438425312	275371	67.95	579.12	35	36	-1	9.68	9.68
Fixation R	1	108	5438149941	5438425312	275371	67.95	579.12	35	36	-1	9.95	9.95
Fixation L	1	108	5438433682	5438675679	241997	137.51	567.36	25	15	-1	9.86	9.86
Fixation R	1	109	5438433682	5438675679	241997	137.51	567.36	25	15	-1	9.90	9.90
Fixation L	1	109	5438692312	5438984423	292111	335.49	568.87	22	7	-1	9.77	9.77
Fixation R	1	110	5438692312	5438984423	292111	335.49	568.87	22	7	-1	10.35	10.35
Fixation L	1	110	5438992676	5439184671	191995	437.96	568.05	19	9	-1	9.81	9.81
Fixation R	1	111	5438992676	5439184671	191995	437.96	568.05	19	9	-1	10.48	10.48
Fixation L	1	111	5439193049	5439710416	517367	606.97	561.71	53	14	-1	9.94	9.94
Fixation R	1	112	5439193049	5439710416	517367	606.97	561.71	53	14	-1	10.62	10.62
Fixation L	1	112	5439718669	5439843914	125245	758.74	562.42	90	9	-1	9.62	9.62
Fixation R	1	113	5439752037	5440027416	275379	772.62	558.22	29	12	-1	9.89	9.89
Fixation L	1	113	5439852160	5440027416	175256	777.63	556.33	4	7	-1	9.66	9.66
Fixation L	1	114	5440035784	5440536523	500739	897.13	558.85	70	15	-1	9.55	9.55
Fixation R	1	114	5440035784	5440536523	500739	897.13	558.85	70	15	-1	10.13	10.13
Fixation L	1	115	5440594902	5440886894	291992	100.91	653.53	43	48	-1	9.62	9.62
Fixation R	1	115	5440594902	5440886894	291992	100.91	653.53	43	48	-1	9.94	9.94
Fixation L	1	116	5440895273	5441120650	225377	277.21	623.51	50	22	-1	9.88	9.88
Fixation R	1	116	5440895273	5441120650	225377	277.21	623.51	50	22	-1	10.07	10.07
Fixation L	1	117	5441128891	5441279140	150249	382.32	617.15	56	20	-1	9.88	9.88
Fixation R	1	117	5441128891	5441279140	150249	382.32	617.15	56	20	-1	10.47	10.47
Fixation L	1	118	5441287520	5441421018	133498	470.56	562.07	25	23	-1	9.90	9.90
Fixation R	1	118	5441287520	5441421018	133498	470.56	562.07	25	23	-1	10.72	10.72
Fixation L	1	119	5441429387	5441821513	392126	619.74	562.60	46	20	-1	10.04	10.04
Fixation R	1	119	5441429387	5441821513	392126	619.74	562.60	46	20	-1	10.57	10.57

