[BeGaze]
Converted from:	C:\Program Files\SMI\Experiment Suite 360\Experiment Center 2\Results\Readability_First_01\P02-eye_data.idf
Date:	02.08.2013 11:27:27
Version:	BeGaze 3.2.28
Sample Rate:	120
Subject:	P02
Description:	Run2

Table Header for Fixations:
Event Type	Trial	Number	Start	End	Duration	Location X	Location Y	Dispersion X	Dispersion Y	Plane	Avg. Pupil Size X	Avg. Pupil Size Y


Fixation L	1	1	6300698158	6300923367	225209	96.20	83.45	52	3	-1	10.07	10.07
Fixation R	1	1	6300698158	6300923367	225209	96.20	83.45	52	3	-1	10.49	10.49
Fixation L	1	2	6300931743	6301157112	225369	210.80	57.92	38	32	-1	10.09	10.09
Fixation R	1	2	6300931743	6301157112	225369	210.80	57.92	38	32	-1	10.41	10.41
Fixation L	1	3	6301165363	6301365736	200373	329.97	37.63	21	26	-1	10.14	10.14
Fixation R	1	3	6301165363	6301365736	200373	329.97	37.63	21	26	-1	10.38	10.38
Fixation L	1	4	6301373989	6301557608	183619	419.76	32.84	12	9	-1	10.33	10.33
Fixation R	1	4	6301373989	6301557608	183619	419.76	32.84	12	9	-1	10.53	10.53
Fixation L	1	5	6301599361	6301824609	225248	571.09	31.23	58	39	-1	10.49	10.49
Fixation R	1	5	6301599361	6301824609	225248	571.09	31.23	58	39	-1	10.59	10.59
Fixation L	1	6	6301841354	6302066604	225250	745.92	42.28	29	17	-1	10.40	10.40
Fixation R	1	6	6301841354	6302066604	225250	745.92	42.28	29	17	-1	10.62	10.62
Fixation L	1	7	6302074978	6302316971	241993	893.92	34.97	10	16	-1	10.13	10.13
Fixation R	1	7	6302074978	6302316971	241993	893.92	34.97	10	16	-1	10.27	10.27
Fixation L	1	8	6302366970	6302533968	166998	118.09	111.36	72	26	-1	9.86	9.86
Fixation R	1	8	6302366970	6302533968	166998	118.09	111.36	72	26	-1	10.41	10.41
Fixation L	1	9	6302542217	6302684091	141874	100.37	106.50	10	4	-1	9.74	9.74
Fixation R	1	9	6302542217	6302684091	141874	100.37	106.50	10	4	-1	10.17	10.17
Fixation L	1	10	6302692466	6302909462	216996	262.57	87.48	41	25	-1	10.06	10.06
Fixation R	1	10	6302692466	6302909462	216996	262.57	87.48	41	25	-1	10.36	10.36
Fixation L	1	11	6302917711	6303059585	141874	349.69	75.26	21	7	-1	10.29	10.29
Fixation R	1	11	6302917711	6303059585	141874	349.69	75.26	21	7	-1	10.36	10.36
Fixation L	1	12	6303067960	6303268207	200247	507.23	76.32	16	5	-1	10.20	10.20
Fixation R	1	12	6303067960	6303268207	200247	507.23	76.32	16	5	-1	10.43	10.43
Fixation L	1	13	6303276584	6303418456	141872	661.96	82.75	73	24	-1	10.12	10.12
Fixation R	1	13	6303276584	6303418456	141872	661.96	82.75	73	24	-1	10.34	10.34
Fixation L	1	14	6303551952	6303702201	150249	875.72	83.00	76	22	-1	10.16	10.16
Fixation R	1	14	6303551952	6303702201	150249	875.72	83.00	76	22	-1	10.14	10.14
Fixation L	1	15	6303710449	6303793949	83500	832.44	68.75	18	14	-1	10.17	10.17
Fixation R	1	15	6303710449	6303793949	83500	832.44	68.75	18	14	-1	10.40	10.40
Fixation L	1	16	6303843945	6304186192	342247	113.43	142.36	37	53	-1	10.02	10.02
Fixation R	1	16	6303843945	6304186192	342247	113.43	142.36	37	53	-1	10.57	10.57
Fixation L	1	17	6304194440	6304469810	275370	267.85	143.77	70	13	-1	10.11	10.11
Fixation R	1	17	6304194440	6304469810	275370	267.85	143.77	70	13	-1	10.45	10.45
Fixation L	1	18	6304478189	6304595058	116869	406.00	139.89	91	8	-1	10.17	10.17
Fixation R	1	18	6304478189	6304595058	116869	406.00	139.89	91	8	-1	10.40	10.40
Fixation L	1	19	6304603312	6304720182	116870	406.41	140.50	48	11	-1	10.04	10.04
Fixation R	1	19	6304603312	6304720182	116870	406.41	140.50	48	11	-1	10.18	10.18
Fixation L	1	20	6304728562	6304887055	158493	504.81	131.62	43	30	-1	9.96	9.96
Fixation R	1	20	6304728562	6304887055	158493	504.81	131.62	43	30	-1	10.20	10.20
Fixation R	1	21	6304895431	6305162427	266996	639.65	114.00	57	42	-1	10.10	10.10
Fixation L	1	21	6305062302	6305346051	283749	619.00	133.12	40	47	-1	9.78	9.78
Fixation R	1	22	6305170803	6305346051	175248	615.81	140.96	11	14	-1	10.18	10.18
Fixation L	1	22	6305354425	6305537923	183498	772.74	132.97	44	23	-1	9.83	9.83
Fixation R	1	23	6305354425	6305537923	183498	772.74	132.97	44	23	-1	10.13	10.13
Fixation L	1	23	6305546296	6305729922	183626	857.22	123.82	32	20	-1	9.82	9.82
Fixation R	1	24	6305546296	6305729922	183626	857.22	123.82	32	20	-1	10.17	10.17
Fixation L	1	24	6305788295	6306072038	283743	119.79	207.12	36	50	-1	9.83	9.83
Fixation R	1	25	6305788295	6306072038	283743	119.79	207.12	36	50	-1	10.40	10.40
Fixation L	1	25	6306080293	6306505908	425615	211.74	205.06	71	17	-1	10.06	10.06
Fixation R	1	26	6306080293	6306505908	425615	211.74	205.06	71	17	-1	10.43	10.43
Fixation L	1	26	6306514282	6307248520	734238	317.23	222.57	64	26	-1	10.08	10.08
Fixation R	1	27	6306514282	6307248520	734238	317.23	222.57	64	26	-1	10.35	10.35
Fixation L	1	27	6307256897	6307423766	166869	402.48	204.33	30	33	-1	10.06	10.06
Fixation R	1	28	6307256897	6307423766	166869	402.48	204.33	30	33	-1	10.27	10.27
Fixation L	1	28	6307432146	6307640764	208618	499.76	198.54	14	21	-1	9.98	9.98
Fixation R	1	29	6307432146	6307640764	208618	499.76	198.54	14	21	-1	10.21	10.21
Fixation L	1	29	6307649137	6307824384	175247	658.58	205.01	51	11	-1	9.92	9.92
Fixation R	1	30	6307649137	6307824384	175247	658.58	205.01	51	11	-1	10.24	10.24
Fixation L	1	30	6308033012	6308258253	225241	870.03	212.99	59	14	-1	10.00	10.00
Fixation R	1	31	6308033012	6308258253	225241	870.03	212.99	59	14	-1	10.40	10.40
Fixation L	1	31	6308308382	6308583755	275373	112.63	280.31	45	49	-1	9.99	9.99
Fixation R	1	32	6308308382	6308583755	275373	112.63	280.31	45	49	-1	10.43	10.43
Fixation L	1	32	6308591998	6308767252	175254	252.99	272.24	59	26	-1	10.27	10.27
Fixation R	1	33	6308591998	6308767252	175254	252.99	272.24	59	26	-1	10.53	10.53
Fixation L	1	33	6308775625	6308967493	191868	379.77	263.46	30	13	-1	10.22	10.22
Fixation R	1	34	6308775625	6308967493	191868	379.77	263.46	30	13	-1	10.46	10.46
Fixation L	1	34	6308975871	6309201113	225242	501.48	269.26	16	8	-1	10.09	10.09
Fixation R	1	35	6308975871	6309201113	225242	501.48	269.26	16	8	-1	10.40	10.40
Fixation L	1	35	6309209493	6309393112	183619	625.94	265.10	28	3	-1	9.99	9.99
Fixation R	1	36	6309209493	6309393112	183619	625.94	265.10	28	3	-1	10.08	10.08
Fixation L	1	36	6309401487	6309735237	333750	805.47	259.09	64	16	-1	9.90	9.90
Fixation R	1	37	6309401487	6309735237	333750	805.47	259.09	64	16	-1	10.28	10.28
Fixation L	1	37	6309785360	6310110729	325369	114.78	328.07	39	28	-1	9.84	9.84
Fixation R	1	38	6309785360	6310110729	325369	114.78	328.07	39	28	-1	10.28	10.28
Fixation L	1	38	6310119104	6310285981	166877	232.57	326.82	86	7	-1	10.09	10.09
Fixation R	1	39	6310119104	6310285981	166877	232.57	326.82	86	7	-1	10.43	10.43
Fixation L	1	39	6310294348	6310578098	283750	385.60	319.96	40	11	-1	10.01	10.01
Fixation R	1	40	6310294348	6310578098	283750	385.60	319.96	40	11	-1	10.41	10.41
Fixation L	1	40	6310586348	6310820088	233740	508.04	325.83	24	13	-1	9.90	9.90
Fixation R	1	41	6310586348	6310820088	233740	508.04	325.83	24	13	-1	10.32	10.32
Fixation L	1	41	6310828339	6311078715	250376	616.57	332.26	26	6	-1	9.99	9.99
Fixation R	1	42	6310828339	6311078715	250376	616.57	332.26	26	6	-1	10.27	10.27
Fixation L	1	42	6311087091	6311253960	166869	735.48	331.58	49	7	-1	10.06	10.06
Fixation R	1	43	6311087091	6311253960	166869	735.48	331.58	49	7	-1	10.37	10.37
Fixation L	1	43	6311262338	6311445830	183492	822.43	327.86	45	5	-1	10.02	10.02
Fixation R	1	44	6311262338	6311445830	183492	822.43	327.86	45	5	-1	10.37	10.37
Fixation L	1	44	6311495954	6311729576	233622	130.73	400.50	21	34	-1	10.08	10.08
Fixation R	1	45	6311495954	6311729576	233622	130.73	400.50	21	34	-1	10.57	10.57
Fixation L	1	45	6311737956	6311988328	250372	216.70	392.55	30	7	-1	10.39	10.39
Fixation R	1	46	6311737956	6311988328	250372	216.70	392.55	30	7	-1	10.63	10.63
Fixation L	1	46	6312004952	6312271946	266994	418.76	393.75	71	12	-1	10.47	10.47
Fixation R	1	47	6312004952	6312271946	266994	418.76	393.75	71	12	-1	10.83	10.83
Fixation L	1	47	6312280319	6312455569	175250	339.36	397.49	15	7	-1	10.38	10.38
Fixation R	1	48	6312280319	6312455569	175250	339.36	397.49	15	7	-1	10.64	10.64
Fixation L	1	48	6312463941	6312630813	166872	491.52	392.69	41	3	-1	10.39	10.39
Fixation R	1	49	6312463941	6312630813	166872	491.52	392.69	41	3	-1	10.71	10.71
Fixation R	1	50	6312747567	6312964560	216993	450.33	395.43	54	44	-1	10.86	10.86
Fixation L	1	49	6312839441	6313022931	183490	458.20	399.19	37	6	-1	10.61	10.61
Fixation L	1	50	6313031306	6313264934	233628	606.50	399.56	90	6	-1	10.65	10.65
Fixation R	1	51	6313031306	6313264934	233628	606.50	399.56	90	6	-1	10.85	10.85
Fixation L	1	51	6313273302	6313506923	233621	679.69	400.28	68	5	-1	10.47	10.47
Fixation R	1	52	6313273302	6313506923	233621	679.69	400.28	68	5	-1	10.64	10.64
Fixation L	1	52	6313515303	6313607050	91747	417.31	407.72	90	8	-1	10.44	10.44
Fixation R	1	53	6313515303	6313607050	91747	417.31	407.72	90	8	-1	10.82	10.82
Fixation L	1	53	6313615425	6313782300	166875	387.71	410.82	89	8	-1	10.49	10.49
Fixation R	1	54	6313615425	6313782300	166875	387.71	410.82	89	8	-1	10.81	10.81
Fixation L	1	54	6313790676	6313940927	150251	300.98	424.65	26	7	-1	10.44	10.44
Fixation R	1	55	6313790676	6313940927	150251	300.98	424.65	26	7	-1	10.57	10.57
Fixation L	1	55	6313949296	6314291417	342121	132.55	470.27	48	44	-1	10.34	10.34
Fixation R	1	56	6313949296	6314291417	342121	132.55	470.27	48	44	-1	10.35	10.35
Fixation L	1	56	6314299667	6314633534	333867	241.22	462.21	44	19	-1	10.40	10.40
Fixation R	1	57	6314299667	6314633534	333867	241.22	462.21	44	19	-1	10.39	10.39
Fixation L	1	57	6314800410	6314975654	175244	295.58	438.29	59	25	-1	10.33	10.33
Fixation R	1	58	6314800410	6314975654	175244	295.58	438.29	59	25	-1	10.71	10.71
Fixation L	1	58	6314983905	6315217651	233746	457.79	465.24	72	19	-1	10.73	10.73
Fixation R	1	59	6314983905	6315217651	233746	457.79	465.24	72	19	-1	11.23	11.23
Fixation L	1	59	6315225900	6315509649	283749	573.70	461.01	35	10	-1	10.50	10.50
Fixation R	1	60	6315225900	6315509649	283749	573.70	461.01	35	10	-1	10.95	10.95
Fixation L	1	60	6315518023	6315760013	241990	742.09	464.33	42	9	-1	10.37	10.37
Fixation R	1	61	6315518023	6315760013	241990	742.09	464.33	42	9	-1	10.76	10.76
Fixation L	1	61	6315768393	6316110511	342118	870.50	458.92	14	15	-1	10.43	10.43
Fixation R	1	62	6315768393	6316110511	342118	870.50	458.92	14	15	-1	10.87	10.87
Fixation L	1	62	6316118760	6316285756	166996	758.38	454.07	25	9	-1	10.65	10.65
Fixation R	1	63	6316118760	6316285756	166996	758.38	454.07	25	9	-1	11.28	11.28
Fixation L	1	63	6316294011	6316527753	233742	863.68	456.04	15	11	-1	10.79	10.79
Fixation R	1	64	6316294011	6316527753	233742	863.68	456.04	15	11	-1	11.46	11.46
Fixation L	1	64	6316577751	6316744629	166878	177.98	532.75	80	14	-1	10.71	10.71
Fixation R	1	65	6316577751	6316744629	166878	177.98	532.75	80	14	-1	11.48	11.48
Fixation L	1	65	6316752999	6316961622	208623	109.79	538.68	33	3	-1	10.69	10.69
Fixation R	1	66	6316752999	6316961622	208623	109.79	538.68	33	3	-1	11.21	11.21
Fixation L	1	66	6316970002	6317203621	233619	255.56	523.07	19	16	-1	10.64	10.64
Fixation R	1	67	6316970002	6317203621	233619	255.56	523.07	19	16	-1	11.11	11.11
Fixation L	1	67	6317211998	6317337118	125120	377.02	524.76	23	3	-1	10.72	10.72
Fixation R	1	68	6317211998	6317337118	125120	377.02	524.76	23	3	-1	11.34	11.34
Fixation L	1	68	6317453990	6317712612	258622	513.04	526.91	88	6	-1	10.51	10.51
Fixation R	1	69	6317462242	6317712612	250370	513.26	526.86	88	6	-1	11.16	11.16
Fixation L	1	69	6317720987	6317962983	241996	700.58	523.94	48	7	-1	10.30	10.30
Fixation R	1	70	6317720987	6317962983	241996	700.58	523.94	48	7	-1	10.84	10.84
Fixation L	1	70	6317971356	6318204983	233627	794.40	518.57	51	6	-1	10.12	10.12
Fixation R	1	71	6317971356	6318204983	233627	794.40	518.57	51	6	-1	10.60	10.60
Fixation L	1	71	6318213229	6318363475	150246	922.48	519.38	19	8	-1	9.90	9.90
Fixation R	1	72	6318213229	6318363475	150246	922.48	519.38	19	8	-1	10.34	10.34
Fixation L	1	72	6318413599	6318622224	208625	168.09	570.83	38	31	-1	9.92	9.92
Fixation R	1	73	6318413599	6318622224	208625	168.09	570.83	38	31	-1	10.30	10.30
Fixation L	1	73	6318630475	6318855850	225375	257.09	569.57	47	13	-1	10.12	10.12
Fixation R	1	74	6318630475	6318855850	225375	257.09	569.57	47	13	-1	10.42	10.42
Fixation L	1	74	6318864224	6318997714	133490	370.23	579.76	89	6	-1	10.43	10.43
Fixation R	1	75	6318864224	6318997714	133490	370.23	579.76	89	6	-1	10.84	10.84
Fixation L	1	75	6319156219	6319314711	158492	431.49	548.28	57	19	-1	10.00	10.00
Fixation R	1	76	6319156219	6319314711	158492	431.49	548.28	57	19	-1	10.55	10.55
Fixation L	1	76	6319323085	6319548458	225373	566.75	569.78	16	15	-1	10.32	10.32
Fixation R	1	77	6319323085	6319548458	225373	566.75	569.78	16	15	-1	10.83	10.83
Fixation L	1	77	6319556712	6319815453	258741	689.64	579.03	46	16	-1	10.25	10.25
Fixation L	1	78	6319823701	6320024075	200374	845.09	573.78	32	9	-1	9.97	9.97
Fixation R	1	78	6319823701	6320024075	200374	845.09	573.78	32	9	-1	10.43	10.43
Fixation L	1	79	6320032453	6320132579	100126	935.45	573.91	60	5	-1	9.88	9.88
Fixation R	1	79	6320032453	6320132579	100126	935.45	573.91	60	5	-1	10.24	10.24
Fixation L	1	80	6320182576	6320391196	208620	150.22	632.12	72	26	-1	9.94	9.94
Fixation R	1	80	6320182576	6320391196	208620	150.22	632.12	72	26	-1	10.26	10.26
Fixation L	1	81	6320399569	6320482947	83378	105.93	647.64	61	11	-1	10.11	10.11
Fixation R	1	81	6320399569	6320482947	83378	105.93	647.64	61	11	-1	10.40	10.40
Fixation L	1	82	6320491323	6320674939	183616	305.88	627.35	40	23	-1	10.60	10.60
Fixation R	1	82	6320491323	6320674939	183616	305.88	627.35	40	23	-1	10.75	10.75
Fixation L	1	83	6320691567	6320925311	233744	469.31	637.81	80	6	-1	10.59	10.59
Fixation R	1	83	6320691567	6320925311	233744	469.31	637.81	80	6	-1	11.42	11.42
Fixation L	1	84	6320933565	6321142187	208622	629.36	641.29	70	9	-1	10.55	10.55
Fixation R	1	84	6320933565	6321142187	208622	629.36	641.29	70	9	-1	10.96	10.96
Fixation L	1	85	6321150557	6321384183	233626	773.96	635.92	14	5	-1	10.34	10.34
Fixation R	1	85	6321150557	6321384183	233626	773.96	635.92	14	5	-1	10.80	10.80
Fixation L	1	86	6321392555	6321642927	250372	890.39	631.95	17	11	-1	10.36	10.36
Fixation R	1	86	6321392555	6321484306	91751	886.22	636.44	10	3	-1	9.93	9.93
Fixation L	1	87	6321701300	6321943297	241997	111.60	709.55	38	38	-1	10.40	10.40
Fixation R	1	87	6321701300	6321943297	241997	111.60	709.55	38	38	-1	10.91	10.91
Fixation L	1	88	6321951675	6322285420	333745	279.85	699.63	17	13	-1	10.85	10.85
Fixation R	1	88	6321951675	6322285420	333745	279.85	699.63	17	13	-1	10.90	10.90
Fixation L	1	89	6322293792	6322510792	217000	453.87	706.93	79	7	-1	11.03	11.03
Fixation R	1	89	6322293792	6322510792	217000	453.87	706.93	79	7	-1	11.76	11.76
Fixation L	1	90	6322519036	6322727661	208625	629.50	700.20	30	7	-1	10.95	10.95
Fixation R	1	90	6322519036	6322727661	208625	629.50	700.20	30	7	-1	11.36	11.36
Fixation L	1	91	6322736038	6322819534	83496	798.88	701.74	93	5	-1	10.43	10.43
Fixation R	1	91	6322736038	6322819534	83496	798.88	701.74	93	5	-1	11.03	11.03
Fixation L	1	92	6322827786	6322978030	150244	804.07	700.03	23	2	-1	10.42	10.42
Fixation R	1	92	6322827786	6322978030	150244	804.07	700.03	23	2	-1	10.98	10.98
Fixation L	1	93	6322986410	6323228401	241991	914.38	701.46	26	4	-1	10.44	10.44
Fixation R	1	93	6322986410	6323228401	241991	914.38	701.46	26	4	-1	10.83	10.83
Fixation L	1	94	6323236655	6323386903	150248	777.28	698.00	20	4	-1	10.54	10.54
Fixation R	1	94	6323236655	6323386903	150248	777.28	698.00	20	4	-1	10.98	10.98
Fixation L	1	95	6323395274	6323620523	225249	909.48	707.36	22	61	-1	10.59	10.59
Fixation R	1	95	6323395274	6323620523	225249	909.48	707.36	22	61	-1	11.00	11.00

