[BeGaze]
Converted from:	C:\Program Files\SMI\Experiment Suite 360\Experiment Center 2\Results\Readability_First_01\P02-eye_data.idf
Date:	02.08.2013 11:27:28
Version:	BeGaze 3.2.28
Sample Rate:	120
Subject:	P02
Description:	Run2

Table Header for Fixations:
Event Type	Trial	Number	Start	End	Duration	Location X	Location Y	Dispersion X	Dispersion Y	Plane	Avg. Pupil Size X	Avg. Pupil Size Y


Fixation L	1	1	6830978479	6831303956	325477	135.39	65.68	42	25	-1	10.07	10.07
Fixation R	1	1	6830978479	6831303956	325477	135.39	65.68	42	25	-1	10.45	10.45
Fixation L	1	2	6831312200	6831470826	158626	267.11	37.03	20	42	-1	9.36	9.36
Fixation R	1	2	6831312200	6831470826	158626	267.11	37.03	20	42	-1	10.08	10.08
Fixation L	1	3	6831554201	6831787942	233741	318.44	8.97	59	40	-1	9.67	9.67
Fixation R	1	3	6831554201	6831787942	233741	318.44	8.97	59	40	-1	9.83	9.83
Fixation L	1	4	6831796193	6832021564	225371	494.98	17.44	39	16	-1	9.60	9.60
Fixation R	1	4	6831796193	6832021564	225371	494.98	17.44	39	16	-1	10.08	10.08
Fixation L	1	5	6832029943	6832196812	166869	631.68	-1.38	60	14	-1	9.64	9.64
Fixation R	1	5	6832029943	6832196812	166869	631.68	-1.38	60	14	-1	10.00	10.00
Fixation L	1	6	6832205193	6832455441	250248	761.59	0.39	67	9	-1	9.23	9.23
Fixation R	1	6	6832205193	6832455441	250248	761.59	0.39	67	9	-1	9.79	9.79
Fixation L	1	7	6832463809	6832655686	191877	854.79	14.56	16	20	-1	9.02	9.02
Fixation R	1	7	6832463809	6832739179	275370	854.78	14.65	18	20	-1	9.72	9.72
Fixation R	1	8	6832789304	6832964426	175122	145.42	33.86	67	27	-1	9.98	9.98
Fixation L	1	8	6832972802	6833156429	183627	145.38	55.91	15	20	-1	9.16	9.16
Fixation R	1	9	6832972802	6833156429	183627	145.38	55.91	15	20	-1	9.91	9.91
Fixation L	1	9	6833164799	6833398418	233619	278.45	31.81	39	30	-1	9.72	9.72
Fixation R	1	10	6833164799	6833398418	233619	278.45	31.81	39	30	-1	9.97	9.97
Fixation L	1	10	6833415048	6833615295	200247	142.82	106.27	20	76	-1	9.75	9.75
Fixation R	1	11	6833415048	6833615295	200247	142.82	106.27	20	76	-1	9.97	9.97
Fixation L	1	11	6833623669	6833790541	166872	117.95	132.67	11	14	-1	9.72	9.72
Fixation R	1	12	6833623669	6833790541	166872	117.95	132.67	11	14	-1	9.98	9.98
Fixation L	1	12	6833798918	6834082666	283748	239.66	104.29	39	40	-1	9.79	9.79
Fixation R	1	13	6833798918	6834082666	283748	239.66	104.29	39	40	-1	10.04	10.04
Fixation L	1	13	6834099287	6834299658	200371	389.49	74.75	24	38	-1	9.90	9.90
Fixation R	1	14	6834099287	6834299658	200371	389.49	74.75	24	38	-1	10.07	10.07
Fixation L	1	14	6834307913	6834541656	233743	362.94	17.80	29	22	-1	9.77	9.77
Fixation R	1	15	6834307913	6834541656	233743	362.94	17.80	29	22	-1	9.99	9.99
Fixation L	1	15	6834549905	6834800276	250371	511.25	37.83	16	19	-1	10.13	10.13
Fixation R	1	16	6834549905	6834725152	175247	509.24	34.67	13	6	-1	9.92	9.92
Fixation L	1	16	6834808654	6834967148	158494	384.09	78.52	56	36	-1	10.39	10.39
Fixation R	1	17	6834808654	6834967148	158494	384.09	78.52	56	36	-1	10.81	10.81
Fixation L	1	17	6834975522	6835175766	200244	302.77	101.54	44	24	-1	10.34	10.34
Fixation R	1	18	6834975522	6835175766	200244	302.77	101.54	44	24	-1	10.82	10.82
Fixation L	1	18	6835184153	6835426144	241991	454.92	104.73	64	15	-1	10.38	10.38
Fixation R	1	19	6835184153	6835426144	241991	454.92	104.73	64	15	-1	10.74	10.74
Fixation R	1	20	6835442764	6835676507	233743	652.33	96.18	57	16	-1	10.60	10.60
Fixation R	1	21	6835684759	6835893393	208634	557.25	103.87	17	8	-1	10.48	10.48
Fixation R	1	22	6835926762	6836160381	233619	828.31	109.71	50	13	-1	10.31	10.31
Fixation R	1	23	6836168752	6836294005	125253	934.52	127.73	31	22	-1	10.20	10.20
Fixation R	1	24	6836402375	6836652746	250371	141.20	185.97	69	28	-1	10.59	10.59
Fixation R	1	25	6836744495	6836903115	158620	272.56	187.72	69	16	-1	10.55	10.55
Fixation R	1	26	6837011620	6837094994	83374	343.71	154.37	44	15	-1	10.75	10.75
Fixation R	1	27	6837128366	6837445483	317117	392.59	170.35	59	27	-1	10.73	10.73
Fixation R	1	28	6837528984	6837820980	291996	531.67	163.30	18	7	-1	10.45	10.45
Fixation R	1	29	6837929480	6838196474	266994	714.57	160.39	76	10	-1	10.26	10.26
Fixation R	1	30	6838204846	6838296597	91751	850.76	165.28	8	6	-1	10.27	10.27
Fixation R	1	31	6838329975	6838588718	258743	868.79	187.40	35	35	-1	10.25	10.25
Fixation R	1	32	6838730591	6839005959	275368	119.59	256.20	71	9	-1	10.42	10.42
Fixation R	1	33	6839014213	6839097713	83500	275.81	240.20	11	24	-1	10.46	10.46
Fixation R	1	34	6839131090	6839272955	141865	280.51	238.35	83	11	-1	10.27	10.27
Fixation R	1	35	6839281335	6839498209	216874	376.09	238.57	3	10	-1	10.20	10.20
Fixation R	1	36	6839531581	6839673450	141869	353.40	224.44	39	15	-1	10.17	10.17
Fixation R	1	37	6839815328	6839923820	108492	349.77	207.22	74	24	-1	10.19	10.19
Fixation L	1	19	6839923820	6840341073	417253	450.02	223.47	84	11	-1	9.85	9.85
Fixation R	1	38	6839932198	6840341073	408875	451.45	223.55	82	11	-1	10.36	10.36
Fixation L	1	20	6840349439	6840432813	83374	356.11	225.45	24	8	-1	8.73	8.73
Fixation R	1	39	6840349439	6840566313	216874	352.95	230.31	32	15	-1	10.08	10.08
Fixation L	1	21	6840449566	6840566313	116747	351.02	233.74	13	10	-1	9.44	9.44
Fixation R	1	40	6840783310	6841033681	250371	543.33	195.77	39	7	-1	10.29	10.29
Fixation L	1	22	6840925181	6841033681	108500	549.60	196.00	27	5	-1	10.07	10.07
Fixation L	1	23	6841041934	6841183806	141872	668.96	192.62	75	8	-1	10.02	10.02
Fixation R	1	41	6841041934	6841183806	141872	668.96	192.62	75	8	-1	10.09	10.09
Fixation L	1	24	6841267303	6841409176	141873	818.95	210.75	65	33	-1	9.55	9.55
Fixation R	1	42	6841267303	6841409176	141873	818.95	210.75	65	33	-1	9.90	9.90
Fixation L	1	25	6841417555	6841651182	233627	746.02	198.35	88	10	-1	9.95	9.95
Fixation R	1	43	6841417555	6841651182	233627	746.02	198.35	88	10	-1	10.28	10.28
Fixation L	1	26	6841659422	6841809669	150247	706.95	204.17	19	2	-1	9.99	9.99
Fixation R	1	44	6841659422	6841809669	150247	706.95	204.17	19	2	-1	10.32	10.32
Fixation L	1	27	6841818048	6842393786	575738	846.76	210.02	63	13	-1	9.98	9.98
Fixation R	1	45	6841818048	6842393786	575738	846.76	210.02	63	13	-1	10.24	10.24
Fixation L	1	28	6842452164	6842585783	133619	176.88	275.51	41	39	-1	9.86	9.86
Fixation R	1	46	6842452164	6842585783	133619	176.88	275.51	41	39	-1	10.39	10.39
Fixation L	1	29	6842594034	6842786030	191996	113.07	289.03	29	27	-1	9.95	9.95
Fixation R	1	47	6842594034	6842786030	191996	113.07	289.03	29	27	-1	10.35	10.35
Fixation L	1	30	6842794281	6842986281	192000	293.45	286.96	52	35	-1	10.15	10.15
Fixation R	1	48	6842794281	6842986281	192000	293.45	286.96	52	35	-1	10.34	10.34
Fixation L	1	31	6842994655	6843278273	283618	208.04	283.93	40	15	-1	9.87	9.87
Fixation R	1	49	6842994655	6843278273	283618	208.04	283.93	40	15	-1	10.20	10.20
Fixation L	1	32	6843320023	6843470266	150243	734.14	214.64	41	13	-1	9.88	9.88
Fixation R	1	50	6843320023	6843470266	150243	734.14	214.64	41	13	-1	10.08	10.08
Fixation L	1	33	6843478644	6843620390	141746	882.65	209.31	46	9	-1	9.93	9.93
Fixation L	1	34	6843678891	6843929141	250250	152.85	276.86	62	34	-1	9.80	9.80
Fixation R	1	51	6843678891	6843929141	250250	152.85	276.86	62	34	-1	10.32	10.32
Fixation L	1	35	6844021013	6844171136	150123	378.72	234.66	59	40	-1	10.06	10.06
Fixation R	1	52	6844021013	6844171136	150123	378.72	234.66	59	40	-1	10.34	10.34
Fixation L	1	36	6844237884	6844479881	241997	586.03	204.26	32	15	-1	9.87	9.87
Fixation R	1	53	6844237884	6844479881	241997	586.03	204.26	32	15	-1	10.17	10.17
Fixation L	1	37	6844496627	6844721874	225247	820.76	200.73	61	27	-1	9.85	9.85
Fixation R	1	54	6844496627	6844721874	225247	820.76	200.73	61	27	-1	10.09	10.09
Fixation L	1	38	6844730257	6844813751	83494	878.62	216.72	33	8	-1	9.67	9.67
Fixation R	1	55	6844730257	6844813751	83494	878.62	216.72	33	8	-1	9.95	9.95
Fixation L	1	39	6844930501	6845130874	200373	162.60	292.22	39	22	-1	9.83	9.83
Fixation R	1	56	6844930501	6845130874	200373	162.60	292.22	39	22	-1	10.27	10.27
Fixation L	1	40	6845139120	6845506373	367253	254.36	282.27	22	16	-1	10.02	10.02
Fixation R	1	57	6845139120	6845506373	367253	254.36	282.27	22	16	-1	10.34	10.34
Fixation L	1	41	6845514615	6845698235	183620	366.89	271.08	21	6	-1	9.88	9.88
Fixation R	1	58	6845514615	6845698235	183620	366.89	271.08	21	6	-1	10.18	10.18
Fixation L	1	42	6845706615	6846098731	392116	492.30	281.43	31	23	-1	9.80	9.80
Fixation R	1	59	6845706615	6846098731	392116	492.30	281.43	31	23	-1	10.09	10.09
Fixation L	1	43	6846107109	6846349100	241991	591.72	264.40	64	23	-1	9.67	9.67
Fixation R	1	60	6846107109	6846349100	241991	591.72	264.40	64	23	-1	9.83	9.83
Fixation R	1	61	6846357480	6846841476	483996	756.32	261.53	66	14	-1	9.96	9.96
Fixation L	1	44	6846407478	6846841476	433998	758.96	261.43	57	14	-1	9.41	9.41
Fixation L	1	45	6846899843	6847133469	233626	103.21	317.01	22	31	-1	9.45	9.45
Fixation R	1	62	6846899843	6847133469	233626	103.21	317.01	22	31	-1	9.89	9.89
Fixation L	1	46	6847141838	6847291959	150121	183.51	332.09	23	4	-1	9.62	9.62
Fixation R	1	63	6847141838	6847291959	150121	183.51	332.09	23	4	-1	9.47	9.47
Fixation L	1	47	6847475580	6847675831	200251	279.74	329.02	22	23	-1	9.84	9.84
Fixation R	1	64	6847475580	6847675831	200251	279.74	329.02	22	23	-1	10.21	10.21
Fixation L	1	48	6847684205	6847892828	208623	443.61	326.89	71	13	-1	10.02	10.02
Fixation R	1	65	6847684205	6847892828	208623	443.61	326.89	71	13	-1	10.25	10.25
Fixation L	1	49	6847901203	6848234949	333746	547.19	332.22	30	7	-1	9.89	9.89
Fixation R	1	66	6847901203	6848234949	333746	547.19	332.22	30	7	-1	10.30	10.30
Fixation L	1	50	6848243323	6848577067	333744	743.92	315.62	70	24	-1	9.81	9.81
Fixation R	1	67	6848243323	6848577067	333744	743.92	315.62	70	24	-1	10.22	10.22
Fixation L	1	51	6848593818	6848869184	275366	914.69	328.06	26	8	-1	9.79	9.79
Fixation R	1	68	6848593818	6848869184	275366	914.69	328.06	26	8	-1	10.16	10.16
Fixation L	1	52	6848927559	6849127806	200247	133.70	406.93	65	31	-1	9.85	9.85
Fixation R	1	69	6848927559	6849127806	200247	133.70	406.93	65	31	-1	10.14	10.14
Fixation L	1	53	6849353178	6849453301	100123	175.96	370.96	49	23	-1	10.37	10.37
Fixation R	1	70	6849353178	6849453301	100123	175.96	370.96	49	23	-1	10.12	10.12
Fixation L	1	54	6849461678	6849620178	158500	255.37	374.11	11	23	-1	10.33	10.33
Fixation R	1	71	6849461678	6849620178	158500	255.37	374.11	11	23	-1	10.44	10.44
Fixation L	1	55	6849628548	6849828796	200248	374.97	377.93	75	6	-1	10.33	10.33
Fixation R	1	72	6849628548	6849828796	200248	374.97	377.93	75	6	-1	10.75	10.75
Fixation L	1	56	6849837171	6850137547	300376	579.54	379.85	63	14	-1	10.25	10.25
Fixation R	1	73	6849837171	6850137547	300376	579.54	379.85	63	14	-1	10.67	10.67
Fixation L	1	57	6850145918	6850972034	826116	816.30	374.44	65	20	-1	10.04	10.04
Fixation R	1	74	6850145918	6850972034	826116	816.30	374.44	65	20	-1	10.35	10.35
Fixation L	1	58	6851022031	6851222278	200247	171.23	457.84	28	37	-1	9.98	9.98
Fixation R	1	75	6851022031	6851222278	200247	171.23	457.84	28	37	-1	10.35	10.35
Fixation L	1	59	6851230652	6851606143	375491	297.82	446.54	76	15	-1	10.03	10.03
Fixation R	1	76	6851230652	6851606143	375491	297.82	446.54	76	15	-1	10.37	10.37
Fixation L	1	60	6851622899	6851914889	291990	447.61	454.37	51	12	-1	9.93	9.93
Fixation R	1	77	6851622899	6851914889	291990	447.61	454.37	51	12	-1	10.35	10.35
Fixation R	1	78	6851923269	6852282009	358740	582.99	441.91	29	26	-1	10.56	10.56
Fixation L	1	61	6852131889	6852282009	150120	582.41	443.37	28	18	-1	9.92	9.92
Fixation L	1	62	6852290387	6852549132	258745	697.03	446.98	47	13	-1	9.73	9.73
Fixation R	1	79	6852290387	6852549132	258745	697.03	446.98	47	13	-1	10.43	10.43
Fixation L	1	63	6852557383	6852899630	342247	824.04	438.79	35	9	-1	9.69	9.69
Fixation R	1	80	6852557383	6852899630	342247	824.04	438.79	35	9	-1	10.19	10.19
Fixation L	1	64	6852907875	6853341869	433994	612.21	447.64	71	15	-1	9.83	9.83
Fixation R	1	81	6852907875	6853341869	433994	612.21	447.64	71	15	-1	10.36	10.36
Fixation L	1	65	6853500371	6853675619	175248	734.34	436.68	59	21	-1	9.74	9.74
Fixation R	1	82	6853500371	6853675619	175248	734.34	436.68	59	21	-1	9.95	9.95
Fixation L	1	66	6853683990	6854059484	375494	856.85	437.12	58	5	-1	9.73	9.73
Fixation R	1	83	6853683990	6854059484	375494	856.85	437.12	58	5	-1	10.11	10.11
Fixation L	1	67	6854067859	6854268107	200248	922.41	441.25	44	15	-1	9.69	9.69
Fixation R	1	84	6854067859	6854268107	200248	922.41	441.25	44	15	-1	10.05	10.05
Fixation L	1	68	6854326482	6854852224	525742	130.45	511.65	67	19	-1	9.67	9.67
Fixation R	1	85	6854326482	6854852224	525742	130.45	511.65	67	19	-1	9.97	9.97
Fixation L	1	69	6854860470	6855035719	175249	294.54	502.77	58	3	-1	9.79	9.79
Fixation R	1	86	6854860470	6855035719	175249	294.54	502.77	58	3	-1	10.00	10.00
Fixation L	1	70	6855044092	6855678334	634242	146.19	511.48	81	18	-1	9.75	9.75
Fixation R	1	87	6855044092	6855678334	634242	146.19	511.48	81	18	-1	9.92	9.92
Fixation L	1	71	6855686585	6856103831	417246	162.39	509.22	84	14	-1	10.06	10.06
Fixation R	1	88	6855686585	6856103831	417246	162.39	509.22	84	14	-1	10.09	10.09
Fixation L	1	72	6856112205	6856646318	534113	332.09	506.75	82	11	-1	9.91	9.91
Fixation R	1	89	6856112205	6856646318	534113	332.09	506.75	82	11	-1	10.16	10.16
Fixation L	1	73	6856654572	6856971690	317118	442.31	503.93	61	9	-1	9.76	9.76
Fixation R	1	90	6856654572	6856971690	317118	442.31	503.93	61	9	-1	10.21	10.21
Fixation L	1	74	6856980068	6857288811	308743	584.41	504.83	23	10	-1	9.65	9.65
Fixation R	1	91	6856980068	6857288811	308743	584.41	504.83	23	10	-1	10.18	10.18
Fixation L	1	75	6857297186	6857530807	233621	760.64	489.43	68	19	-1	9.36	9.36
Fixation R	1	92	6857297186	6857530807	233621	760.64	489.43	68	19	-1	9.97	9.97
Fixation L	1	76	6857539183	6857814549	275366	816.50	488.52	35	5	-1	9.09	9.09
Fixation R	1	93	6857539183	6857906305	367122	818.24	488.97	39	7	-1	9.87	9.87
Fixation L	1	77	6857939671	6858807541	867870	326.95	513.87	59	24	-1	9.75	9.75
Fixation R	1	94	6857939671	6859007791	1068120	327.05	514.82	59	27	-1	10.35	10.35
Fixation L	1	78	6858857540	6859007791	150251	328.04	520.33	8	14	-1	10.08	10.08
Fixation L	1	79	6859016156	6859191403	175247	515.16	519.49	83	10	-1	10.34	10.34
Fixation R	1	95	6859016156	6859191403	175247	515.16	519.49	83	10	-1	10.65	10.65
Fixation L	1	80	6859199653	6859383276	183623	692.02	507.10	32	19	-1	10.05	10.05
Fixation R	1	96	6859199653	6859383276	183623	692.02	507.10	32	19	-1	10.42	10.42
Fixation L	1	81	6859391650	6860151014	759364	816.63	497.56	80	15	-1	9.77	9.77
Fixation R	1	97	6859391650	6860151014	759364	816.63	497.56	80	15	-1	10.32	10.32
Fixation L	1	82	6860209395	6860384638	175243	127.45	574.66	67	24	-1	9.71	9.71
Fixation R	1	98	6860209395	6860384638	175243	127.45	574.66	67	24	-1	10.08	10.08
Fixation L	1	83	6860393011	6860568131	175120	84.79	578.31	64	10	-1	9.78	9.78
Fixation R	1	99	6860393011	6860568131	175120	84.79	578.31	64	10	-1	10.02	10.02
Fixation L	1	84	6860576512	6860952002	375490	199.61	567.07	45	10	-1	10.04	10.04
Fixation R	1	100	6860576512	6860952002	375490	199.61	567.07	45	10	-1	9.98	9.98
Fixation L	1	85	6860960385	6861360879	400494	335.71	562.45	80	14	-1	10.08	10.08
Fixation R	1	101	6860960385	6861360879	400494	335.71	562.45	80	14	-1	10.27	10.27
Fixation L	1	86	6861369249	6861619620	250371	401.86	568.18	11	7	-1	10.08	10.08
Fixation R	1	102	6861369249	6861619620	250371	401.86	568.18	11	7	-1	10.52	10.52
Fixation L	1	87	6861627998	6861786493	158495	514.91	565.96	43	4	-1	10.30	10.30
Fixation R	1	103	6861627998	6861786493	158495	514.91	565.96	43	4	-1	10.71	10.71
Fixation L	1	88	6861794866	6862145361	350495	696.85	563.80	80	9	-1	10.29	10.29
Fixation R	1	104	6861794866	6862145361	350495	696.85	563.80	80	9	-1	10.70	10.70
Fixation L	1	89	6862195359	6862395608	200249	112.01	642.75	19	18	-1	10.02	10.02
Fixation R	1	105	6862195359	6862395608	200249	112.01	642.75	19	18	-1	10.19	10.19
Fixation L	1	90	6862403982	6862737737	333755	264.06	620.91	53	31	-1	10.37	10.37
Fixation R	1	106	6862403982	6862737737	333755	264.06	620.91	53	31	-1	10.22	10.22
Fixation L	1	91	6862746106	6862837849	91743	491.22	630.42	93	6	-1	10.50	10.50
Fixation R	1	107	6862746106	6862837849	91743	491.22	630.42	93	6	-1	11.02	11.02
Fixation L	1	92	6862846233	6863129973	283740	484.30	628.05	36	12	-1	10.41	10.41
Fixation R	1	108	6862846233	6863129973	283740	484.30	628.05	36	12	-1	10.93	10.93
Fixation L	1	93	6863138348	6863505466	367118	648.05	619.30	59	23	-1	10.40	10.40
Fixation R	1	109	6863138348	6863505466	367118	648.05	619.30	59	23	-1	10.78	10.78
Fixation R	1	110	6863522216	6863647337	125121	524.58	579.11	62	31	-1	10.98	10.98
Fixation L	1	94	6863655709	6863839211	183502	334.46	622.37	73	24	-1	10.17	10.17
Fixation R	1	111	6863655709	6863839211	183502	334.46	622.37	73	24	-1	10.13	10.13
Fixation L	1	95	6863847581	6864072828	225247	233.90	635.55	21	12	-1	10.33	10.33
Fixation R	1	112	6863847581	6864072828	225247	233.90	635.55	21	12	-1	10.08	10.08
Fixation L	1	96	6864081204	6864248077	166873	125.54	636.13	37	8	-1	9.57	9.57
Fixation R	1	113	6864081204	6864314832	233628	125.08	637.56	37	12	-1	10.17	10.17
Fixation L	1	97	6864356576	6864615327	258751	710.02	608.57	70	26	-1	9.62	9.62
Fixation R	1	114	6864356576	6864615327	258751	710.02	608.57	70	26	-1	10.65	10.65
Fixation L	1	98	6864623572	6864798818	175246	610.89	627.98	59	13	-1	10.40	10.40
Fixation R	1	115	6864623572	6864798818	175246	610.89	627.98	59	13	-1	10.81	10.81
Fixation L	1	99	6864807193	6865040817	233624	802.32	626.33	39	10	-1	9.93	9.93
Fixation R	1	116	6864807193	6865040817	233624	802.32	626.33	39	10	-1	10.48	10.48
Fixation L	1	100	6865049191	6865207686	158495	907.00	633.51	71	6	-1	10.10	10.10
Fixation R	1	117	6865049191	6865207686	158495	907.00	633.51	71	6	-1	10.33	10.33
Fixation L	1	101	6865257815	6865424686	166871	121.92	699.00	53	43	-1	9.78	9.78
Fixation R	1	118	6865257815	6865424686	166871	121.92	699.00	53	43	-1	10.15	10.15
Fixation L	1	102	6865508184	6865683433	175249	281.05	679.06	54	21	-1	10.14	10.14
Fixation R	1	119	6865508184	6865683433	175249	281.05	679.06	54	21	-1	10.02	10.02
Fixation L	1	103	6865691690	6865900305	208615	438.04	678.03	12	7	-1	10.16	10.16
Fixation R	1	120	6865691690	6865900305	208615	438.04	678.03	12	7	-1	10.74	10.74
Fixation R	1	121	6865917059	6866092302	175243	694.77	696.52	43	20	-1	10.54	10.54
Fixation L	1	104	6866108927	6866426047	317120	859.29	688.38	22	48	-1	9.85	9.85
Fixation R	1	122	6866108927	6866426047	317120	859.29	688.38	22	48	-1	10.27	10.27

