[BeGaze]
Converted from:	C:\Program Files\SMI\Experiment Suite 360\Experiment Center 2\Results\Readability_First_01\P02-eye_data.idf
Date:	02.08.2013 11:27:25
Version:	BeGaze 3.2.28
Sample Rate:	120
Subject:	P02
Description:	Run2

Table Header for Fixations:
Event Type	Trial	Number	Start	End	Duration	Location X	Location Y	Dispersion X	Dispersion Y	Plane	Avg. Pupil Size X	Avg. Pupil Size Y


Fixation L	1	1	4939069413	4939378115	308702	113.50	73.31	62	34	-1	10.25	10.25
Fixation R	1	1	4939069413	4939378115	308702	113.50	73.31	62	34	-1	10.79	10.79
Fixation L	1	2	4939394869	4939536616	141747	229.93	54.53	37	38	-1	10.14	10.14
Fixation R	1	2	4939394869	4939536616	141747	229.93	54.53	37	38	-1	10.50	10.50
Fixation L	1	3	4939544993	4940070729	525736	321.54	35.53	47	30	-1	10.09	10.09
Fixation R	1	3	4939544993	4940070729	525736	321.54	35.53	47	30	-1	10.40	10.40
Fixation L	1	4	4940079102	4940212607	133505	398.58	22.98	52	9	-1	10.22	10.22
Fixation R	1	4	4940079102	4940212607	133505	398.58	22.98	52	9	-1	10.38	10.38
Fixation L	1	5	4940220980	4940454597	233617	547.76	26.94	19	14	-1	10.31	10.31
Fixation R	1	5	4940220980	4940454597	233617	547.76	26.94	19	14	-1	10.60	10.60
Fixation L	1	6	4940462977	4940779967	316990	693.72	27.28	44	25	-1	10.42	10.42
Fixation R	1	6	4940462977	4940779967	316990	693.72	27.28	44	25	-1	10.71	10.71
Fixation L	1	7	4940788347	4940938596	150249	782.63	23.77	13	22	-1	10.29	10.29
Fixation R	1	7	4940788347	4940938596	150249	782.63	23.77	13	22	-1	10.58	10.58
Fixation L	1	8	4940980213	4941105468	125255	178.84	117.58	66	32	-1	10.19	10.19
Fixation R	1	8	4940980213	4941105468	125255	178.84	117.58	66	32	-1	10.72	10.72
Fixation L	1	9	4941113843	4941222216	108373	140.20	114.27	74	12	-1	10.17	10.17
Fixation R	1	9	4941113843	4941222216	108373	140.20	114.27	74	12	-1	10.70	10.70
Fixation L	1	10	4941230586	4941397463	166877	374.26	106.35	80	12	-1	10.63	10.63
Fixation R	1	10	4941230586	4941397463	166877	374.26	106.35	80	12	-1	10.83	10.83
Fixation L	1	11	4941405834	4941572707	166873	466.61	106.83	35	10	-1	10.53	10.53
Fixation R	1	11	4941405834	4941572707	166873	466.61	106.83	35	10	-1	10.78	10.78
Fixation L	1	12	4941581080	4941747952	166872	580.72	95.66	41	19	-1	10.36	10.36
Fixation R	1	12	4941581080	4941747952	166872	580.72	95.66	41	19	-1	10.55	10.55
Fixation L	1	13	4941756327	4941931576	175249	696.61	82.87	90	9	-1	10.21	10.21
Fixation R	1	13	4941756327	4941931576	175249	696.61	82.87	90	9	-1	10.33	10.33
Fixation L	1	14	4941939954	4942206946	266992	810.00	87.37	90	6	-1	10.16	10.16
Fixation R	1	14	4941964955	4942206946	241991	812.51	87.46	90	6	-1	10.31	10.31
Fixation L	1	15	4942256945	4942415572	158627	183.57	165.48	66	27	-1	10.06	10.06
Fixation R	1	15	4942256945	4942415572	158627	183.57	165.48	66	27	-1	10.76	10.76
Fixation L	1	16	4942423821	4942640819	216998	93.10	174.31	45	17	-1	10.15	10.15
Fixation R	1	16	4942423821	4942640819	216998	93.10	174.31	45	17	-1	10.67	10.67
Fixation L	1	17	4942649189	4942866191	217002	259.64	157.17	57	34	-1	10.27	10.27
Fixation R	1	17	4942649189	4942866191	217002	259.64	157.17	57	34	-1	10.67	10.67
Fixation L	1	18	4942874441	4943133184	258743	366.53	153.10	35	18	-1	10.45	10.45
Fixation R	1	18	4942874441	4943133184	258743	366.53	153.10	35	18	-1	10.67	10.67
Fixation R	1	19	4943208305	4943483675	275370	395.54	69.45	35	57	-1	10.72	10.72
Fixation L	1	19	4943216567	4943483675	267108	395.39	70.48	35	57	-1	10.44	10.44
Fixation L	1	20	4943491929	4943608802	116873	300.47	46.61	64	34	-1	10.40	10.40
Fixation R	1	20	4943558674	4943775672	216998	290.19	38.77	9	9	-1	10.13	10.13
Fixation L	1	21	4943617180	4943775672	158492	289.33	39.27	5	8	-1	10.31	10.31

