[BeGaze]
Converted from:	C:\Program Files\SMI\Experiment Suite 360\Experiment Center 2\Results\Readability_First_01\P02-eye_data.idf
Date:	02.08.2013 11:27:27
Version:	BeGaze 3.2.28
Sample Rate:	120
Subject:	P02
Description:	Run2

Table Header for Fixations:
Event Type	Trial	Number	Start	End	Duration	Location X	Location Y	Dispersion X	Dispersion Y	Plane	Avg. Pupil Size X	Avg. Pupil Size Y


Fixation L	1	1	5859836863	5860028794	191931	151.22	88.43	52	40	-1	9.90	9.90
Fixation R	1	1	5859836863	5860028794	191931	151.22	88.43	52	40	-1	10.72	10.72
Fixation L	1	2	5860120547	5860304164	183617	273.96	84.10	12	35	-1	10.09	10.09
Fixation R	1	2	5860120547	5860304164	183617	273.96	84.10	12	35	-1	10.62	10.62
Fixation L	1	3	5860312421	5860546167	233746	389.45	60.28	70	13	-1	10.16	10.16
Fixation R	1	3	5860312421	5860546167	233746	389.45	60.28	70	13	-1	10.55	10.55
Fixation L	1	4	5860554412	5860721287	166875	516.65	56.90	17	63	-1	9.89	9.89
Fixation R	1	4	5860554412	5860738037	183625	515.97	56.33	17	63	-1	10.74	10.74
Fixation L	1	5	5860829786	5861038406	208620	587.05	66.49	21	23	-1	10.48	10.48
Fixation R	1	5	5860829786	5861038406	208620	587.05	66.49	21	23	-1	10.83	10.83
Fixation R	1	6	5861046779	5861205277	158498	698.01	50.41	62	30	-1	10.81	10.81
Fixation R	1	7	5861213659	5861388901	175242	708.93	13.91	53	33	-1	10.45	10.45
Fixation R	1	8	5861505775	5861756020	250245	123.09	123.56	50	24	-1	10.70	10.70
Fixation R	1	9	5861764394	5861872891	108497	317.34	121.23	27	16	-1	10.88	10.88
Fixation R	1	10	5861981391	5862273386	291995	432.77	111.53	14	17	-1	10.67	10.67
Fixation R	1	11	5862306762	5862498760	191998	441.62	109.35	62	8	-1	10.69	10.69
Fixation L	1	6	5862356885	5862498760	141875	444.42	110.44	59	5	-1	10.40	10.40
Fixation L	1	7	5862507135	5862765756	258621	578.00	112.11	34	14	-1	10.31	10.31
Fixation R	1	12	5862507135	5862765756	258621	578.00	112.11	34	14	-1	10.59	10.59
Fixation L	1	8	5862774132	5863032748	258616	717.64	106.34	62	11	-1	10.32	10.32
Fixation R	1	13	5862774132	5863032748	258616	717.64	106.34	62	11	-1	10.54	10.54
Fixation R	1	14	5863082873	5863383244	300371	128.91	171.01	39	32	-1	10.90	10.90
Fixation L	1	9	5863249747	5863383244	133497	128.20	177.35	36	20	-1	10.19	10.19
Fixation L	1	10	5863391626	5863733743	342117	322.26	178.89	28	26	-1	10.33	10.33
Fixation R	1	15	5863391626	5863733743	342117	322.26	178.89	28	26	-1	10.82	10.82
Fixation L	1	11	5863742119	5863967363	225244	483.09	160.43	43	14	-1	10.21	10.21
Fixation R	1	16	5863742119	5863967363	225244	483.09	160.43	43	14	-1	10.51	10.51
Fixation L	1	12	5863975735	5864209357	233622	636.19	158.27	64	15	-1	10.11	10.11
Fixation R	1	17	5863975735	5864209357	233622	636.19	158.27	64	15	-1	10.43	10.43
Fixation L	1	13	5864217737	5864509726	291989	832.67	150.59	70	14	-1	10.06	10.06
Fixation R	1	18	5864217737	5864509726	291989	832.67	150.59	70	14	-1	10.28	10.28
Fixation L	1	14	5864559849	5864768477	208628	165.57	213.89	66	17	-1	9.83	9.83
Fixation R	1	19	5864559849	5864768477	208628	165.57	213.89	66	17	-1	10.53	10.53
Fixation L	1	15	5864776723	5864926970	150247	308.62	223.40	89	5	-1	10.03	10.03
Fixation R	1	20	5864776723	5864926970	150247	308.62	223.40	89	5	-1	10.55	10.55
Fixation L	1	16	5864935347	5865160594	225247	433.42	226.89	66	11	-1	10.02	10.02
Fixation R	1	21	5864935347	5865160594	225247	433.42	226.89	66	11	-1	10.45	10.45
Fixation L	1	17	5865168971	5865577839	408868	560.10	216.24	73	6	-1	9.90	9.90
Fixation R	1	22	5865168971	5865577839	408868	560.10	216.24	73	6	-1	10.34	10.34
Fixation L	1	18	5865586219	5865828209	241990	693.59	211.83	17	15	-1	9.74	9.74
Fixation R	1	23	5865586219	5865828209	241990	693.59	211.83	17	15	-1	10.09	10.09
Fixation L	1	19	5865836582	5866086830	250248	778.57	222.81	31	9	-1	9.80	9.80
Fixation R	1	24	5865836582	5866086830	250248	778.57	222.81	31	9	-1	10.06	10.06
Fixation L	1	20	5866128582	5866287201	158619	175.08	292.40	57	24	-1	9.65	9.65
Fixation R	1	25	5866128582	5866287201	158619	175.08	292.40	57	24	-1	10.26	10.26
Fixation L	1	21	5866295455	5866462324	166869	114.17	297.10	35	5	-1	9.64	9.64
Fixation R	1	26	5866295455	5866462324	166869	114.17	297.10	35	5	-1	10.16	10.16
Fixation L	1	22	5866470701	5866620950	150249	248.50	286.20	11	13	-1	9.81	9.81
Fixation R	1	27	5866470701	5866620950	150249	248.50	286.20	11	13	-1	10.29	10.29
Fixation R	1	28	5866729446	5866921325	191879	452.05	269.84	78	20	-1	10.16	10.16
Fixation L	1	23	5866754447	5866988067	233620	447.54	275.06	62	33	-1	9.98	9.98
Fixation L	1	24	5866996449	5867255061	258612	618.55	273.42	37	26	-1	9.84	9.84
Fixation R	1	29	5866996449	5867255061	258612	618.55	273.42	37	26	-1	10.27	10.27
Fixation L	1	25	5867263440	5867447062	183622	709.21	268.10	51	8	-1	9.70	9.70
Fixation R	1	30	5867263440	5867447062	183622	709.21	268.10	51	8	-1	10.17	10.17
Fixation L	1	26	5867455434	5867689053	233619	849.89	267.11	26	15	-1	9.69	9.69
Fixation R	1	31	5867455434	5867689053	233619	849.89	267.11	26	15	-1	10.00	10.00
Fixation L	1	27	5867739057	5867972803	233746	128.72	346.06	67	31	-1	9.58	9.58
Fixation R	1	32	5867739057	5867972803	233746	128.72	346.06	67	31	-1	10.15	10.15
Fixation L	1	28	5868047805	5868231423	183618	277.59	331.42	14	27	-1	9.92	9.92
Fixation R	1	33	5868047805	5868231423	183618	277.59	331.42	14	27	-1	10.23	10.23
Fixation L	1	29	5868239800	5868506791	266991	402.45	335.95	39	17	-1	9.91	9.91
Fixation R	1	34	5868239800	5868506791	266991	402.45	335.95	39	17	-1	10.31	10.31
Fixation L	1	30	5868523543	5868732036	208493	613.31	326.38	42	16	-1	9.86	9.86
Fixation R	1	35	5868523543	5868732036	208493	613.31	326.38	42	16	-1	10.23	10.23
Fixation L	1	31	5868740416	5868907287	166871	673.10	321.42	72	6	-1	9.79	9.79
Fixation R	1	36	5868740416	5868907287	166871	673.10	321.42	72	6	-1	10.20	10.20
Fixation L	1	32	5868915660	5869182657	266997	738.52	328.76	42	11	-1	9.77	9.77
Fixation R	1	37	5868915660	5869182657	266997	738.52	328.76	42	11	-1	10.22	10.22
Fixation L	1	33	5869224409	5869383028	158619	173.20	399.79	41	40	-1	9.59	9.59
Fixation R	1	38	5869274532	5869583277	308745	125.73	402.27	82	10	-1	10.07	10.07
Fixation L	1	34	5869391279	5869583277	191998	101.57	404.80	13	5	-1	9.67	9.67
Fixation L	1	35	5869591524	5869850281	258757	281.88	396.59	78	11	-1	9.90	9.90
Fixation R	1	39	5869591524	5869850281	258757	281.88	396.59	78	11	-1	10.23	10.23
Fixation L	1	36	5869858646	5870225769	367123	434.71	393.15	39	14	-1	9.68	9.68
Fixation R	1	40	5869858646	5870225769	367123	434.71	393.15	39	14	-1	10.22	10.22
Fixation L	1	37	5870242516	5870501142	258626	597.96	401.77	11	6	-1	9.51	9.51
Fixation R	1	41	5870242516	5870501142	258626	597.96	401.77	11	6	-1	10.08	10.08
Fixation L	1	38	5870509516	5870851638	342122	737.47	393.72	41	22	-1	9.65	9.65
Fixation R	1	42	5870509516	5870851638	342122	737.47	393.72	41	22	-1	10.12	10.12
Fixation L	1	39	5870893380	5871102007	208627	166.11	465.73	60	38	-1	9.52	9.52
Fixation R	1	43	5870893380	5871102007	208627	166.11	465.73	60	38	-1	9.93	9.93
Fixation L	1	40	5871110253	5871235499	125246	130.94	471.85	84	7	-1	9.47	9.47
Fixation R	1	44	5871110253	5871235499	125246	130.94	471.85	84	7	-1	9.92	9.92
Fixation L	1	41	5871243750	5871502501	258751	279.03	451.60	30	18	-1	9.89	9.89
Fixation R	1	45	5871243750	5871502501	258751	279.03	451.60	30	18	-1	10.18	10.18
Fixation L	1	42	5871519122	5871752873	233751	469.14	457.21	33	14	-1	9.83	9.83
Fixation R	1	46	5871519122	5871752873	233751	469.14	457.21	33	14	-1	10.35	10.35
Fixation L	1	43	5871761121	5872053241	292120	606.41	456.14	37	11	-1	9.76	9.76
Fixation R	1	47	5871761121	5872053241	292120	606.41	456.14	37	11	-1	10.25	10.25
Fixation L	1	44	5872061615	5872253491	191876	724.08	451.35	40	6	-1	9.67	9.67
Fixation R	1	48	5872061615	5872253491	191876	724.08	451.35	40	6	-1	10.08	10.08
Fixation L	1	45	5872261862	5872386982	125120	826.11	447.55	6	6	-1	9.53	9.53
Fixation R	1	49	5872261862	5872386982	125120	826.11	447.55	6	6	-1	10.13	10.13
Fixation L	1	46	5872445357	5872862603	417246	128.62	526.05	43	36	-1	9.60	9.60
Fixation R	1	50	5872445357	5872862603	417246	128.62	526.05	43	36	-1	10.04	10.04
Fixation L	1	47	5872870978	5873112976	241998	253.87	507.72	71	24	-1	9.94	9.94
Fixation R	1	51	5872870978	5873112976	241998	253.87	507.72	71	24	-1	10.16	10.16
Fixation L	1	48	5873121348	5873313218	191870	324.12	507.52	24	73	-1	10.13	10.13
Fixation R	1	52	5873121348	5873313218	191870	324.12	507.52	24	73	-1	10.35	10.35
Fixation L	1	49	5873321593	5873722090	400497	316.84	450.96	55	30	-1	10.08	10.08
Fixation R	1	53	5873321593	5873722090	400497	316.84	450.96	55	30	-1	10.50	10.50
Fixation L	1	50	5873730472	5874606705	876233	316.59	516.39	58	32	-1	10.19	10.19
Fixation R	1	54	5873730472	5874606705	876233	316.59	516.39	58	32	-1	10.66	10.66
Fixation L	1	51	5874614952	5874806952	192000	425.05	518.06	94	4	-1	10.34	10.34
Fixation R	1	55	5874614952	5874806952	192000	425.05	518.06	94	4	-1	10.95	10.95
Fixation L	1	52	5874815199	5875015572	200373	325.43	520.50	60	7	-1	10.22	10.22
Fixation R	1	56	5874815199	5875015572	200373	325.43	520.50	60	7	-1	10.76	10.76
Fixation L	1	53	5875023819	5875132320	108501	504.64	515.30	20	7	-1	10.24	10.24
Fixation R	1	57	5875023819	5875132320	108501	504.64	515.30	20	7	-1	10.79	10.79
Fixation L	1	54	5875374316	5875466192	91876	680.58	494.55	89	9	-1	9.93	9.93
Fixation R	1	58	5875374316	5875466192	91876	680.58	494.55	89	9	-1	10.59	10.59
Fixation L	1	55	5875474438	5875566188	91750	709.51	503.12	16	6	-1	10.28	10.28
Fixation R	1	59	5875474438	5875566188	91750	709.51	503.12	16	6	-1	10.71	10.71
Fixation L	1	56	5875574561	5875774930	200369	806.23	511.73	49	5	-1	10.10	10.10
Fixation R	1	60	5875574561	5875774930	200369	806.23	511.73	49	5	-1	10.60	10.60
Fixation L	1	57	5875783187	5876025177	241990	885.28	515.45	20	15	-1	9.79	9.79
Fixation R	1	61	5875783187	5876025177	241990	885.28	515.45	20	15	-1	10.29	10.29
Fixation L	1	58	5876083684	5876325679	241995	129.00	577.16	68	29	-1	9.79	9.79
Fixation R	1	62	5876083684	5876325679	241995	129.00	577.16	68	29	-1	10.28	10.28
Fixation L	1	59	5876400677	5876792917	392240	211.67	578.21	74	14	-1	10.19	10.19
Fixation R	1	63	5876400677	5876792917	392240	211.67	578.21	74	14	-1	10.33	10.33
Fixation L	1	60	5876801289	5876968162	166873	339.59	577.41	67	8	-1	10.31	10.31
Fixation R	1	64	5876801289	5876968162	166873	339.59	577.41	67	8	-1	10.81	10.81
Fixation L	1	61	5876976540	5877243533	266993	474.28	577.15	88	8	-1	10.33	10.33
Fixation R	1	65	5876976540	5877243533	266993	474.28	577.15	88	8	-1	11.03	11.03
Fixation L	1	62	5877251907	5877710782	458875	682.51	573.16	52	12	-1	10.20	10.20
Fixation R	1	66	5877318660	5877719152	400492	685.14	572.84	58	11	-1	10.48	10.48
Fixation L	1	63	5877719152	5877977773	258621	814.69	572.38	91	6	-1	9.91	9.91
Fixation R	1	67	5877727526	5877977773	250247	817.22	572.30	37	6	-1	10.50	10.50
Fixation L	1	64	5877986154	5878211522	225368	929.36	575.73	84	9	-1	9.92	9.92
Fixation R	1	68	5877986154	5878211522	225368	929.36	575.73	84	9	-1	10.42	10.42
Fixation L	1	65	5878261522	5878520263	258741	118.00	637.97	47	50	-1	9.94	9.94
Fixation R	1	69	5878261522	5878520263	258741	118.00	637.97	47	50	-1	10.32	10.32
Fixation L	1	66	5878528514	5878728761	200247	94.46	642.12	61	7	-1	10.07	10.07
Fixation R	1	70	5878528514	5878728761	200247	94.46	642.12	61	7	-1	10.32	10.32
Fixation L	1	67	5878737144	5879045885	308741	222.00	634.80	34	9	-1	10.27	10.27
Fixation R	1	71	5878737144	5879045885	308741	222.00	634.80	34	9	-1	10.20	10.20
Fixation L	1	68	5879054258	5879254502	200244	382.17	635.49	88	11	-1	10.30	10.30
Fixation R	1	72	5879054258	5879254502	200244	382.17	635.49	88	11	-1	10.84	10.84
Fixation L	1	69	5879271254	5879596626	325372	546.02	635.37	71	11	-1	10.37	10.37
Fixation R	1	73	5879271254	5879596626	325372	546.02	635.37	71	11	-1	10.85	10.85
Fixation L	1	70	5879605000	5879821997	216997	666.96	629.79	60	15	-1	10.18	10.18
Fixation R	1	74	5879605000	5879821997	216997	666.96	629.79	60	15	-1	10.68	10.68
Fixation L	1	71	5879830372	5880047246	216874	554.16	631.32	28	8	-1	10.27	10.27
Fixation R	1	75	5879830372	5880047246	216874	554.16	631.32	28	8	-1	10.85	10.85
Fixation L	1	72	5880055619	5880289246	233627	788.65	623.08	65	22	-1	10.13	10.13
Fixation R	1	76	5880280865	5880497863	216998	853.76	629.09	75	13	-1	10.19	10.19
Fixation L	1	73	5880297615	5880497863	200248	858.67	629.72	53	12	-1	10.02	10.02
Fixation L	1	74	5880547984	5880656482	108498	147.81	679.31	56	43	-1	9.94	9.94
Fixation R	1	77	5880547984	5880656482	108498	147.81	679.31	56	43	-1	10.34	10.34
Fixation L	1	75	5880664734	5880906728	241994	116.14	701.01	35	18	-1	10.04	10.04
Fixation R	1	78	5880664734	5880906728	241994	116.14	701.01	35	18	-1	10.35	10.35
Fixation L	1	76	5880915105	5881090358	175253	211.03	697.29	30	13	-1	10.30	10.30
Fixation R	1	79	5880915105	5881090358	175253	211.03	697.29	30	13	-1	10.22	10.22
Fixation L	1	77	5881098728	5881282222	183494	326.39	700.34	16	12	-1	10.54	10.54
Fixation R	1	80	5881098728	5881282222	183494	326.39	700.34	16	12	-1	10.78	10.78
Fixation L	1	78	5881290605	5881490852	200247	455.91	703.44	74	9	-1	10.50	10.50
Fixation R	1	81	5881290605	5881490852	200247	455.91	703.44	74	9	-1	11.39	11.39
Fixation L	1	79	5881499222	5881674467	175245	572.42	696.84	67	7	-1	10.52	10.52
Fixation R	1	82	5881499222	5881674467	175245	572.42	696.84	67	7	-1	10.86	10.86
Fixation L	1	80	5881682842	5881908089	225247	710.34	695.01	79	11	-1	10.30	10.30
Fixation R	1	83	5881682842	5881908089	225247	710.34	695.01	79	11	-1	10.78	10.78
Fixation L	1	81	5881916466	5882166834	250368	838.51	693.91	88	10	-1	10.08	10.08
Fixation R	1	84	5881941468	5882175084	233616	842.84	694.35	87	10	-1	10.67	10.67

