[BeGaze]
Converted from:	C:\Program Files\SMI\Experiment Suite 360\Experiment Center 2\Results\Readability_First_01\P02-eye_data.idf
Date:	02.08.2013 11:27:28
Version:	BeGaze 3.2.28
Sample Rate:	120
Subject:	P02
Description:	Run2

Table Header for Fixations:
Event Type	Trial	Number	Start	End	Duration	Location X	Location Y	Dispersion X	Dispersion Y	Plane	Avg. Pupil Size X	Avg. Pupil Size Y


Fixation L	1	1	6866576317	6866968420	392103	118.44	48.70	57	30	-1	9.62	9.62
Fixation R	1	1	6866576317	6866968420	392103	118.44	48.70	57	30	-1	10.04	10.04
Fixation L	1	2	6866985167	6867218790	233623	297.86	36.52	67	29	-1	10.07	10.07
Fixation R	1	2	6866985167	6867227161	241994	298.36	36.38	67	29	-1	10.08	10.08
Fixation L	1	3	6867302284	6867535903	233619	550.69	32.01	36	59	-1	10.26	10.26
Fixation R	1	3	6867302284	6867535903	233619	550.69	32.01	36	59	-1	10.18	10.18
Fixation L	1	4	6867544285	6868036521	492236	533.93	42.14	65	31	-1	10.02	10.02
Fixation R	1	4	6867544285	6868036521	492236	533.93	42.14	65	31	-1	10.13	10.13
Fixation L	1	5	6868136649	6868353643	216994	641.56	21.79	65	15	-1	9.96	9.96
Fixation R	1	5	6868136649	6868353643	216994	641.56	21.79	65	15	-1	9.94	9.94
Fixation L	1	6	6868362017	6868662385	300368	769.36	35.78	69	24	-1	9.93	9.93
Fixation R	1	6	6868362017	6868662385	300368	769.36	35.78	69	24	-1	10.08	10.08
Fixation L	1	7	6868712571	6869071260	358689	133.16	116.67	56	40	-1	9.66	9.66
Fixation R	1	7	6868712571	6869071260	358689	133.16	116.67	56	40	-1	10.04	10.04
Fixation L	1	8	6869079632	6869354999	275367	223.25	93.76	68	28	-1	9.73	9.73
Fixation R	1	8	6869079632	6869354999	275367	223.25	93.76	68	28	-1	10.06	10.06
Fixation L	1	9	6869363374	6869480122	116748	366.79	74.84	16	7	-1	9.83	9.83
Fixation R	1	9	6869363374	6869480122	116748	366.79	74.84	16	7	-1	9.98	9.98
Fixation L	1	10	6869588620	6869797245	208625	491.01	73.21	30	69	-1	9.96	9.96
Fixation R	1	10	6869588620	6869797245	208625	491.01	73.21	30	69	-1	10.05	10.05
Fixation L	1	11	6869805624	6869888992	83368	475.67	89.85	16	5	-1	10.21	10.21
Fixation R	1	11	6869805624	6869888992	83368	475.67	89.85	16	5	-1	10.22	10.22
Fixation L	1	12	6869897370	6870222867	325497	625.14	73.07	35	25	-1	10.16	10.16
Fixation R	1	12	6869897370	6870222867	325497	625.14	73.07	35	25	-1	10.14	10.14
Fixation L	1	13	6870231112	6870481482	250370	737.93	75.11	37	13	-1	9.59	9.59
Fixation R	1	13	6870231112	6870523240	292128	738.62	75.43	65	13	-1	9.98	9.98
Fixation L	1	14	6870531609	6870890351	358742	861.33	87.26	63	28	-1	9.91	9.91
Fixation R	1	14	6870531609	6870890351	358742	861.33	87.26	63	28	-1	9.96	9.96
Fixation L	1	15	6870898728	6871073979	175251	784.30	89.60	50	17	-1	10.00	10.00
Fixation R	1	15	6870898728	6871073979	175251	784.30	89.60	50	17	-1	10.08	10.08
Fixation L	1	16	6871082351	6871683090	600739	871.09	92.57	85	12	-1	10.02	10.02
Fixation R	1	16	6871082351	6871683090	600739	871.09	92.57	85	12	-1	10.10	10.10
Fixation L	1	17	6871741465	6871891712	150247	170.34	155.50	54	44	-1	9.82	9.82
Fixation R	1	17	6871741465	6871891712	150247	170.34	155.50	54	44	-1	10.42	10.42
Fixation L	1	18	6871900090	6872066957	166867	105.60	175.64	62	21	-1	9.88	9.88
Fixation R	1	18	6871900090	6872066957	166867	105.60	175.64	62	21	-1	10.20	10.20
Fixation L	1	19	6872075340	6872342329	266989	211.47	157.06	16	33	-1	9.91	9.91
Fixation R	1	19	6872075340	6872342329	266989	211.47	157.06	16	33	-1	10.14	10.14
Fixation L	1	20	6872350706	6872550955	200249	361.06	147.90	61	7	-1	9.86	9.86
Fixation R	1	20	6872350706	6872550955	200249	361.06	147.90	61	7	-1	9.99	9.99
Fixation L	1	21	6872559325	6872726207	166882	449.33	131.63	67	17	-1	9.83	9.83
Fixation R	1	21	6872559325	6872726207	166882	449.33	131.63	67	17	-1	9.99	9.99
Fixation L	1	22	6872734573	6872893070	158497	600.33	134.42	42	21	-1	9.88	9.88
Fixation R	1	22	6872734573	6872893070	158497	600.33	134.42	42	21	-1	9.85	9.85
Fixation L	1	23	6873001573	6873151694	150121	813.93	136.26	80	16	-1	9.96	9.96
Fixation R	1	23	6873001573	6873151694	150121	813.93	136.26	80	16	-1	10.06	10.06
Fixation L	1	24	6873160068	6873360313	200245	759.03	140.92	42	33	-1	10.09	10.09
Fixation R	1	24	6873160068	6873360313	200245	759.03	140.92	42	33	-1	10.38	10.38
Fixation L	1	25	6873368688	6873627442	258754	878.14	139.64	19	31	-1	9.72	9.72
Fixation R	1	25	6873368688	6873669059	300371	876.72	138.84	26	31	-1	10.11	10.11
Fixation R	1	26	6873936181	6874019555	83374	134.95	192.15	41	22	-1	10.23	10.23
Fixation R	1	27	6874052930	6874353301	300371	107.40	224.93	30	45	-1	10.14	10.14
Fixation L	1	26	6874169804	6874353301	183497	101.33	233.32	9	24	-1	9.39	9.39
Fixation L	1	27	6874478547	6874728916	250369	197.17	218.19	54	24	-1	9.91	9.91
Fixation R	1	28	6874478547	6874728916	250369	197.17	218.19	54	24	-1	10.25	10.25
Fixation L	1	28	6874737174	6875020913	283739	263.43	204.15	47	17	-1	10.11	10.11
Fixation R	1	29	6874737174	6875020913	283739	263.43	204.15	47	17	-1	10.43	10.43
Fixation L	1	29	6875029288	6875129414	100126	397.39	202.60	36	16	-1	10.12	10.12
Fixation R	1	30	6875029288	6875129414	100126	397.39	202.60	36	16	-1	10.35	10.35
Fixation L	1	30	6875296285	6875479905	183620	493.40	202.32	42	15	-1	10.00	10.00
Fixation R	1	31	6875296285	6875479905	183620	493.40	202.32	42	15	-1	10.44	10.44
Fixation L	1	31	6875488160	6875713533	225373	574.77	201.30	14	5	-1	10.31	10.31
Fixation R	1	32	6875488160	6875713533	225373	574.77	201.30	14	5	-1	10.69	10.69
Fixation L	1	32	6875721904	6876005525	283621	683.08	197.23	78	6	-1	10.06	10.06
Fixation R	1	33	6875721904	6876005525	283621	683.08	197.23	78	6	-1	10.57	10.57
Fixation L	1	33	6876013904	6876155772	141868	774.82	193.97	71	3	-1	9.86	9.86
Fixation R	1	34	6876013904	6876155772	141868	774.82	193.97	71	3	-1	10.31	10.31
Fixation R	1	35	6876164152	6876364399	200247	860.70	186.89	33	13	-1	10.14	10.14
Fixation L	1	34	6876205899	6876364399	158500	861.34	185.75	24	6	-1	9.82	9.82
Fixation L	1	35	6876372771	6876497894	125123	953.87	197.90	32	14	-1	9.90	9.90
Fixation R	1	36	6876372771	6876497894	125123	953.87	197.90	32	14	-1	10.10	10.10
Fixation L	1	36	6876556267	6876856763	300496	137.92	286.46	49	39	-1	9.95	9.95
Fixation R	1	37	6876556267	6876856763	300496	137.92	286.46	49	39	-1	10.43	10.43
Fixation L	1	37	6876865017	6877182131	317114	320.71	280.32	58	16	-1	10.13	10.13
Fixation R	1	38	6876865017	6877182131	317114	320.71	280.32	58	16	-1	10.42	10.42
Fixation L	1	38	6877307380	6877415756	108376	443.39	258.44	43	15	-1	9.77	9.77
Fixation R	1	39	6877307380	6877415756	108376	443.39	258.44	43	15	-1	10.17	10.17
Fixation L	1	39	6877424127	6877766252	342125	328.46	271.23	46	12	-1	9.98	9.98
Fixation R	1	40	6877424127	6877766252	342125	328.46	271.23	46	12	-1	10.26	10.26
Fixation L	1	40	6877908119	6878166866	258747	485.73	267.53	60	19	-1	9.92	9.92
Fixation R	1	41	6877908119	6878166866	258747	485.73	267.53	60	19	-1	10.27	10.27
Fixation L	1	41	6878175117	6878500610	325493	579.81	268.38	27	11	-1	10.00	10.00
Fixation R	1	42	6878175117	6878500610	325493	579.81	268.38	27	11	-1	10.37	10.37
Fixation L	1	42	6878508985	6878709232	200247	736.46	269.33	82	3	-1	9.65	9.65
Fixation R	1	43	6878508985	6878709232	200247	736.46	269.33	82	3	-1	10.04	10.04
Fixation R	1	44	6878717486	6879009603	292117	839.99	261.22	50	18	-1	9.84	9.84
Fixation L	1	43	6878859359	6879009603	150244	836.75	260.61	43	13	-1	9.64	9.64
Fixation L	1	44	6879059730	6879243230	183500	135.51	319.65	61	35	-1	9.61	9.61
Fixation R	1	45	6879059730	6879243230	183500	135.51	319.65	61	35	-1	10.01	10.01
Fixation L	1	45	6879485222	6879685466	200244	257.18	326.52	41	16	-1	10.18	10.18
Fixation R	1	46	6879485222	6879685466	200244	257.18	326.52	41	16	-1	10.28	10.28
Fixation L	1	46	6879693849	6879927464	233615	401.17	339.89	16	10	-1	10.18	10.18
Fixation R	1	47	6879693849	6879927464	233615	401.17	339.89	16	10	-1	10.47	10.47
Fixation L	1	47	6879935841	6880152835	216994	504.32	328.67	62	16	-1	10.08	10.08
Fixation R	1	48	6879935841	6880152835	216994	504.32	328.67	62	16	-1	10.37	10.37
Fixation L	1	48	6880161085	6880344715	183630	679.85	310.84	70	14	-1	9.94	9.94
Fixation R	1	49	6880161085	6880344715	183630	679.85	310.84	70	14	-1	10.25	10.25
Fixation L	1	49	6880353084	6880503331	150247	775.96	317.45	10	13	-1	9.67	9.67
Fixation R	1	50	6880353084	6880503331	150247	775.96	317.45	10	13	-1	10.07	10.07
Fixation L	1	50	6880511579	6880695209	183630	929.70	327.94	60	7	-1	9.59	9.59
Fixation R	1	51	6880511579	6880695209	183630	929.70	327.94	60	7	-1	9.95	9.95
Fixation L	1	51	6880761951	6881237569	475618	122.24	399.72	67	31	-1	9.64	9.64
Fixation R	1	52	6880761951	6881237569	475618	122.24	399.72	67	31	-1	9.99	9.99
Fixation L	1	52	6881245953	6881337694	91741	228.68	391.83	11	15	-1	9.83	9.83
Fixation R	1	53	6881245953	6881337694	91741	228.68	391.83	11	15	-1	10.14	10.14
Fixation L	1	53	6881571317	6881880063	308746	100.98	393.41	50	12	-1	9.76	9.76
Fixation R	1	54	6881571317	6881880063	308746	100.98	393.41	50	12	-1	10.00	10.00
Fixation L	1	54	6881888434	6882238931	350497	287.51	386.46	24	13	-1	9.98	9.98
Fixation R	1	55	6881888434	6882238931	350497	287.51	386.46	24	13	-1	10.23	10.23
Fixation L	1	55	6882247310	6882564425	317115	406.64	384.61	57	8	-1	9.88	9.88
Fixation R	1	56	6882247310	6882564425	317115	406.64	384.61	57	8	-1	10.05	10.05
Fixation L	1	56	6882572678	6882798052	225374	522.72	384.04	11	15	-1	9.90	9.90
Fixation R	1	57	6882572678	6882798052	225374	522.72	384.04	11	15	-1	10.04	10.04
Fixation L	1	57	6882806419	6883340412	533993	636.18	386.40	49	16	-1	9.87	9.87
Fixation R	1	58	6882806419	6883340412	533993	636.18	386.40	49	16	-1	10.28	10.28
Fixation L	1	58	6883348790	6883657532	308742	732.52	387.75	73	10	-1	9.78	9.78
Fixation R	1	59	6883348790	6883657532	308742	732.52	387.75	73	10	-1	10.11	10.11
Fixation L	1	59	6883665907	6883882783	216876	855.33	389.25	38	7	-1	9.54	9.54
Fixation R	1	60	6883665907	6884108150	442243	881.33	392.70	75	14	-1	10.11	10.11
Fixation L	1	60	6884166524	6884358398	191874	148.50	445.63	51	43	-1	9.93	9.93
Fixation R	1	61	6884166524	6884358398	191874	148.50	445.63	51	43	-1	10.26	10.26
Fixation L	1	61	6884366773	6884533645	166872	117.69	464.47	66	9	-1	10.02	10.02
Fixation R	1	62	6884366773	6884533645	166872	117.69	464.47	66	9	-1	10.30	10.30
Fixation L	1	62	6884542018	6884825768	283750	296.38	451.06	41	18	-1	10.16	10.16
Fixation R	1	63	6884542018	6884825768	283750	296.38	451.06	41	18	-1	10.37	10.37
Fixation L	1	63	6884834139	6885226261	392122	467.61	452.82	76	15	-1	9.99	9.99
Fixation R	1	64	6884834139	6885226261	392122	467.61	452.82	76	15	-1	10.29	10.29
Fixation L	1	64	6885243012	6885459879	216867	643.34	450.01	9	11	-1	9.80	9.80
Fixation R	1	65	6885243012	6885459879	216867	643.34	450.01	9	11	-1	10.25	10.25
Fixation L	1	65	6885468257	6885977246	508989	765.97	441.10	22	15	-1	9.71	9.71
Fixation R	1	66	6885468257	6885977246	508989	765.97	441.10	22	15	-1	10.11	10.11
Fixation L	1	66	6886027375	6886352746	325371	121.71	525.43	43	25	-1	9.86	9.86
Fixation R	1	67	6886027375	6886352746	325371	121.71	525.43	43	25	-1	10.15	10.15
Fixation L	1	67	6886361118	6886553120	192002	279.38	511.31	35	10	-1	10.19	10.19
Fixation R	1	68	6886361118	6886553120	192002	279.38	511.31	35	10	-1	10.22	10.22
Fixation L	1	68	6886561364	6886795111	233747	378.36	519.26	18	21	-1	10.09	10.09
Fixation R	1	69	6886561364	6886795111	233747	378.36	519.26	18	21	-1	10.37	10.37
Fixation L	1	69	6886803367	6886986987	183620	502.37	512.86	61	11	-1	10.07	10.07
Fixation R	1	70	6886803367	6886986987	183620	502.37	512.86	61	11	-1	10.51	10.51
Fixation L	1	70	6887003612	6887253985	250373	669.45	509.91	33	7	-1	9.96	9.96
Fixation R	1	71	6887003612	6887253985	250373	669.45	509.91	33	7	-1	10.43	10.43
Fixation L	1	71	6887262354	6887454232	191878	799.81	499.89	38	13	-1	9.84	9.84
Fixation R	1	72	6887262354	6887454232	191878	799.81	499.89	38	13	-1	10.25	10.25
Fixation L	1	72	6887504355	6887729595	225240	111.74	583.65	51	38	-1	9.65	9.65
Fixation R	1	73	6887504355	6887729595	225240	111.74	583.65	51	38	-1	10.08	10.08
Fixation L	1	73	6887746346	6888105102	358756	284.66	577.00	91	8	-1	10.06	10.06
Fixation R	1	74	6887746346	6888105102	358756	284.66	577.00	91	8	-1	10.20	10.20
Fixation L	1	74	6888113466	6888280341	166875	485.88	570.45	85	4	-1	10.09	10.09
Fixation R	1	75	6888113466	6888280341	166875	485.88	570.45	85	4	-1	10.58	10.58
Fixation L	1	75	6888288716	6888672581	383865	608.76	569.17	85	10	-1	10.03	10.03
Fixation R	1	76	6888288716	6888672581	383865	608.76	569.17	85	10	-1	10.68	10.68
Fixation L	1	76	6888680957	6888881205	200248	808.97	557.87	46	16	-1	9.81	9.81
Fixation R	1	77	6888680957	6888881205	200248	808.97	557.87	46	16	-1	10.22	10.22
Fixation L	1	77	6888889582	6889214948	325366	902.69	561.36	43	6	-1	9.87	9.87
Fixation R	1	78	6888889582	6889214948	325366	902.69	561.36	43	6	-1	10.17	10.17
Fixation L	1	78	6889290079	6889381821	91742	72.85	681.82	54	44	-1	8.93	8.93
Fixation R	1	79	6889290079	6889381821	91742	72.85	681.82	54	44	-1	9.89	9.89
Fixation L	1	79	6889390200	6889623818	233618	126.40	621.32	23	39	-1	9.79	9.79
Fixation R	1	80	6889390200	6889623818	233618	126.40	621.32	23	39	-1	10.00	10.00
Fixation L	1	80	6889632195	6889890816	258621	271.23	621.53	46	4	-1	9.99	9.99
Fixation R	1	81	6889632195	6889890816	258621	271.23	621.53	46	4	-1	9.96	9.96
Fixation L	1	81	6889899188	6890283060	383872	384.75	618.32	79	13	-1	9.92	9.92
Fixation R	1	82	6889899188	6890283060	383872	384.75	618.32	79	13	-1	10.22	10.22
Fixation L	1	82	6890291436	6890383183	91747	290.70	626.24	43	15	-1	9.61	9.61
Fixation R	1	83	6890291436	6890383183	91747	290.70	626.24	43	15	-1	9.83	9.83
Fixation L	1	83	6890591803	6890675301	83498	177.06	636.30	70	22	-1	10.41	10.41
Fixation R	1	84	6890591803	6890675301	83498	177.06	636.30	70	22	-1	10.21	10.21
Fixation L	1	84	6890708682	6891000675	291993	363.51	600.33	85	9	-1	10.68	10.68
Fixation R	1	85	6890708682	6891000675	291993	363.51	600.33	85	9	-1	10.44	10.44
Fixation L	1	85	6891009052	6891251045	241993	544.62	597.70	38	7	-1	10.06	10.06
Fixation R	1	86	6891009052	6891251045	241993	544.62	597.70	38	7	-1	10.42	10.42
Fixation L	1	86	6891259424	6891501416	241992	663.39	594.56	58	6	-1	9.63	9.63
Fixation R	1	87	6891259424	6891501416	241992	663.39	594.56	58	6	-1	10.11	10.11
Fixation L	1	87	6891534789	6891634912	100123	158.55	697.66	64	33	-1	9.92	9.92
Fixation R	1	88	6891534789	6891634912	100123	158.55	697.66	64	33	-1	9.93	9.93
Fixation L	1	88	6891643163	6891952032	308869	101.59	703.24	60	10	-1	9.86	9.86
Fixation R	1	89	6891643163	6891952032	308869	101.59	703.24	60	10	-1	9.87	9.87
Fixation L	1	89	6891960294	6892168903	208609	190.87	679.86	68	24	-1	9.94	9.94
Fixation R	1	90	6891960294	6892168903	208609	190.87	679.86	68	24	-1	9.64	9.64
Fixation R	1	91	6892177279	6892369153	191874	364.98	647.58	44	44	-1	10.20	10.20
Fixation L	1	90	6892285779	6892369153	83374	369.67	648.97	17	16	-1	8.97	8.97
Fixation L	1	91	6892377523	6892627896	250373	453.36	656.69	57	10	-1	9.92	9.92
Fixation R	1	92	6892377523	6892627896	250373	453.36	656.69	57	10	-1	10.65	10.65
Fixation L	1	92	6892636275	6893328763	692488	532.97	663.28	53	21	-1	9.91	9.91
Fixation R	1	93	6892636275	6893328763	692488	532.97	663.28	53	21	-1	11.00	11.00
Fixation L	1	93	6893337136	6893529134	191998	707.49	666.11	65	12	-1	10.08	10.08
Fixation R	1	94	6893337136	6893529134	191998	707.49	666.11	65	12	-1	10.70	10.70
Fixation L	1	94	6893537382	6893921252	383870	812.28	677.45	75	22	-1	9.91	9.91
Fixation R	1	95	6893537382	6893921252	383870	812.28	677.45	75	22	-1	10.69	10.69
Fixation L	1	95	6893929625	6894129903	200278	886.28	694.81	9	7	-1	10.05	10.05
Fixation R	1	96	6893929625	6894129903	200278	886.28	694.81	9	7	-1	10.62	10.62

