[BeGaze]
Converted from:	C:\Program Files\SMI\Experiment Suite 360\Experiment Center 2\Results\Readability_First_01\P02-eye_data.idf
Date:	02.08.2013 11:27:24
Version:	BeGaze 3.2.28
Sample Rate:	120
Subject:	P02
Description:	Run2

Table Header for Fixations:
Event Type	Trial	Number	Start	End	Duration	Location X	Location Y	Dispersion X	Dispersion Y	Plane	Avg. Pupil Size X	Avg. Pupil Size Y


Fixation L	1	1	4517319383	4517636501	317118	125.08	51.85	61	12	-1	9.90	9.90
Fixation R	1	1	4517319383	4517636501	317118	125.08	51.85	61	12	-1	10.57	10.57
Fixation L	1	2	4517644876	4517811756	166880	230.01	39.58	19	50	-1	9.79	9.79
Fixation R	1	2	4517644876	4517811756	166880	230.01	39.58	19	50	-1	10.33	10.33
Fixation L	1	3	4517845122	4518062119	216997	204.90	576.43	16	72	-1	10.02	10.02
Fixation R	1	3	4517845122	4518062119	216997	204.90	576.43	16	72	-1	10.37	10.37
Fixation L	1	4	4518103876	4518312365	208489	732.23	593.47	40	19	-1	10.33	10.33
Fixation R	1	4	4518103876	4518312365	208489	732.23	593.47	40	19	-1	10.89	10.89
Fixation R	1	5	4518404243	4518596113	191870	183.41	19.64	23	75	-1	10.59	10.59
Fixation L	1	5	4518412615	4518604493	191878	184.45	22.28	19	78	-1	9.65	9.65
Fixation L	1	6	4518671234	4519372223	700989	313.10	10.11	29	58	-1	10.03	10.03
Fixation R	1	6	4518671234	4519372223	700989	313.10	10.11	29	58	-1	10.56	10.56
Fixation L	1	7	4519380481	4519513973	133492	372.53	19.39	50	30	-1	10.01	10.01
Fixation R	1	7	4519380481	4519513973	133492	372.53	19.39	50	30	-1	10.56	10.56
Fixation L	1	8	4519522347	4519722598	200251	480.89	24.71	13	12	-1	10.05	10.05
Fixation R	1	8	4519522347	4519722598	200251	480.89	24.71	13	12	-1	10.41	10.41
Fixation L	1	9	4519730976	4520306715	575739	582.61	35.48	34	22	-1	9.98	9.98
Fixation R	1	9	4519730976	4520306715	575739	582.61	35.48	34	22	-1	10.51	10.51
Fixation L	1	10	4520315085	4520507087	192002	687.97	30.69	70	7	-1	10.00	10.00
Fixation R	1	10	4520315085	4520507087	192002	687.97	30.69	70	7	-1	10.60	10.60
Fixation L	1	11	4520515331	4520807457	292126	836.91	14.82	30	20	-1	10.05	10.05
Fixation R	1	11	4520515331	4520807457	292126	836.91	14.82	30	20	-1	10.50	10.50
Fixation L	1	12	4520815829	4521241321	425492	954.26	48.89	42	56	-1	9.86	9.86
Fixation R	1	12	4520815829	4521241321	425492	954.26	48.89	42	56	-1	10.30	10.30
Fixation L	1	13	4521249695	4521399943	150248	858.34	50.56	21	24	-1	9.83	9.83
Fixation R	1	13	4521249695	4521399943	150248	858.34	50.56	21	24	-1	10.28	10.28
Fixation L	1	14	4521408197	4521725314	317117	735.42	32.68	25	19	-1	10.02	10.02
Fixation R	1	14	4521408197	4521725314	317117	735.42	32.68	25	19	-1	10.43	10.43
Fixation L	1	15	4521742069	4521825438	83369	1032.91	44.68	83	14	-1	10.21	10.21
Fixation R	1	15	4521742069	4521825438	83369	1032.91	44.68	83	14	-1	10.35	10.35
Fixation L	1	16	4521833819	4522192686	358867	939.61	54.59	47	29	-1	10.07	10.07
Fixation R	1	16	4521833819	4522192686	358867	939.61	54.59	47	29	-1	10.36	10.36
Fixation L	1	17	4522209309	4522392934	183625	708.01	41.26	54	14	-1	10.02	10.02
Fixation R	1	17	4522209309	4522392934	183625	708.01	41.26	54	14	-1	10.61	10.61
Fixation L	1	18	4522401305	4522576425	175120	641.13	29.34	23	13	-1	10.06	10.06
Fixation R	1	18	4522401305	4522576425	175120	641.13	29.34	23	13	-1	10.41	10.41
Fixation L	1	19	4522593179	4522868546	275367	948.04	31.74	51	46	-1	9.84	9.84
Fixation R	1	19	4522593179	4522868546	275367	948.04	31.74	51	46	-1	10.22	10.22
Fixation L	1	20	4522926927	4523085549	158622	161.72	93.56	63	34	-1	9.84	9.84
Fixation R	1	20	4522926927	4523085549	158622	161.72	93.56	63	34	-1	10.59	10.59
Fixation L	1	21	4523277414	4523561169	283755	85.79	124.94	44	19	-1	9.80	9.80
Fixation R	1	21	4523277414	4523561169	283755	85.79	124.94	44	19	-1	10.40	10.40
Fixation L	1	22	4523577790	4523769783	191993	216.07	84.41	26	64	-1	9.98	9.98
Fixation R	1	22	4523577790	4523769783	191993	216.07	84.41	26	64	-1	10.64	10.64
Fixation L	1	23	4523778032	4523928279	150247	300.57	64.39	37	20	-1	9.92	9.92
Fixation R	1	23	4523778032	4523928279	150247	300.57	64.39	37	20	-1	10.42	10.42
Fixation R	1	24	4523936658	4524103531	166873	469.01	63.93	72	26	-1	10.27	10.27
Fixation L	1	24	4524003408	4524228654	225246	477.26	72.48	15	32	-1	9.81	9.81
Fixation R	1	25	4524111910	4524237030	125120	484.47	81.91	84	13	-1	10.13	10.13
Fixation L	1	25	4524370523	4524704396	333873	658.42	98.97	65	19	-1	9.83	9.83
Fixation R	1	26	4524370523	4524704396	333873	658.42	98.97	65	19	-1	10.29	10.29
Fixation L	1	26	4524712650	4525104890	392240	559.75	104.93	64	11	-1	10.01	10.01
Fixation R	1	27	4524712650	4525104890	392240	559.75	104.93	64	11	-1	10.43	10.43
Fixation L	1	27	4525113269	4525313516	200247	654.53	85.14	45	13	-1	10.11	10.11
Fixation R	1	28	4525113269	4525313516	200247	654.53	85.14	45	13	-1	10.54	10.54
Fixation L	1	28	4525321888	4525597258	275370	748.82	77.88	36	8	-1	10.07	10.07
Fixation R	1	29	4525321888	4525597258	275370	748.82	77.88	36	8	-1	10.45	10.45
Fixation L	1	29	4525605506	4525855880	250374	819.00	87.44	43	32	-1	10.12	10.12
Fixation R	1	30	4525605506	4525855880	250374	819.00	87.44	43	32	-1	10.48	10.48
Fixation L	1	30	4525864257	4526189625	325368	685.21	89.52	38	35	-1	10.14	10.14
Fixation R	1	31	4525864257	4526189625	325368	685.21	89.52	38	35	-1	10.60	10.60
Fixation L	1	31	4526197999	4526706992	508993	809.69	95.82	77	22	-1	10.24	10.24
Fixation R	1	32	4526197999	4526706992	508993	809.69	95.82	77	22	-1	10.75	10.75
Fixation L	1	32	4526815494	4526957358	141864	194.23	131.35	51	14	-1	9.99	9.99
Fixation R	1	33	4526815494	4526957358	141864	194.23	131.35	51	14	-1	10.80	10.80
Fixation L	1	33	4526965740	4527232730	266990	109.78	154.70	41	37	-1	10.06	10.06
Fixation R	1	34	4526965740	4527232730	266990	109.78	154.70	41	37	-1	10.80	10.80
Fixation L	1	34	4527249358	4527416360	167002	259.02	147.97	26	12	-1	10.00	10.00
Fixation R	1	35	4527249358	4527416360	167002	259.02	147.97	26	12	-1	10.67	10.67
Fixation L	1	35	4527424604	4527683348	258744	392.58	136.97	16	24	-1	10.10	10.10
Fixation R	1	36	4527424604	4527683348	258744	392.58	136.97	16	24	-1	10.66	10.66
Fixation L	1	36	4527691727	4527825220	133493	530.80	127.24	38	36	-1	9.94	9.94
Fixation R	1	37	4527691727	4527825220	133493	530.80	127.24	38	36	-1	10.61	10.61
Fixation L	1	37	4527900344	4528075468	175124	599.27	146.80	62	37	-1	10.02	10.02
Fixation R	1	38	4527900344	4528075468	175124	599.27	146.80	62	37	-1	10.53	10.53
Fixation L	1	38	4528083843	4528284089	200246	713.26	155.22	88	2	-1	10.08	10.08
Fixation R	1	39	4528083843	4528284089	200246	713.26	155.22	88	2	-1	10.75	10.75
Fixation L	1	39	4528292467	4528676333	383866	836.05	151.99	72	11	-1	9.90	9.90
Fixation R	1	40	4528292467	4528676333	383866	836.05	151.99	72	11	-1	10.44	10.44
Fixation L	1	40	4528684708	4528876580	191872	750.33	168.74	50	15	-1	9.84	9.84
Fixation R	1	41	4528684708	4528876580	191872	750.33	168.74	50	15	-1	10.55	10.55
Fixation L	1	41	4528884954	4529068587	183633	562.69	153.36	72	22	-1	9.80	9.80
Fixation R	1	42	4528884954	4529068587	183633	562.69	153.36	72	22	-1	10.45	10.45
Fixation L	1	42	4529076827	4529318831	242004	499.18	147.45	23	8	-1	9.81	9.81
Fixation R	1	43	4529076827	4529318831	242004	499.18	147.45	23	8	-1	10.23	10.23
Fixation L	1	43	4529335576	4529569202	233626	681.11	145.18	87	11	-1	9.55	9.55
Fixation R	1	44	4529335576	4529569202	233626	681.11	145.18	87	11	-1	10.00	10.00
Fixation L	1	44	4529577570	4530019823	442253	800.61	151.60	70	12	-1	9.53	9.53
Fixation R	1	45	4529577570	4530019823	442253	800.61	151.60	70	12	-1	9.89	9.89
Fixation L	1	45	4530078190	4530620560	542370	106.60	224.97	51	31	-1	9.59	9.59
Fixation R	1	46	4530078190	4530620560	542370	106.60	224.97	51	31	-1	10.23	10.23
Fixation L	1	46	4530628930	4530954424	325494	182.31	206.29	83	15	-1	9.59	9.59
Fixation R	1	47	4530628930	4530954424	325494	182.31	206.29	83	15	-1	10.17	10.17
Fixation L	1	47	4530962673	4531154671	191998	137.94	208.64	60	13	-1	9.60	9.60
Fixation R	1	48	4530962673	4531154671	191998	137.94	208.64	60	13	-1	10.18	10.18
Fixation L	1	48	4531163046	4531446670	283624	211.12	202.90	34	15	-1	9.62	9.62
Fixation R	1	49	4531163046	4531446670	283624	211.12	202.90	34	15	-1	10.26	10.26
Fixation L	1	49	4531455041	4531621920	166879	349.54	200.89	58	21	-1	9.73	9.73
Fixation R	1	50	4531455041	4531621920	166879	349.54	200.89	58	21	-1	10.28	10.28
Fixation L	1	50	4531630289	4531855534	225245	402.49	184.72	36	13	-1	9.72	9.72
Fixation R	1	51	4531630289	4531855534	225245	402.49	184.72	36	13	-1	10.15	10.15
Fixation L	1	51	4531863911	4532347906	483995	542.38	198.49	27	11	-1	9.59	9.59
Fixation R	1	52	4531863911	4532347906	483995	542.38	198.49	27	11	-1	10.05	10.05
Fixation L	1	52	4532356282	4532489774	133492	653.86	196.96	30	15	-1	9.46	9.46
Fixation R	1	53	4532356282	4532489774	133492	653.86	196.96	30	15	-1	10.17	10.17
Fixation L	1	53	4532506529	4532748527	241998	436.05	197.77	28	10	-1	9.67	9.67
Fixation R	1	54	4532506529	4532748527	241998	436.05	197.77	28	10	-1	10.14	10.14
Fixation L	1	54	4532765149	4533048896	283747	706.66	186.18	25	29	-1	9.61	9.61
Fixation R	1	55	4532765149	4533048896	283747	706.66	186.18	25	29	-1	10.30	10.30
Fixation L	1	55	4533057273	4533249143	191870	839.73	195.90	90	8	-1	9.68	9.68
Fixation R	1	56	4533057273	4533249143	191870	839.73	195.90	90	8	-1	10.17	10.17
Fixation L	1	56	4533299267	4533566260	266993	128.77	259.21	75	22	-1	9.58	9.58
Fixation R	1	57	4533299267	4533566260	266993	128.77	259.21	75	22	-1	10.19	10.19
Fixation L	1	57	4533574519	4533699761	125242	86.90	276.72	6	9	-1	9.70	9.70
Fixation R	1	58	4533574519	4533699761	125242	86.90	276.72	6	9	-1	10.25	10.25
Fixation L	1	58	4533716386	4533941755	225369	313.78	259.60	30	27	-1	9.88	9.88
Fixation R	1	59	4533716386	4533941755	225369	313.78	259.60	30	27	-1	10.39	10.39
Fixation L	1	59	4533958384	4534117003	158619	487.15	259.33	19	15	-1	9.76	9.76
Fixation R	1	60	4533958384	4534117003	158619	487.15	259.33	19	15	-1	10.27	10.27
Fixation L	1	60	4534125257	4534367248	241991	679.69	257.56	81	8	-1	9.61	9.61
Fixation R	1	61	4534125257	4534367248	241991	679.69	257.56	81	8	-1	10.00	10.00
Fixation L	1	61	4534383998	4534542493	158495	815.16	257.01	34	5	-1	9.48	9.48
Fixation R	1	62	4534383998	4534542493	158495	815.16	257.01	34	5	-1	9.99	9.99
Fixation L	1	62	4534575876	4534742867	166991	263.04	307.30	75	20	-1	9.54	9.54
Fixation R	1	63	4534575876	4534742867	166991	263.04	307.30	75	20	-1	10.27	10.27
Fixation L	1	63	4534751117	4534842993	91876	243.98	313.28	12	16	-1	9.60	9.60
Fixation R	1	64	4534751117	4534842993	91876	243.98	313.28	12	16	-1	10.23	10.23
Fixation L	1	64	4534851248	4534968113	116865	344.55	321.95	16	2	-1	9.71	9.71
Fixation R	1	65	4534851248	4534968113	116865	344.55	321.95	16	2	-1	10.33	10.33
Fixation L	1	65	4535093237	4535210109	116872	317.93	321.40	83	10	-1	9.82	9.82
Fixation R	1	66	4535093237	4535210109	116872	317.93	321.40	83	10	-1	10.40	10.40
Fixation L	1	66	4535218483	4535443731	225248	480.28	322.55	32	8	-1	9.85	9.85
Fixation R	1	67	4535218483	4535443731	225248	480.28	322.55	32	8	-1	10.50	10.50
Fixation L	1	67	4535452110	4535719101	266991	381.41	325.11	23	8	-1	9.70	9.70
Fixation R	1	68	4535452110	4535719101	266991	381.41	325.11	23	8	-1	10.40	10.40
Fixation L	1	68	4535727487	4535835977	108490	494.10	328.52	42	3	-1	9.81	9.81
Fixation R	1	69	4535727487	4535835977	108490	494.10	328.52	42	3	-1	10.50	10.50
Fixation L	1	69	4535844224	4536144721	300497	587.37	327.24	51	9	-1	9.85	9.85
Fixation R	1	70	4535844224	4536144721	300497	587.37	327.24	51	9	-1	10.48	10.48
Fixation L	1	70	4536152973	4536311593	158620	719.00	325.26	22	17	-1	9.83	9.83
Fixation R	1	71	4536152973	4536311593	158620	719.00	325.26	22	17	-1	10.52	10.52
Fixation L	1	71	4536319967	4537087581	767614	877.93	318.85	84	15	-1	9.76	9.76
Fixation R	1	72	4536319967	4537087581	767614	877.93	318.85	84	15	-1	10.36	10.36
Fixation L	1	72	4537171081	4537321201	150120	149.57	389.15	59	40	-1	9.72	9.72
Fixation R	1	73	4537171081	4537321201	150120	149.57	389.15	59	40	-1	10.48	10.48
Fixation L	1	73	4537329585	4537504828	175243	98.54	399.64	63	17	-1	9.89	9.89
Fixation R	1	74	4537329585	4537504828	175243	98.54	399.64	63	17	-1	10.19	10.19
Fixation L	1	74	4537513200	4537746823	233623	263.13	388.72	45	15	-1	9.89	9.89
Fixation R	1	75	4537513200	4537746823	233623	263.13	388.72	45	15	-1	10.34	10.34
Fixation L	1	75	4537755199	4538122318	367119	422.42	394.37	54	16	-1	9.81	9.81
Fixation R	1	76	4537755199	4538122318	367119	422.42	394.37	54	16	-1	10.39	10.39
Fixation L	1	76	4538130702	4538456063	325361	561.39	387.61	22	10	-1	9.80	9.80
Fixation R	1	77	4538130702	4538456063	325361	561.39	387.61	22	10	-1	10.37	10.37
Fixation L	1	77	4538464437	4539040179	575742	681.88	385.64	20	9	-1	9.77	9.77
Fixation R	1	78	4538464437	4539040179	575742	681.88	385.64	20	9	-1	10.38	10.38
Fixation L	1	78	4539048553	4539307301	258748	793.39	391.12	62	18	-1	9.67	9.67
Fixation R	1	79	4539048553	4539307301	258748	793.39	391.12	62	18	-1	10.26	10.26
Fixation L	1	79	4539315548	4539674416	358868	882.04	388.76	22	16	-1	9.73	9.73
Fixation R	1	80	4539315548	4539674416	358868	882.04	388.76	22	16	-1	10.23	10.23
Fixation L	1	80	4539732801	4539891416	158615	136.02	439.62	49	38	-1	9.51	9.51
Fixation R	1	81	4539732801	4539891416	158615	136.02	439.62	49	38	-1	10.15	10.15
Fixation L	1	81	4539899663	4540191789	292126	83.03	459.95	22	23	-1	9.64	9.64
Fixation R	1	82	4539899663	4540191789	292126	83.03	459.95	22	23	-1	10.09	10.09
Fixation L	1	82	4540200158	4540450403	250245	270.40	445.97	53	12	-1	9.78	9.78
Fixation R	1	83	4540200158	4540450403	250245	270.40	445.97	53	12	-1	10.27	10.27
Fixation L	1	83	4540458783	4540667402	208619	396.55	446.98	45	6	-1	9.71	9.71
Fixation R	1	84	4540458783	4540667402	208619	396.55	446.98	45	6	-1	10.35	10.35
Fixation L	1	84	4540675776	4541268267	592491	528.75	454.70	87	12	-1	9.67	9.67
Fixation R	1	85	4540675776	4541268267	592491	528.75	454.70	87	12	-1	10.46	10.46
Fixation L	1	85	4541393390	4541702137	308747	729.68	447.38	59	25	-1	9.95	9.95
Fixation R	1	86	4541393390	4541702137	308747	729.68	447.38	59	25	-1	10.35	10.35
Fixation L	1	86	4541919136	4542319633	400497	711.50	436.51	49	23	-1	10.17	10.17
Fixation R	1	87	4541919136	4542319633	400497	711.50	436.51	49	23	-1	10.83	10.83
Fixation L	1	87	4542328003	4542553251	225248	815.25	443.18	20	4	-1	9.89	9.89
Fixation R	1	88	4542328003	4542553251	225248	815.25	443.18	20	4	-1	10.51	10.51
Fixation L	1	88	4542603374	4542870372	266998	114.75	483.66	73	19	-1	9.65	9.65
Fixation R	1	89	4542603374	4542870372	266998	114.75	483.66	73	19	-1	10.36	10.36
Fixation L	1	89	4542878748	4542995494	116746	73.78	498.12	26	11	-1	9.64	9.64
Fixation R	1	90	4542878748	4542995494	116746	73.78	498.12	26	11	-1	10.17	10.17
Fixation L	1	90	4543003867	4543270862	266995	187.42	494.84	22	15	-1	9.88	9.88
Fixation R	1	91	4543003867	4543270862	266995	187.42	494.84	22	15	-1	10.09	10.09
Fixation L	1	91	4543279236	4543629731	350495	332.14	503.48	76	6	-1	9.92	9.92
Fixation R	1	92	4543279236	4543629731	350495	332.14	503.48	76	6	-1	10.35	10.35
Fixation L	1	92	4543638115	4544013609	375494	444.74	505.26	90	9	-1	9.92	9.92
Fixation R	1	93	4543638115	4544013609	375494	444.74	505.26	90	9	-1	10.56	10.56
Fixation L	1	93	4544021976	4544380720	358744	461.21	501.34	85	12	-1	9.86	9.86
Fixation R	1	94	4544021976	4544380720	358744	461.21	501.34	85	12	-1	10.54	10.54
Fixation L	1	94	4544389098	4544539350	150252	561.98	510.55	59	5	-1	10.02	10.02
Fixation R	1	95	4544389098	4544539350	150252	561.98	510.55	59	5	-1	10.55	10.55
Fixation L	1	95	4544547595	4545315339	767744	701.33	510.60	73	12	-1	9.91	9.91
Fixation R	1	96	4544547595	4545315339	767744	701.33	510.60	73	12	-1	10.50	10.50
Fixation L	1	96	4545323708	4545640709	317001	879.90	506.37	41	11	-1	9.66	9.66
Fixation R	1	97	4545323708	4545640709	317001	879.90	506.37	41	11	-1	10.28	10.28
Fixation L	1	97	4545699200	4546007947	308747	90.56	573.21	44	36	-1	9.61	9.61
Fixation R	1	98	4545699200	4546007947	308747	90.56	573.21	44	36	-1	10.06	10.06
Fixation L	1	98	4546016329	4546224823	208494	211.74	562.18	76	13	-1	9.82	9.82
Fixation R	1	99	4546016329	4546224823	208494	211.74	562.18	76	13	-1	10.15	10.15
Fixation L	1	99	4546233191	4546400067	166876	419.11	562.07	39	18	-1	10.04	10.04
Fixation R	1	100	4546233191	4546400067	166876	419.11	562.07	39	18	-1	10.63	10.63
Fixation L	1	100	4546408440	4546575313	166873	590.20	568.50	57	10	-1	9.98	9.98
Fixation R	1	101	4546408440	4546575313	166873	590.20	568.50	57	10	-1	10.61	10.61
Fixation L	1	101	4546592064	4546859059	266995	812.33	563.36	31	11	-1	9.59	9.59
Fixation R	1	102	4546592064	4546859059	266995	812.33	563.36	31	11	-1	10.38	10.38
Fixation L	1	102	4546900811	4547067694	166883	179.68	636.94	70	28	-1	9.67	9.67
Fixation R	1	103	4546900811	4547067694	166883	179.68	636.94	70	28	-1	10.19	10.19
Fixation L	1	103	4547076063	4547359675	283612	137.31	639.52	47	12	-1	9.88	9.88
Fixation R	1	104	4547076063	4547359675	283612	137.31	639.52	47	12	-1	10.24	10.24
Fixation L	1	104	4547368059	4547501549	133490	214.95	612.32	63	31	-1	10.03	10.03
Fixation R	1	105	4547368059	4547501549	133490	214.95	612.32	63	31	-1	10.21	10.21
Fixation L	1	105	4547534923	4547818674	283751	273.99	165.38	28	59	-1	9.71	9.71
Fixation R	1	106	4547534923	4547818674	283751	273.99	165.38	28	59	-1	10.55	10.55
Fixation L	1	106	4547835422	4547985574	150152	291.05	22.75	16	35	-1	10.08	10.08
Fixation R	1	107	4547835422	4547985574	150152	291.05	22.75	16	35	-1	10.55	10.55

