[BeGaze]
Converted from:	C:\Program Files\SMI\Experiment Suite 360\Experiment Center 2\Results\Readability_First_01\P02-eye_data.idf
Date:	02.08.2013 11:27:24
Version:	BeGaze 3.2.28
Sample Rate:	120
Subject:	P02
Description:	Run2

Table Header for Fixations:
Event Type	Trial	Number	Start	End	Duration	Location X	Location Y	Dispersion X	Dispersion Y	Plane	Avg. Pupil Size X	Avg. Pupil Size Y


Fixation L	1	1	4607844308	4607986134	141826	484.73	340.06	5	78	-1	14.95	14.95
Fixation R	1	1	4607844308	4607986134	141826	484.73	340.06	5	78	-1	15.60	15.60
Fixation L	1	2	4607994514	4608128006	133492	443.81	109.29	48	41	-1	14.09	14.09
Fixation R	1	2	4607994514	4608128006	133492	443.81	109.29	48	41	-1	14.62	14.62
Fixation L	1	3	4608144760	4608286504	141744	220.43	63.00	26	28	-1	11.50	11.50
Fixation R	1	3	4608144760	4608286504	141744	220.43	63.00	26	28	-1	13.00	13.00
Fixation L	1	4	4608294882	4608461749	166867	127.62	70.94	17	39	-1	11.01	11.01
Fixation R	1	4	4608294882	4608461749	166867	127.62	70.94	17	39	-1	11.79	11.79
Fixation L	1	5	4608561873	4608712120	150247	265.05	79.80	15	17	-1	10.98	10.98
Fixation R	1	5	4608561873	4608712120	150247	265.05	79.80	15	17	-1	11.72	11.72
Fixation L	1	6	4608787244	4609079240	291996	372.16	53.14	25	13	-1	11.31	11.31
Fixation R	1	6	4608787244	4609079240	291996	372.16	53.14	25	13	-1	11.94	11.94
Fixation L	1	7	4609087614	4609254490	166876	192.24	60.09	78	6	-1	11.21	11.21
Fixation R	1	7	4609087614	4609254490	166876	192.24	60.09	78	6	-1	12.06	12.06
Fixation L	1	8	4609262863	4609521489	258626	123.69	88.15	37	41	-1	11.06	11.06
Fixation R	1	8	4609262863	4609521489	258626	123.69	88.15	37	41	-1	11.96	11.96
Fixation L	1	9	4609554859	4609838636	283777	494.89	73.03	36	46	-1	11.63	11.63
Fixation R	1	9	4609554859	4609838636	283777	494.89	73.03	36	46	-1	12.11	12.11
Fixation L	1	10	4609846985	4610063978	216993	622.62	47.71	44	14	-1	11.57	11.57
Fixation R	1	10	4609846985	4610063978	216993	622.62	47.71	44	14	-1	12.01	12.01
Fixation L	1	11	4610072233	4610364347	292114	727.80	54.51	17	17	-1	11.44	11.44
Fixation R	1	11	4610072233	4610364347	292114	727.80	54.51	17	17	-1	11.78	11.78
Fixation L	1	12	4610372728	4610564593	191865	856.47	45.68	47	14	-1	11.24	11.24
Fixation R	1	12	4610372728	4610564593	191865	856.47	45.68	47	14	-1	11.72	11.72
Fixation L	1	13	4610614721	4610814963	200242	153.22	124.96	55	44	-1	10.98	10.98
Fixation R	1	13	4610614721	4610814963	200242	153.22	124.96	55	44	-1	11.94	11.94
Fixation L	1	14	4610823343	4611106962	283619	118.11	147.61	54	12	-1	10.96	10.96
Fixation R	1	14	4610823343	4611106962	283619	118.11	147.61	54	12	-1	11.68	11.68
Fixation L	1	15	4611115336	4611340706	225370	280.29	126.74	21	27	-1	10.95	10.95
Fixation R	1	15	4611115336	4611340706	225370	280.29	126.74	21	27	-1	11.44	11.44
Fixation L	1	16	4611348956	4611549203	200247	441.41	111.69	45	13	-1	11.06	11.06
Fixation R	1	16	4611348956	4611549203	200247	441.41	111.69	45	13	-1	11.50	11.50
Fixation L	1	17	4611557585	4611899697	342112	603.12	103.34	47	11	-1	11.21	11.21
Fixation R	1	17	4611557585	4611899697	342112	603.12	103.34	47	11	-1	11.67	11.67
Fixation L	1	18	4611908077	4612125070	216993	756.52	105.72	28	11	-1	11.12	11.12
Fixation R	1	18	4611908077	4612125070	216993	756.52	105.72	28	11	-1	11.50	11.50
Fixation L	1	19	4612133329	4612483819	350490	881.30	120.19	55	31	-1	11.07	11.07
Fixation R	1	19	4612133329	4612483819	350490	881.30	120.19	55	31	-1	11.10	11.10
Fixation L	1	20	4612533946	4612684065	150119	167.15	172.97	63	36	-1	10.85	10.85
Fixation R	1	20	4612533946	4612684065	150119	167.15	172.97	63	36	-1	11.89	11.89
Fixation L	1	21	4612692439	4613218176	525737	119.75	189.09	57	26	-1	10.95	10.95
Fixation R	1	21	4612692439	4613218176	525737	119.75	189.09	57	26	-1	11.75	11.75
Fixation L	1	22	4613226556	4613443425	216869	250.07	172.31	76	20	-1	11.02	11.02
Fixation R	1	22	4613226556	4613443425	216869	250.07	172.31	76	20	-1	11.65	11.65
Fixation L	1	23	4613451802	4613543550	91748	306.82	170.54	7	24	-1	10.83	10.83
Fixation R	1	23	4613451802	4613543550	91748	306.82	170.54	7	24	-1	11.55	11.55
Fixation L	1	24	4613568673	4613960797	392124	420.19	170.71	63	24	-1	10.96	10.96
Fixation R	1	24	4613568673	4613960797	392124	420.19	170.71	63	24	-1	11.42	11.42
Fixation L	1	25	4613969170	4614127664	158494	539.58	166.43	69	8	-1	10.82	10.82
Fixation R	1	25	4613969170	4614127664	158494	539.58	166.43	69	8	-1	11.27	11.27
Fixation L	1	26	4614136046	4614369661	233615	647.69	162.10	94	5	-1	10.75	10.75
Fixation R	1	26	4614136046	4614369661	233615	647.69	162.10	94	5	-1	11.20	11.20
Fixation L	1	27	4614378035	4614511539	133504	720.81	155.59	12	3	-1	10.76	10.76
Fixation R	1	27	4614378035	4614511539	133504	720.81	155.59	12	3	-1	11.21	11.21
Fixation L	1	28	4614519908	4614912158	392250	835.60	154.24	88	8	-1	10.79	10.79
Fixation R	1	28	4614519908	4614912158	392250	835.60	154.24	88	8	-1	11.16	11.16
Fixation L	1	29	4614962158	4615120775	158617	175.91	230.11	50	23	-1	10.96	10.96
Fixation R	1	29	4614962158	4615120775	158617	175.91	230.11	50	23	-1	11.78	11.78
Fixation L	1	30	4615129023	4615312654	183631	117.28	236.27	52	23	-1	11.04	11.04
Fixation R	1	30	4615129023	4615312654	183631	117.28	236.27	52	23	-1	11.71	11.71
Fixation L	1	31	4615321025	4615412777	91752	289.79	234.85	12	23	-1	11.18	11.18
Fixation R	1	31	4615321025	4615412777	91752	289.79	234.85	12	23	-1	11.65	11.65
Fixation L	1	32	4615421148	4615713146	291998	434.49	213.54	68	19	-1	11.23	11.23
Fixation R	1	32	4615421148	4615713146	291998	434.49	213.54	68	19	-1	11.60	11.60
Fixation L	1	33	4615729895	4615946888	216993	553.92	219.36	26	7	-1	10.28	10.28
Fixation R	1	33	4615729895	4615963516	233621	553.82	219.28	26	7	-1	11.61	11.61
Fixation L	1	34	4615971885	4616272258	300373	681.67	217.06	59	5	-1	10.98	10.98
Fixation R	1	34	4615971885	4616272258	300373	681.67	217.06	59	5	-1	11.44	11.44
Fixation L	1	35	4616280631	4616514259	233628	833.90	213.34	83	8	-1	10.91	10.91
Fixation R	1	35	4616280631	4616514259	233628	833.90	213.34	83	8	-1	11.17	11.17
Fixation L	1	36	4616522629	4616664507	141878	912.29	220.21	29	12	-1	10.82	10.82
Fixation R	1	36	4616522629	4616664507	141878	912.29	220.21	29	12	-1	11.18	11.18
Fixation L	1	37	4616722878	4616998246	275368	111.73	305.05	65	25	-1	10.86	10.86
Fixation R	1	37	4616722878	4616998246	275368	111.73	305.05	65	25	-1	11.60	11.60
Fixation R	1	38	4617006621	4617198494	191873	247.61	288.64	53	19	-1	11.69	11.69
Fixation L	1	38	4617206869	4617373743	166874	358.30	277.87	38	22	-1	11.05	11.05
Fixation R	1	39	4617206869	4617373743	166874	358.30	277.87	38	22	-1	11.49	11.49
Fixation L	1	39	4617382115	4617565619	183504	508.33	270.12	87	11	-1	10.94	10.94
Fixation R	1	40	4617382115	4617565619	183504	508.33	270.12	87	11	-1	11.27	11.27
Fixation L	1	40	4617573993	4617674111	100118	517.74	280.29	38	4	-1	10.81	10.81
Fixation R	1	41	4617573993	4617674111	100118	517.74	280.29	38	4	-1	11.25	11.25
Fixation L	1	41	4617682487	4617916113	233626	658.06	263.27	47	23	-1	10.78	10.78
Fixation R	1	42	4617682487	4617916113	233626	658.06	263.27	47	23	-1	11.16	11.16
Fixation L	1	42	4617924481	4618166482	242001	772.41	264.01	36	13	-1	10.83	10.83
Fixation R	1	43	4617924481	4618166482	242001	772.41	264.01	36	13	-1	11.23	11.23
Fixation L	1	43	4618208227	4618425100	216873	173.23	338.15	68	30	-1	10.57	10.57
Fixation R	1	44	4618208227	4618425100	216873	173.23	338.15	68	30	-1	11.32	11.32
Fixation L	1	44	4618433475	4618541975	108500	140.20	347.12	60	3	-1	10.63	10.63
Fixation R	1	45	4618433475	4618541975	108500	140.20	347.12	60	3	-1	11.25	11.25
Fixation L	1	45	4618550349	4618808968	258619	283.65	342.87	17	11	-1	10.85	10.85
Fixation R	1	46	4618550349	4618808968	258619	283.65	342.87	17	11	-1	11.34	11.34
Fixation L	1	46	4618817349	4618934090	116741	383.17	346.91	26	3	-1	10.28	10.28
Fixation R	1	47	4618817349	4618934090	116741	383.17	346.91	26	3	-1	11.44	11.44
Fixation L	1	47	4618959220	4619192845	233625	734.41	280.53	35	10	-1	11.00	11.00
Fixation R	1	48	4618959220	4619192845	233625	734.41	280.53	35	10	-1	11.29	11.29
Fixation L	1	48	4619201214	4619585087	383873	818.77	272.31	68	17	-1	10.55	10.55
Fixation R	1	49	4619201214	4619593337	392123	818.01	272.22	74	17	-1	11.32	11.32
Fixation R	1	50	4619635080	4619793710	158630	237.14	348.83	25	41	-1	11.73	11.73
Fixation R	1	51	4619801956	4620035701	233745	112.40	365.66	20	20	-1	11.65	11.65
Fixation L	1	49	4619893833	4620035701	141868	112.82	366.31	6	11	-1	10.79	10.79
Fixation L	1	50	4620052326	4620185828	133502	299.39	351.52	14	9	-1	10.93	10.93
Fixation R	1	52	4620052326	4620185828	133502	299.39	351.52	14	9	-1	11.40	11.40
Fixation L	1	51	4620294327	4620436194	141867	389.43	333.86	32	9	-1	10.93	10.93
Fixation R	1	53	4620294327	4620436194	141867	389.43	333.86	32	9	-1	11.31	11.31
Fixation L	1	52	4620444572	4620644820	200248	475.32	342.75	33	8	-1	11.08	11.08
Fixation R	1	54	4620444572	4620644820	200248	475.32	342.75	33	8	-1	11.45	11.45
Fixation L	1	53	4620653194	4620795068	141874	571.65	344.57	27	5	-1	10.94	10.94
Fixation R	1	55	4620694824	4620803313	108489	565.18	343.94	95	4	-1	11.39	11.39
Fixation L	1	54	4620803313	4621011935	208622	471.50	344.53	14	7	-1	10.77	10.77
Fixation R	1	56	4620811690	4621011935	200245	471.19	344.52	14	7	-1	11.27	11.27
Fixation L	1	55	4621020317	4621454180	433863	679.58	332.56	73	11	-1	10.84	10.84
Fixation R	1	57	4621020317	4621454180	433863	679.58	332.56	73	11	-1	11.27	11.27
Fixation L	1	56	4621495932	4621754679	258747	164.46	400.33	30	13	-1	10.62	10.62
Fixation R	1	58	4621495932	4621754679	258747	164.46	400.33	30	13	-1	11.42	11.42
Fixation L	1	57	4621762926	4621904800	141874	279.34	399.64	28	2	-1	10.86	10.86
Fixation R	1	59	4621762926	4621904800	141874	279.34	399.64	28	2	-1	11.40	11.40
Fixation L	1	58	4621913173	4622071668	158495	474.28	391.06	65	13	-1	10.79	10.79
Fixation R	1	60	4621913173	4622071668	158495	474.28	391.06	65	13	-1	11.33	11.33
Fixation L	1	59	4622088425	4622380418	291993	686.87	381.81	66	13	-1	10.76	10.76
Fixation R	1	61	4622088425	4622380418	291993	686.87	381.81	66	13	-1	11.22	11.22
Fixation L	1	60	4622388792	4622505666	116874	830.18	388.75	85	6	-1	10.68	10.68
Fixation R	1	62	4622388792	4622505666	116874	830.18	388.75	85	6	-1	11.17	11.17
Fixation L	1	61	4622514038	4622705913	191875	901.95	385.48	14	5	-1	10.55	10.55
Fixation R	1	63	4622514038	4622705913	191875	901.95	385.48	14	5	-1	11.01	11.01
Fixation L	1	62	4622755912	4622897786	141874	159.18	448.54	52	30	-1	10.59	10.59
Fixation R	1	64	4622755912	4622897786	141874	159.18	448.54	52	30	-1	11.48	11.48
Fixation L	1	63	4622906160	4623056409	150249	106.42	463.19	26	16	-1	10.70	10.70
Fixation R	1	65	4622906160	4623056409	150249	106.42	463.19	26	16	-1	11.48	11.48
Fixation L	1	64	4623064654	4623306655	242001	285.70	447.89	45	23	-1	10.89	10.89
Fixation R	1	66	4623064654	4623306655	242001	285.70	447.89	45	23	-1	11.45	11.45
Fixation L	1	65	4623315028	4623607152	292124	393.09	450.46	23	11	-1	10.78	10.78
Fixation R	1	67	4623315028	4623607152	292124	393.09	450.46	23	11	-1	11.38	11.38
Fixation L	1	66	4623615396	4623840767	225371	556.25	458.18	48	11	-1	10.77	10.77
Fixation R	1	68	4623615396	4623840767	225371	556.25	458.18	48	11	-1	11.37	11.37
Fixation L	1	67	4623849143	4624016018	166875	662.04	457.06	54	13	-1	10.82	10.82
Fixation R	1	69	4623849143	4624016018	166875	662.04	457.06	54	13	-1	11.41	11.41
Fixation L	1	68	4624024390	4624358139	333749	796.14	450.84	71	10	-1	10.71	10.71
Fixation R	1	70	4624024390	4624358139	333749	796.14	450.84	71	10	-1	11.30	11.30
Fixation L	1	69	4624399887	4624708633	308746	148.72	514.01	44	15	-1	10.56	10.56
Fixation R	1	71	4624399887	4624708633	308746	148.72	514.01	44	15	-1	11.36	11.36
Fixation R	1	72	4624716879	4624917251	200372	283.43	499.68	65	16	-1	11.37	11.37
Fixation L	1	70	4624900501	4625109129	208628	349.39	507.55	80	19	-1	10.79	10.79
Fixation R	1	73	4624925501	4625109129	183628	355.62	509.19	17	14	-1	11.31	11.31
Fixation L	1	71	4625117501	4625401243	283742	505.56	506.71	54	14	-1	10.66	10.66
Fixation R	1	74	4625117501	4625401243	283742	505.56	506.71	54	14	-1	11.38	11.38
Fixation L	1	72	4625417870	4625684869	266999	746.80	510.23	35	12	-1	10.64	10.64
Fixation R	1	75	4625417870	4625684869	266999	746.80	510.23	35	12	-1	11.18	11.18
Fixation R	1	76	4625693240	4625860115	166875	824.51	510.71	75	13	-1	11.21	11.21
Fixation L	1	73	4625801737	4626001984	200247	875.88	510.57	80	8	-1	9.69	9.69
Fixation R	1	77	4625868485	4626001984	133499	896.07	511.94	78	3	-1	11.20	11.20
Fixation L	1	74	4626052108	4626218985	166877	183.38	565.37	38	39	-1	10.61	10.61
Fixation R	1	78	4626052108	4626218985	166877	183.38	565.37	38	39	-1	11.33	11.33
Fixation L	1	75	4626227358	4626444229	216871	97.27	591.80	27	24	-1	10.69	10.69
Fixation R	1	79	4626227358	4626444229	216871	97.27	591.80	27	24	-1	11.28	11.28
Fixation L	1	76	4626452602	4627003346	550744	183.32	578.93	21	17	-1	10.80	10.80
Fixation R	1	80	4626452602	4627003346	550744	183.32	578.93	21	17	-1	11.24	11.24
Fixation L	1	77	4627019975	4627387218	367243	343.33	572.61	45	18	-1	10.87	10.87
Fixation R	1	81	4627019975	4627387218	367243	343.33	572.61	45	18	-1	11.42	11.42
Fixation L	1	78	4627395592	4627587465	191873	516.45	580.85	84	10	-1	10.74	10.74
Fixation R	1	82	4627395592	4627587465	191873	516.45	580.85	84	10	-1	11.42	11.42
Fixation L	1	79	4627595835	4627737713	141878	618.19	578.49	12	6	-1	10.74	10.74
Fixation R	1	83	4627595835	4627737713	141878	618.19	578.49	12	6	-1	11.35	11.35
Fixation L	1	80	4627745961	4627971330	225369	777.58	574.10	88	11	-1	10.55	10.55
Fixation R	1	84	4627745961	4627971330	225369	777.58	574.10	88	11	-1	11.20	11.20
Fixation L	1	81	4627979705	4628096452	116747	834.36	568.35	12	6	-1	10.44	10.44
Fixation R	1	85	4627979705	4628096452	116747	834.36	568.35	12	6	-1	11.11	11.11
Fixation L	1	82	4628138207	4628305078	166871	159.16	646.89	44	36	-1	10.38	10.38
Fixation R	1	86	4628138207	4628305078	166871	159.16	646.89	44	36	-1	11.19	11.19
Fixation L	1	83	4628313452	4628488702	175250	102.31	658.00	29	12	-1	10.41	10.41
Fixation R	1	87	4628313452	4628488702	175250	102.31	658.00	29	12	-1	10.99	10.99
Fixation L	1	84	4628496949	4628755693	258744	212.17	641.96	29	17	-1	10.65	10.65
Fixation R	1	88	4628496949	4628755693	258744	212.17	641.96	29	17	-1	10.95	10.95
Fixation L	1	85	4628764072	4628989325	225253	335.37	639.28	81	8	-1	10.78	10.78
Fixation R	1	89	4628764072	4628989325	225253	335.37	639.28	81	8	-1	11.28	11.28
Fixation L	1	86	4628997690	4629172939	175249	453.90	637.13	20	6	-1	10.72	10.72
Fixation R	1	90	4628997690	4629172939	175249	453.90	637.13	20	6	-1	11.42	11.42
Fixation L	1	87	4629181314	4629615183	433869	577.63	638.97	63	9	-1	10.80	10.80
Fixation R	1	91	4629181314	4629615183	433869	577.63	638.97	63	9	-1	11.40	11.40
Fixation L	1	88	4629623557	4629890555	266998	672.75	638.04	22	13	-1	10.61	10.61
Fixation R	1	92	4629623557	4629890555	266998	672.75	638.04	22	13	-1	11.24	11.24
Fixation L	1	89	4629898926	4630207670	308744	578.32	637.26	53	12	-1	10.59	10.59
Fixation R	1	93	4629898926	4630207670	308744	578.32	637.26	53	12	-1	11.31	11.31
Fixation L	1	90	4630215924	4630549791	333867	670.33	634.45	82	10	-1	10.81	10.81
Fixation R	1	94	4630215924	4630549791	333867	670.33	634.45	82	10	-1	11.52	11.52
Fixation L	1	91	4630558166	4630941914	383748	787.50	633.85	10	7	-1	10.80	10.80
Fixation R	1	95	4630558166	4630941914	383748	787.50	633.85	10	7	-1	11.50	11.50
Fixation L	1	92	4630950286	4631067161	116875	926.06	640.55	40	2	-1	10.84	10.84
Fixation R	1	96	4630950286	4631067161	116875	926.06	640.55	40	2	-1	11.46	11.46
Fixation L	1	93	4631083784	4631501030	417246	688.81	643.84	48	12	-1	11.10	11.10
Fixation R	1	97	4631083784	4631501030	417246	688.81	643.84	48	12	-1	11.87	11.87
Fixation L	1	94	4631509410	4631684654	175244	893.09	644.90	94	3	-1	10.88	10.88
Fixation R	1	98	4631509410	4631684654	175244	893.09	644.90	94	3	-1	11.66	11.66
Fixation L	1	95	4631692905	4631809773	116868	937.50	644.92	13	6	-1	10.76	10.76
Fixation R	1	99	4631692905	4631809773	116868	937.50	644.92	13	6	-1	11.54	11.54
Fixation L	1	96	4631876523	4632235395	358872	101.10	715.83	28	26	-1	10.85	10.85
Fixation R	1	100	4631876523	4632235395	358872	101.10	715.83	28	26	-1	11.65	11.65
Fixation L	1	97	4632243647	4632452264	208617	232.49	718.56	84	15	-1	11.07	11.07
Fixation R	1	101	4632243647	4632452264	208617	232.49	718.56	84	15	-1	11.50	11.50
Fixation L	1	98	4632460638	4632602514	141876	172.67	721.49	13	3	-1	10.93	10.93
Fixation R	1	102	4632460638	4632602514	141876	172.67	721.49	13	3	-1	11.54	11.54
Fixation L	1	99	4632610887	4632694264	83377	262.95	710.03	18	8	-1	11.18	11.18
Fixation R	1	103	4632610887	4632694264	83377	262.95	710.03	18	8	-1	11.47	11.47
Fixation L	1	100	4632702637	4632936258	233621	406.99	697.62	79	16	-1	11.31	11.31
Fixation R	1	104	4632702637	4632936258	233621	406.99	697.62	79	16	-1	11.91	11.91
Fixation L	1	101	4632944635	4633195006	250371	551.17	696.62	30	9	-1	11.27	11.27
Fixation R	1	105	4632944635	4633195006	250371	551.17	696.62	30	9	-1	12.18	12.18
Fixation L	1	102	4633203379	4633486996	283617	732.66	698.53	75	15	-1	10.99	10.99
Fixation R	1	106	4633203379	4633486996	283617	732.66	698.53	75	15	-1	11.85	11.85
Fixation L	1	103	4633495379	4633737369	241990	858.39	704.07	38	8	-1	10.97	10.97
Fixation R	1	107	4633495379	4633737369	241990	858.39	704.07	38	8	-1	11.70	11.70

