[BeGaze]
Converted from:	C:\Program Files\SMI\Experiment Suite 360\Experiment Center 2\Results\Readability_First_01\P02-eye_data.idf
Date:	02.08.2013 11:27:26
Version:	BeGaze 3.2.28
Sample Rate:	120
Subject:	P02
Description:	Run2

Table Header for Fixations:
Event Type	Trial	Number	Start	End	Duration	Location X	Location Y	Dispersion X	Dispersion Y	Plane	Avg. Pupil Size X	Avg. Pupil Size Y


Fixation L	1	1	5442572509	5442764494	191985	421.02	101.50	38	24	-1	10.13	10.13
Fixation R	1	1	5442572509	5442764494	191985	421.02	101.50	38	24	-1	10.42	10.42
Fixation L	1	2	5442781119	5442931365	150246	228.39	14.35	28	26	-1	10.09	10.09
Fixation R	1	2	5442781119	5442931365	150246	228.39	14.35	28	26	-1	10.66	10.66
Fixation L	1	3	5442939738	5443256735	316997	113.37	33.38	55	44	-1	9.49	9.49
Fixation R	1	3	5442939738	5443256735	316997	113.37	33.38	55	44	-1	9.98	9.98
Fixation L	1	4	5443265109	5443381984	116875	231.10	21.10	17	11	-1	9.49	9.49
Fixation R	1	4	5443265109	5443381984	116875	231.10	21.10	17	11	-1	9.96	9.96
Fixation L	1	5	5443482106	5443949351	467245	88.64	74.33	46	38	-1	9.75	9.75
Fixation R	1	5	5443482106	5443949351	467245	88.64	74.33	46	38	-1	10.19	10.19
Fixation L	1	6	5443966100	5444274850	308750	198.68	28.78	26	66	-1	9.78	9.78
Fixation R	1	6	5443966100	5444274850	308750	198.68	28.78	26	66	-1	10.23	10.23
Fixation R	1	7	5444291474	5444483468	191994	247.05	-20.94	45	27	-1	10.23	10.23
Fixation L	1	7	5444491717	5444650341	158624	405.61	3.08	76	19	-1	9.87	9.87
Fixation R	1	8	5444491717	5444650341	158624	405.61	3.08	76	19	-1	10.11	10.11
Fixation L	1	8	5444658587	5445025838	367251	521.22	-2.47	65	28	-1	9.77	9.77
Fixation R	1	9	5444658587	5445025838	367251	521.22	-2.47	65	28	-1	10.09	10.09
Fixation L	1	9	5445034206	5445342957	308751	488.28	-16.91	42	37	-1	9.67	9.67
Fixation R	1	10	5445034206	5445342957	308751	488.28	-16.91	42	37	-1	9.95	9.95
Fixation L	1	10	5445351331	5445484827	133496	569.09	-21.86	23	26	-1	9.85	9.85
Fixation R	1	11	5445351331	5445484827	133496	569.09	-21.86	23	26	-1	9.99	9.99
Fixation L	1	11	5445493079	5445693451	200372	696.88	-7.02	25	45	-1	9.90	9.90
Fixation R	1	12	5445493079	5445693451	200372	696.88	-7.02	25	45	-1	9.97	9.97
Fixation L	1	12	5445701702	5445918695	216993	806.63	49.51	36	47	-1	9.95	9.95
Fixation R	1	13	5445701702	5445918695	216993	806.63	49.51	36	47	-1	10.11	10.11
Fixation L	1	13	5445927076	5446043818	116742	870.50	53.63	24	14	-1	9.80	9.80
Fixation R	1	14	5445927076	5446043818	116742	870.50	53.63	24	14	-1	10.04	10.04
Fixation L	1	14	5446102196	5446394317	292121	117.61	95.65	48	29	-1	9.70	9.70
Fixation R	1	15	5446102196	5446394317	292121	117.61	95.65	48	29	-1	10.21	10.21
Fixation L	1	15	5446402694	5446736433	333739	212.22	86.89	28	18	-1	9.82	9.82
Fixation R	1	16	5446402694	5446736433	333739	212.22	86.89	28	18	-1	10.24	10.24
Fixation L	1	16	5446744807	5446920058	175251	332.80	70.68	42	16	-1	9.82	9.82
Fixation R	1	17	5446744807	5446920058	175251	332.80	70.68	42	16	-1	10.10	10.10
Fixation L	1	17	5446928434	5447128683	200249	463.98	84.05	80	14	-1	9.70	9.70
Fixation R	1	18	5446928434	5447128683	200249	463.98	84.05	80	14	-1	9.89	9.89
Fixation L	1	18	5447137054	5447687795	550741	596.03	81.66	60	28	-1	9.53	9.53
Fixation R	1	19	5447137054	5447687795	550741	596.03	81.66	60	28	-1	9.93	9.93
Fixation L	1	19	5447696045	5447837918	141873	680.92	65.82	37	9	-1	9.47	9.47
Fixation R	1	20	5447696045	5447837918	141873	680.92	65.82	37	9	-1	9.98	9.98
Fixation L	1	20	5447879671	5448063292	183621	140.38	136.84	56	42	-1	9.57	9.57
Fixation R	1	21	5447879671	5448063292	183621	140.38	136.84	56	42	-1	10.11	10.11
Fixation L	1	21	5448071538	5448171662	100124	102.71	97.40	84	12	-1	9.50	9.50
Fixation R	1	22	5448071538	5448171662	100124	102.71	97.40	84	12	-1	10.01	10.01
Fixation L	1	22	5448180040	5448530537	350497	244.81	121.09	40	38	-1	9.54	9.54
Fixation R	1	23	5448180040	5448530537	350497	244.81	121.09	40	38	-1	9.96	9.96
Fixation L	1	23	5448538905	5449006154	467249	422.46	131.76	66	29	-1	9.53	9.53
Fixation R	1	24	5448538905	5449006154	467249	422.46	131.76	66	29	-1	9.87	9.87
Fixation L	1	24	5449031152	5449289894	258742	295.39	24.07	19	33	-1	9.49	9.49
Fixation R	1	25	5449031152	5449289894	258742	295.39	24.07	19	33	-1	9.97	9.97
Fixation L	1	25	5449298270	5449456770	158500	438.95	10.57	27	31	-1	9.68	9.68
Fixation R	1	26	5449298270	5449456770	158500	438.95	10.57	27	31	-1	9.97	9.97
Fixation L	1	26	5449465144	5449815637	350493	446.93	125.88	59	38	-1	9.71	9.71
Fixation R	1	27	5449465144	5449815637	350493	446.93	125.88	59	38	-1	10.08	10.08
Fixation L	1	27	5449823888	5449974134	150246	657.03	126.48	93	5	-1	9.61	9.61
Fixation R	1	28	5449823888	5449974134	150246	657.03	126.48	93	5	-1	10.10	10.10
Fixation L	1	28	5449982515	5450207759	225244	710.71	129.09	68	12	-1	9.61	9.61
Fixation R	1	29	5449982515	5450207759	225244	710.71	129.09	68	12	-1	10.04	10.04
Fixation L	1	29	5450216127	5450391376	175249	823.25	139.50	70	9	-1	9.72	9.72
Fixation R	1	30	5450216127	5450391376	175249	823.25	139.50	70	9	-1	10.00	10.00
Fixation L	1	30	5450399628	5450516500	116872	919.97	142.53	35	6	-1	9.65	9.65
Fixation R	1	31	5450399628	5450516500	116872	919.97	142.53	35	6	-1	9.96	9.96
Fixation L	1	31	5450566624	5450725121	158497	171.19	213.34	57	35	-1	9.67	9.67
Fixation R	1	32	5450566624	5450725121	158497	171.19	213.34	57	35	-1	10.39	10.39
Fixation L	1	32	5450733502	5451025491	291989	90.52	213.63	69	13	-1	9.76	9.76
Fixation R	1	33	5450733502	5451025491	291989	90.52	213.63	69	13	-1	10.36	10.36
Fixation L	1	33	5451033872	5451325984	292112	191.78	200.97	78	16	-1	9.81	9.81
Fixation R	1	34	5451033872	5451325984	292112	191.78	200.97	78	16	-1	10.14	10.14
Fixation L	1	34	5451334243	5451534615	200372	344.39	190.66	75	24	-1	9.81	9.81
Fixation R	1	35	5451334243	5451534615	200372	344.39	190.66	75	24	-1	10.20	10.20
Fixation L	1	35	5451576232	5451834985	258753	516.08	183.47	36	10	-1	9.75	9.75
Fixation R	1	36	5451576232	5451834985	258753	516.08	183.47	36	10	-1	10.18	10.18
Fixation L	1	36	5451843228	5452126976	283748	638.25	192.01	65	18	-1	9.52	9.52
Fixation R	1	37	5451843228	5452126976	283748	638.25	192.01	65	18	-1	9.94	9.94
Fixation L	1	37	5452135355	5452560971	425616	749.73	190.79	61	15	-1	9.52	9.52
Fixation R	1	38	5452135355	5452560971	425616	749.73	190.79	61	15	-1	9.91	9.91
Fixation L	1	38	5452594342	5452702720	108378	172.92	249.03	69	29	-1	9.62	9.62
Fixation R	1	39	5452594342	5452702720	108378	172.92	249.03	69	29	-1	10.14	10.14
Fixation L	1	39	5452711094	5452928086	216992	131.00	268.37	74	17	-1	9.21	9.21
Fixation R	1	40	5452711094	5452928086	216992	131.00	268.37	74	17	-1	10.12	10.12
Fixation L	1	40	5452936462	5453036585	100123	249.20	262.89	23	6	-1	9.81	9.81
Fixation R	1	41	5452936462	5453036585	100123	249.20	262.89	23	6	-1	10.24	10.24
Fixation L	1	41	5453178458	5453286969	108511	317.89	250.10	51	31	-1	9.81	9.81
Fixation R	1	42	5453178458	5453286969	108511	317.89	250.10	51	31	-1	10.27	10.27
Fixation L	1	42	5453295207	5453578955	283748	409.95	246.40	79	17	-1	9.86	9.86
Fixation R	1	43	5453295207	5453578955	283748	409.95	246.40	79	17	-1	10.36	10.36
Fixation L	1	43	5453587331	5453837702	250371	506.46	252.98	30	18	-1	9.67	9.67
Fixation R	1	44	5453587331	5453837702	250371	506.46	252.98	30	18	-1	10.14	10.14
Fixation L	1	44	5453845948	5454196445	350497	702.50	250.93	60	24	-1	9.64	9.64
Fixation R	1	45	5453845948	5454196445	350497	702.50	250.93	60	24	-1	10.10	10.10
Fixation L	1	45	5454213202	5454496814	283612	889.86	257.41	41	32	-1	9.59	9.59
Fixation R	1	46	5454213202	5454496814	283612	889.86	257.41	41	32	-1	10.06	10.06
Fixation L	1	46	5454546944	5454939185	392241	145.83	334.18	73	25	-1	9.69	9.69
Fixation R	1	47	5454546944	5454939185	392241	145.83	334.18	73	25	-1	10.19	10.19
Fixation L	1	47	5454947432	5455080930	133498	190.34	334.14	9	20	-1	9.79	9.79
Fixation R	1	48	5454947432	5455080930	133498	190.34	334.14	9	20	-1	10.18	10.18
Fixation L	1	48	5455089308	5455481547	392239	301.62	319.94	48	12	-1	9.79	9.79
Fixation R	1	49	5455089308	5455481547	392239	301.62	319.94	48	12	-1	10.23	10.23
Fixation L	1	49	5455489927	5455665051	175124	523.35	322.93	73	16	-1	9.92	9.92
Fixation R	1	50	5455489927	5455665051	175124	523.35	322.93	73	16	-1	10.35	10.35
Fixation L	1	50	5455673420	5455948794	275374	648.92	311.35	76	21	-1	9.80	9.80
Fixation R	1	51	5455673420	5455948794	275374	648.92	311.35	76	21	-1	10.29	10.29
Fixation L	1	51	5455965546	5456182412	216866	490.58	308.17	23	40	-1	9.57	9.57
Fixation R	1	52	5455965546	5456182412	216866	490.58	308.17	23	40	-1	10.20	10.20
Fixation L	1	52	5456207537	5456382787	175250	842.95	297.23	64	12	-1	9.68	9.68
Fixation R	1	53	5456207537	5456382787	175250	842.95	297.23	64	12	-1	10.00	10.00
Fixation L	1	53	5456391039	5456558032	166993	915.98	315.11	57	16	-1	9.56	9.56
Fixation R	1	54	5456391039	5456558032	166993	915.98	315.11	57	16	-1	9.94	9.94
Fixation L	1	54	5456608031	5456758281	150250	136.83	360.69	77	9	-1	9.46	9.46
Fixation R	1	55	5456608031	5456758281	150250	136.83	360.69	77	9	-1	10.09	10.09
Fixation L	1	55	5456766534	5456958526	191992	68.58	379.13	45	22	-1	9.63	9.63
Fixation R	1	56	5456766534	5456958526	191992	68.58	379.13	45	22	-1	9.86	9.86
Fixation L	1	56	5456966908	5457200523	233615	343.77	379.31	90	7	-1	9.65	9.65
Fixation R	1	57	5456966908	5457200523	233615	343.77	379.31	90	7	-1	10.12	10.12
Fixation L	1	57	5457225524	5457442521	216997	554.01	374.57	53	13	-1	9.59	9.59
Fixation R	1	58	5457225524	5457442521	216997	554.01	374.57	53	13	-1	10.07	10.07
Fixation L	1	58	5457450897	5457717895	266998	710.67	371.94	61	18	-1	9.55	9.55
Fixation R	1	59	5457450897	5457717895	266998	710.67	371.94	61	18	-1	9.91	9.91
Fixation L	1	59	5457759641	5457901390	141749	158.57	443.54	44	44	-1	9.44	9.44
Fixation R	1	60	5457759641	5457901390	141749	158.57	443.54	44	44	-1	9.83	9.83
Fixation L	1	60	5457909765	5458085013	175248	83.78	453.22	52	17	-1	9.42	9.42
Fixation R	1	61	5457909765	5458085013	175248	83.78	453.22	52	17	-1	9.77	9.77
Fixation L	1	61	5458093387	5458477260	383873	222.57	446.42	48	17	-1	9.57	9.57
Fixation R	1	62	5458093387	5458477260	383873	222.57	446.42	48	17	-1	9.88	9.88
Fixation L	1	62	5458485502	5458794253	308751	343.18	444.01	75	9	-1	9.47	9.47
Fixation R	1	63	5458485502	5458794253	308751	343.18	444.01	75	9	-1	9.97	9.97
Fixation L	1	63	5458802625	5458911122	108497	491.17	442.28	94	4	-1	9.56	9.56
Fixation R	1	64	5458802625	5458911122	108497	491.17	442.28	94	4	-1	10.11	10.11
Fixation L	1	64	5458919506	5459236616	317110	515.58	443.81	17	15	-1	9.37	9.37
Fixation R	1	65	5458919506	5459236616	317110	515.58	443.81	17	15	-1	10.06	10.06
Fixation L	1	65	5459319997	5459803984	483987	774.27	425.81	60	33	-1	9.39	9.39
Fixation R	1	66	5459319997	5459803984	483987	774.27	425.81	60	33	-1	9.72	9.72
Fixation L	1	66	5459854108	5460070984	216876	108.14	493.98	40	39	-1	9.34	9.34
Fixation R	1	67	5459854108	5460070984	216876	108.14	493.98	40	39	-1	9.85	9.85
Fixation L	1	67	5460079357	5460254604	175247	206.76	496.93	74	9	-1	9.60	9.60
Fixation R	1	68	5460079357	5460254604	175247	206.76	496.93	74	9	-1	9.81	9.81
Fixation L	1	68	5460262978	5460446479	183501	316.61	494.72	47	3	-1	9.57	9.57
Fixation R	1	69	5460262978	5460446479	183501	316.61	494.72	47	3	-1	10.01	10.01
Fixation L	1	69	5460454848	5460663470	208622	499.59	498.73	65	11	-1	9.79	9.79
Fixation R	1	70	5460454848	5460663470	208622	499.59	498.73	65	11	-1	10.41	10.41
Fixation L	1	70	5460838727	5461047340	208613	665.00	480.72	42	45	-1	9.63	9.63
Fixation R	1	71	5460838727	5461047340	208613	665.00	480.72	42	45	-1	9.66	9.66
Fixation L	1	71	5461055713	5461706579	650866	737.70	490.32	55	14	-1	9.60	9.60
Fixation R	1	72	5461055713	5461706579	650866	737.70	490.32	55	14	-1	9.57	9.57
Fixation L	1	72	5461714832	5461881826	166994	833.41	496.89	15	4	-1	9.48	9.48
Fixation R	1	73	5461714832	5461881826	166994	833.41	496.89	15	4	-1	9.55	9.55
Fixation L	1	73	5461890083	5462157202	267119	920.60	505.19	42	8	-1	9.33	9.33
Fixation R	1	74	5461890083	5462157202	267119	920.60	505.19	42	8	-1	10.05	10.05
Fixation L	1	74	5462215576	5463066691	851115	78.52	559.26	59	39	-1	9.60	9.60
Fixation R	1	75	5462215576	5463066691	851115	78.52	559.26	59	39	-1	9.97	9.97
Fixation L	1	75	5463075060	5463250311	175251	156.10	553.64	43	19	-1	9.73	9.73
Fixation R	1	76	5463075060	5463250311	175251	156.10	553.64	43	19	-1	9.93	9.93
Fixation L	1	76	5463258680	5463550684	292004	256.76	546.92	21	13	-1	9.82	9.82
Fixation R	1	77	5463258680	5463550684	292004	256.76	546.92	21	13	-1	10.04	10.04
Fixation L	1	77	5463559052	5463792679	233627	366.40	558.01	46	8	-1	9.72	9.72
Fixation R	1	78	5463559052	5463792679	233627	366.40	558.01	46	8	-1	10.48	10.48
Fixation L	1	78	5463801052	5464034671	233619	510.51	557.66	27	18	-1	9.92	9.92
Fixation R	1	79	5463801052	5464034671	233619	510.51	557.66	27	18	-1	10.73	10.73
Fixation L	1	79	5464043050	5464234919	191869	650.30	561.37	40	12	-1	9.96	9.96
Fixation R	1	80	5464043050	5464234919	191869	650.30	561.37	40	12	-1	10.56	10.56
Fixation L	1	80	5464243297	5464401792	158495	803.52	557.34	20	2	-1	9.87	9.87
Fixation R	1	81	5464243297	5464401792	158495	803.52	557.34	20	2	-1	10.27	10.27
Fixation L	1	81	5464410166	5464668916	258750	888.69	563.80	19	12	-1	9.85	9.85
Fixation R	1	82	5464410166	5464668916	258750	888.69	563.80	19	12	-1	10.35	10.35
Fixation L	1	82	5464727287	5464985905	258618	77.25	650.96	75	24	-1	9.76	9.76
Fixation R	1	83	5464727287	5464985905	258618	77.25	650.96	75	24	-1	10.21	10.21
Fixation L	1	83	5464994286	5465086030	91744	56.98	649.28	49	4	-1	9.95	9.95
Fixation R	1	84	5464994286	5465086030	91744	56.98	649.28	49	4	-1	10.24	10.24
Fixation L	1	84	5465094407	5465353154	258747	229.14	617.05	13	32	-1	10.17	10.17
Fixation R	1	85	5465094407	5465353154	258747	229.14	617.05	13	32	-1	10.21	10.21
Fixation L	1	85	5465361400	5465520027	158627	406.74	614.88	85	9	-1	10.24	10.24
Fixation R	1	86	5465361400	5465520027	158627	406.74	614.88	85	9	-1	10.95	10.95
Fixation L	1	86	5465762025	5466087388	325363	697.46	602.05	62	27	-1	10.19	10.19
Fixation R	1	87	5465762025	5466087388	325363	697.46	602.05	62	27	-1	10.72	10.72
Fixation L	1	87	5466095768	5466387884	292116	856.47	615.60	59	11	-1	9.87	9.87
Fixation R	1	88	5466095768	5466387884	292116	856.47	615.60	59	11	-1	10.64	10.64
Fixation L	1	88	5466429511	5466571384	141873	141.36	657.52	51	30	-1	9.38	9.38
Fixation R	1	89	5466429511	5466604755	175244	138.13	658.40	55	30	-1	10.31	10.31
Fixation L	1	89	5466596386	5466763383	166997	83.95	682.94	53	31	-1	10.00	10.00
Fixation R	1	90	5466613131	5466763383	150252	79.84	685.09	16	24	-1	10.40	10.40
Fixation L	1	90	5466771631	5467038748	267117	288.46	675.71	57	19	-1	10.34	10.34
Fixation R	1	91	5466771631	5467038748	267117	288.46	675.71	57	19	-1	10.36	10.36
Fixation L	1	91	5467047003	5467314120	267117	169.30	686.58	74	11	-1	10.13	10.13
Fixation R	1	92	5467047003	5467314120	267117	169.30	686.58	74	11	-1	10.35	10.35
Fixation L	1	92	5467322374	5467522745	200371	89.03	700.05	15	18	-1	10.11	10.11
Fixation R	1	93	5467322374	5467522745	200371	89.03	700.05	15	18	-1	10.57	10.57
Fixation L	1	93	5467530991	5467756362	225371	184.48	682.05	72	25	-1	10.24	10.24
Fixation R	1	94	5467530991	5467756362	225371	184.48	682.05	72	25	-1	10.28	10.28
Fixation L	1	94	5467764743	5468023362	258619	314.13	671.25	68	11	-1	10.32	10.32
Fixation R	1	95	5467764743	5468023362	258619	314.13	671.25	68	11	-1	10.68	10.68
Fixation L	1	95	5468031740	5468281978	250238	502.30	681.64	82	13	-1	10.51	10.51
Fixation R	1	96	5468031740	5468281978	250238	502.30	681.64	82	13	-1	11.46	11.46
Fixation L	1	96	5468290355	5468440608	150253	452.53	685.30	20	6	-1	10.46	10.46
Fixation R	1	97	5468290355	5468440608	150253	452.53	685.30	20	6	-1	11.46	11.46
Fixation L	1	97	5468457235	5468849481	392246	756.84	686.36	64	13	-1	10.15	10.15
Fixation R	1	98	5468457235	5468849481	392246	756.84	686.36	64	13	-1	10.84	10.84
Fixation L	1	98	5468857848	5469091467	233619	908.08	690.90	48	14	-1	9.98	9.98
Fixation R	1	99	5468857848	5469091467	233619	908.08	690.90	48	14	-1	10.47	10.47
Fixation L	1	99	5469183217	5469275114	91897	113.79	45.49	43	26	-1	10.00	10.00
Fixation R	1	100	5469183217	5469275114	91897	113.79	45.49	43	26	-1	10.59	10.59

