[BeGaze]
Converted from:	C:\Program Files\SMI\Experiment Suite 360\Experiment Center 2\Results\Readability_First_01\P02-eye_data.idf
Date:	02.08.2013 11:27:26
Version:	BeGaze 3.2.28
Sample Rate:	120
Subject:	P02
Description:	Run2

Table Header for Fixations:
Event Type	Trial	Number	Start	End	Duration	Location X	Location Y	Dispersion X	Dispersion Y	Plane	Avg. Pupil Size X	Avg. Pupil Size Y


Fixation L	1	1	5341578739	5341712153	133414	217.29	93.94	72	22	-1	9.69	9.69
Fixation R	1	1	5341578739	5341712153	133414	217.29	93.94	72	22	-1	10.36	10.36
Fixation L	1	2	5341720524	5342054271	333747	108.61	62.34	30	19	-1	9.52	9.52
Fixation R	1	2	5341720524	5342054271	333747	108.61	62.34	30	19	-1	10.04	10.04
Fixation L	1	3	5342062645	5342254641	191996	246.02	54.87	16	23	-1	9.49	9.49
Fixation R	1	3	5342062645	5342254641	191996	246.02	54.87	16	23	-1	9.82	9.82
Fixation L	1	4	5342262893	5342446515	183622	388.26	50.58	33	14	-1	9.56	9.56
Fixation R	1	4	5342262893	5342446515	183622	388.26	50.58	33	14	-1	9.86	9.86
Fixation L	1	5	5342454893	5342938882	483989	481.70	33.35	43	28	-1	9.69	9.69
Fixation R	1	5	5342454893	5342938882	483989	481.70	33.35	43	28	-1	9.96	9.96
Fixation L	1	6	5342947131	5343155756	208625	548.17	36.65	13	16	-1	9.69	9.69
Fixation R	1	6	5342947131	5343155756	208625	548.17	36.65	13	16	-1	9.93	9.93
Fixation L	1	7	5343164130	5343489620	325490	664.44	29.50	67	31	-1	9.71	9.71
Fixation R	1	7	5343164130	5343489620	325490	664.44	29.50	67	31	-1	10.01	10.01
Fixation L	1	8	5343497869	5343606372	108503	715.95	33.66	13	7	-1	9.82	9.82
Fixation R	1	8	5343497869	5343606372	108503	715.95	33.66	13	7	-1	10.13	10.13
Fixation L	1	9	5343656499	5343973614	317115	129.31	117.16	53	26	-1	9.78	9.78
Fixation R	1	9	5343656499	5343973614	317115	129.31	117.16	53	26	-1	10.33	10.33
Fixation L	1	10	5343981868	5344190487	208619	301.06	109.24	37	21	-1	9.98	9.98
Fixation R	1	10	5343981868	5344190487	208619	301.06	109.24	37	21	-1	10.30	10.30
Fixation L	1	11	5344198863	5344399108	200245	397.00	92.70	67	32	-1	10.03	10.03
Fixation R	1	11	5344198863	5344399108	200245	397.00	92.70	67	32	-1	10.24	10.24
Fixation L	1	12	5344407485	5344724606	317121	517.98	90.75	77	18	-1	9.94	9.94
Fixation R	1	12	5344407485	5344724606	317121	517.98	90.75	77	18	-1	10.15	10.15
Fixation L	1	13	5344732857	5344941478	208621	692.67	86.33	44	18	-1	9.89	9.89
Fixation R	1	13	5344732857	5344941478	208621	692.67	86.33	44	18	-1	10.06	10.06
Fixation L	1	14	5344949849	5345166845	216996	792.79	83.71	77	15	-1	9.85	9.85
Fixation R	1	14	5344949849	5345166845	216996	792.79	83.71	77	15	-1	9.97	9.97
Fixation L	1	15	5345175221	5345517345	342124	701.16	102.01	62	18	-1	9.82	9.82
Fixation R	1	15	5345175221	5345517345	342124	701.16	102.01	62	18	-1	9.97	9.97
Fixation L	1	16	5345525589	5345892835	367246	471.93	101.27	58	13	-1	9.94	9.94
Fixation R	1	16	5345525589	5345892835	367246	471.93	101.27	58	13	-1	10.16	10.16
Fixation L	1	17	5345901083	5346101455	200372	343.57	104.66	53	3	-1	9.77	9.77
Fixation R	1	17	5345901083	5346101455	200372	343.57	104.66	53	3	-1	10.15	10.15
Fixation L	1	18	5346118087	5346376826	258739	109.08	166.74	32	39	-1	9.73	9.73
Fixation R	1	18	5346118087	5346376826	258739	109.08	166.74	32	39	-1	10.22	10.22
Fixation L	1	19	5346393453	5346635454	242001	287.80	149.05	23	9	-1	9.81	9.81
Fixation R	1	19	5346393453	5346635454	242001	287.80	149.05	23	9	-1	10.21	10.21
Fixation L	1	20	5346643823	5346827321	183498	413.53	139.56	84	13	-1	9.83	9.83
Fixation R	1	20	5346643823	5346827321	183498	413.53	139.56	84	13	-1	10.11	10.11
Fixation L	1	21	5346835703	5347236321	400618	520.13	139.57	74	21	-1	9.78	9.78
Fixation R	1	21	5346835703	5347236321	400618	520.13	139.57	74	21	-1	10.06	10.06
Fixation L	1	22	5347244567	5347453187	208620	686.02	136.52	22	17	-1	9.87	9.87
Fixation R	1	22	5347244567	5347453187	208620	686.02	136.52	22	17	-1	10.30	10.30
Fixation L	1	23	5347553311	5347678559	125248	873.41	151.71	66	20	-1	10.22	10.22
Fixation R	1	23	5347553311	5347678559	125248	873.41	151.71	66	20	-1	10.28	10.28
Fixation L	1	24	5347686812	5347895433	208621	925.52	158.01	11	18	-1	10.27	10.27
Fixation R	1	24	5347686812	5347895433	208621	925.52	158.01	11	18	-1	10.66	10.66
Fixation L	1	25	5347903805	5348003928	100123	850.68	155.05	17	9	-1	10.46	10.46
Fixation R	1	25	5347903805	5348003928	100123	850.68	155.05	17	9	-1	10.80	10.80
Fixation L	1	26	5348054053	5348371174	317121	129.17	209.62	38	29	-1	10.24	10.24
Fixation R	1	26	5348054053	5348371174	317121	129.17	209.62	38	29	-1	10.94	10.94
Fixation L	1	27	5348446173	5348704916	258743	278.78	207.44	67	13	-1	10.58	10.58
Fixation R	1	27	5348446173	5348704916	258743	278.78	207.44	67	13	-1	11.08	11.08
Fixation L	1	28	5348713297	5348863421	150124	399.99	221.77	40	34	-1	10.74	10.74
Fixation R	1	28	5348713297	5348863421	150124	399.99	221.77	40	34	-1	11.08	11.08
Fixation L	1	29	5348971915	5349238911	266996	525.95	212.96	48	26	-1	10.50	10.50
Fixation R	1	29	5348971915	5349238911	266996	525.95	212.96	48	26	-1	11.03	11.03
Fixation L	1	30	5349247286	5349497657	250371	660.01	214.25	48	10	-1	10.54	10.54
Fixation R	1	30	5349247286	5349497657	250371	660.01	214.25	48	10	-1	11.02	11.02
Fixation L	1	31	5349506031	5349798027	291996	787.46	212.66	59	5	-1	10.37	10.37
Fixation R	1	31	5349506031	5349798027	291996	787.46	212.66	59	5	-1	10.75	10.75
Fixation L	1	32	5349839778	5349998275	158497	157.29	276.38	64	34	-1	10.22	10.22
Fixation R	1	32	5349839778	5349998275	158497	157.29	276.38	64	34	-1	10.78	10.78
Fixation L	1	33	5350006650	5350106769	100119	119.91	284.94	35	7	-1	10.17	10.17
Fixation R	1	33	5350006650	5350106769	100119	119.91	284.94	35	7	-1	10.61	10.61
Fixation L	1	34	5350198521	5350649138	450617	325.52	278.14	45	46	-1	10.53	10.53
Fixation R	1	34	5350198521	5350440523	242002	328.56	276.92	45	46	-1	10.41	10.41
Fixation R	1	35	5350457263	5350649138	191875	321.88	279.95	16	16	-1	10.90	10.90
Fixation L	1	35	5350657513	5350924508	266995	416.48	282.89	44	8	-1	10.13	10.13
Fixation R	1	36	5350657513	5350924508	266995	416.48	282.89	44	8	-1	10.68	10.68
Fixation L	1	36	5350932883	5351166506	233623	530.73	275.74	84	12	-1	10.15	10.15
Fixation R	1	37	5350932883	5351166506	233623	530.73	275.74	84	12	-1	10.52	10.52
Fixation L	1	37	5351174879	5351950868	775989	497.26	284.32	72	23	-1	9.82	9.82
Fixation R	1	38	5351174879	5351950868	775989	497.26	284.32	72	23	-1	10.27	10.27
Fixation L	1	38	5351959242	5352167864	208622	534.63	281.14	53	4	-1	9.83	9.83
Fixation R	1	39	5351959242	5352167864	208622	534.63	281.14	53	4	-1	10.30	10.30
Fixation L	1	39	5352176240	5352610110	433870	604.30	282.60	65	24	-1	9.86	9.86
Fixation R	1	40	5352176240	5352610110	433870	604.30	282.60	65	24	-1	10.37	10.37
Fixation L	1	40	5352618482	5352802104	183622	722.83	274.07	36	34	-1	9.76	9.76
Fixation R	1	41	5352618482	5352802104	183622	722.83	274.07	36	34	-1	10.30	10.30
Fixation L	1	41	5352810352	5353018977	208625	818.74	270.71	75	22	-1	9.74	9.74
Fixation R	1	42	5352810352	5353018977	208625	818.74	270.71	75	22	-1	10.23	10.23
Fixation L	1	42	5353069102	5353344478	275376	130.47	340.79	61	38	-1	9.65	9.65
Fixation R	1	43	5353069102	5353344478	275376	130.47	340.79	61	38	-1	10.25	10.25
Fixation L	1	43	5353352847	5353477972	125125	185.03	340.41	80	3	-1	9.75	9.75
Fixation R	1	44	5353352847	5353477972	125125	185.03	340.41	80	3	-1	10.34	10.34
Fixation L	1	44	5353486346	5353703215	216869	310.53	325.60	32	11	-1	9.85	9.85
Fixation R	1	45	5353486346	5353703215	216869	310.53	325.60	32	11	-1	10.34	10.34
Fixation L	1	45	5353711590	5354120463	408873	162.81	339.44	62	30	-1	9.74	9.74
Fixation R	1	46	5353711590	5354120463	408873	162.81	339.44	62	30	-1	10.23	10.23
Fixation L	1	46	5354128834	5354253958	125124	269.12	335.92	19	23	-1	9.77	9.77
Fixation R	1	47	5354128834	5354253958	125124	269.12	335.92	19	23	-1	10.24	10.24
Fixation L	1	47	5354404205	5354596083	191878	285.68	318.10	77	16	-1	9.49	9.49
Fixation R	1	48	5354404205	5354596083	191878	285.68	318.10	77	16	-1	10.01	10.01
Fixation L	1	48	5354604451	5354863198	258747	371.79	324.14	67	12	-1	9.65	9.65
Fixation R	1	49	5354604451	5354863198	258747	371.79	324.14	67	12	-1	10.26	10.26
Fixation L	1	49	5354871451	5355221945	350494	485.51	331.62	72	22	-1	9.75	9.75
Fixation R	1	50	5354871451	5355221945	350494	485.51	331.62	72	22	-1	10.22	10.22
Fixation L	1	50	5355230316	5355539063	308747	409.66	334.20	82	15	-1	9.57	9.57
Fixation R	1	51	5355230316	5355539063	308747	409.66	334.20	82	15	-1	10.11	10.11
Fixation L	1	51	5355547444	5355872815	325371	488.07	329.77	73	19	-1	9.58	9.58
Fixation R	1	52	5355547444	5355872815	325371	488.07	329.77	73	19	-1	10.06	10.06
Fixation L	1	52	5355881186	5356064805	183619	589.39	331.49	15	20	-1	9.53	9.53
Fixation R	1	53	5355881186	5356064805	183619	589.39	331.49	15	20	-1	10.17	10.17
Fixation L	1	53	5356073181	5356306804	233623	757.77	334.81	77	3	-1	9.59	9.59
Fixation R	1	54	5356073181	5356306804	233623	757.77	334.81	77	3	-1	9.94	9.94
Fixation L	1	54	5356315049	5356540422	225373	919.43	346.39	36	19	-1	9.69	9.69
Fixation R	1	55	5356315049	5356540422	225373	919.43	346.39	36	19	-1	9.95	9.95
Fixation L	1	55	5356557050	5356749054	192004	721.99	391.56	32	40	-1	9.89	9.89
Fixation L	1	56	5356782419	5356991039	208620	175.76	387.51	83	10	-1	9.77	9.77
Fixation R	1	56	5356782419	5356991039	208620	175.76	387.51	83	10	-1	10.43	10.43
Fixation L	1	57	5357241412	5357491660	250248	242.83	358.90	55	20	-1	9.91	9.91
Fixation R	1	57	5357241412	5357491660	250248	242.83	358.90	55	20	-1	10.27	10.27
Fixation L	1	58	5357500040	5357683654	183614	311.08	376.37	30	13	-1	9.91	9.91
Fixation R	1	58	5357500040	5357683654	183614	311.08	376.37	30	13	-1	10.30	10.30
Fixation L	1	59	5357691904	5358042399	350495	476.37	379.60	88	10	-1	9.70	9.70
Fixation R	1	59	5357691904	5358042399	350495	476.37	379.60	88	10	-1	10.34	10.34
Fixation L	1	60	5358050781	5358217647	166866	447.04	391.77	13	7	-1	9.64	9.64
Fixation R	1	60	5358050781	5358217647	166866	447.04	391.77	13	7	-1	10.29	10.29
Fixation L	1	61	5358226025	5358443019	216994	558.19	385.85	35	4	-1	9.70	9.70
Fixation R	1	61	5358226025	5358443019	216994	558.19	385.85	35	4	-1	10.25	10.25
Fixation L	1	62	5358451275	5358710020	258745	709.93	386.14	83	10	-1	9.68	9.68
Fixation R	1	62	5358451275	5358710020	258745	709.93	386.14	83	10	-1	10.14	10.14
Fixation L	1	63	5358726642	5359436007	709365	895.24	393.83	67	17	-1	9.74	9.74
Fixation R	1	63	5358726642	5359436007	709365	895.24	393.83	67	17	-1	10.05	10.05
Fixation L	1	64	5359486007	5359736378	250371	124.10	453.64	67	32	-1	9.77	9.77
Fixation R	1	64	5359486007	5359736378	250371	124.10	453.64	67	32	-1	10.34	10.34
Fixation L	1	65	5359744750	5359861502	116752	100.33	480.68	14	9	-1	9.81	9.81
Fixation R	1	65	5359744750	5359861502	116752	100.33	480.68	14	9	-1	10.24	10.24
Fixation L	1	66	5359869877	5360103500	233623	215.06	455.47	73	25	-1	10.02	10.02
Fixation R	1	66	5359869877	5360103500	233623	215.06	455.47	73	25	-1	10.21	10.21
Fixation L	1	67	5360111873	5360529116	417243	105.44	460.90	77	9	-1	9.76	9.76
Fixation R	1	67	5360111873	5360529116	417243	105.44	460.90	77	9	-1	10.06	10.06
Fixation L	1	68	5360537491	5361371853	834362	253.98	455.14	78	13	-1	10.01	10.01
Fixation R	1	68	5360537491	5361371853	834362	253.98	455.14	78	13	-1	10.40	10.40
Fixation L	1	69	5361380226	5361697345	317119	295.13	456.04	70	16	-1	10.01	10.01
Fixation R	1	69	5361380226	5361697345	317119	295.13	456.04	70	16	-1	10.49	10.49
Fixation L	1	70	5361705726	5362039467	333741	390.11	457.56	58	15	-1	10.10	10.10
Fixation R	1	70	5361705726	5362039467	333741	390.11	457.56	58	15	-1	10.63	10.63
Fixation L	1	71	5362047839	5362231339	183500	504.53	448.75	34	10	-1	10.14	10.14
Fixation R	1	71	5362047839	5362231339	183500	504.53	448.75	34	10	-1	10.64	10.64
Fixation L	1	72	5362239712	5362414959	175247	615.54	457.98	79	9	-1	10.11	10.11
Fixation R	1	72	5362239712	5362414959	175247	615.54	457.98	79	9	-1	10.64	10.64
Fixation L	1	73	5362423338	5362690333	266995	717.68	453.05	74	8	-1	9.85	9.85
Fixation R	1	73	5362423338	5362690333	266995	717.68	453.05	74	8	-1	10.37	10.37
Fixation L	1	74	5362698705	5363049198	350493	861.68	452.34	49	10	-1	9.86	9.86
Fixation R	1	74	5362698705	5363049198	350493	861.68	452.34	49	10	-1	10.31	10.31
Fixation L	1	75	5363099198	5363483078	383880	125.08	531.07	49	18	-1	9.84	9.84
Fixation R	1	75	5363099198	5363483078	383880	125.08	531.07	49	18	-1	10.17	10.17
Fixation L	1	76	5363491444	5363783441	291997	244.36	510.66	21	16	-1	9.96	9.96
Fixation R	1	76	5363491444	5363783441	291997	244.36	510.66	21	16	-1	10.17	10.17
Fixation L	1	77	5364042184	5364158936	116752	286.73	475.17	86	13	-1	9.61	9.61
Fixation R	1	77	5364042184	5364158936	116752	286.73	475.17	86	13	-1	10.39	10.39
Fixation L	1	78	5364200683	5364350929	150246	389.84	491.96	94	4	-1	9.98	9.98
Fixation R	1	78	5364200683	5364350929	150246	389.84	491.96	94	4	-1	10.78	10.78
Fixation L	1	79	5364359184	5364484437	125253	416.94	499.29	48	7	-1	9.87	9.87
Fixation R	1	79	5364359184	5364484437	125253	416.94	499.29	48	7	-1	10.65	10.65
Fixation L	1	80	5364492803	5364809800	316997	528.92	508.74	11	20	-1	9.86	9.86
Fixation R	1	80	5364492803	5364809800	316997	528.92	508.74	11	20	-1	10.69	10.69
Fixation L	1	81	5364818181	5365093543	275362	653.10	512.35	54	11	-1	9.88	9.88
Fixation R	1	81	5364818181	5365093543	275362	653.10	512.35	54	11	-1	10.40	10.40
Fixation L	1	82	5365101918	5365352290	250372	776.67	509.73	38	14	-1	9.73	9.73
Fixation R	1	82	5365101918	5365352290	250372	776.67	509.73	38	14	-1	10.15	10.15
Fixation L	1	83	5365360542	5365535792	175250	851.98	513.83	36	11	-1	9.69	9.69
Fixation R	1	83	5365360542	5365535792	175250	851.98	513.83	36	11	-1	10.17	10.17
Fixation L	1	84	5365544162	5365736038	191876	948.55	511.43	41	13	-1	9.74	9.74
Fixation R	1	84	5365544162	5365736038	191876	948.55	511.43	41	13	-1	10.16	10.16
Fixation L	1	85	5365786166	5365994779	208613	132.27	558.50	52	47	-1	9.87	9.87
Fixation R	1	85	5365786166	5365994779	208613	132.27	558.50	52	47	-1	10.36	10.36
Fixation L	1	86	5366003157	5366103282	100125	124.63	578.97	6	12	-1	9.97	9.97
Fixation R	1	86	5366003157	5366103282	100125	124.63	578.97	6	12	-1	10.33	10.33
Fixation L	1	87	5366111656	5366378648	266992	293.14	568.57	80	13	-1	10.18	10.18
Fixation R	1	87	5366111656	5366378648	266992	293.14	568.57	80	13	-1	10.43	10.43
Fixation L	1	88	5366386905	5366645644	258739	484.10	573.95	72	15	-1	10.16	10.16
Fixation R	1	88	5366386905	5366645644	258739	484.10	573.95	72	15	-1	11.00	11.00
Fixation L	1	89	5366662400	5366854266	191866	631.29	579.20	67	5	-1	10.21	10.21
Fixation R	1	89	5366662400	5366854266	191866	631.29	579.20	67	5	-1	10.81	10.81
Fixation L	1	90	5366862644	5367154637	291993	800.07	568.36	24	14	-1	9.94	9.94
Fixation R	1	90	5366862644	5367154637	291993	800.07	568.36	24	14	-1	10.54	10.54
Fixation L	1	91	5367163016	5367321509	158493	892.83	561.34	74	6	-1	10.00	10.00
Fixation R	1	91	5367163016	5367321509	158493	892.83	561.34	74	6	-1	10.49	10.49
Fixation L	1	92	5367371635	5367563514	191879	132.87	627.45	67	30	-1	10.03	10.03
Fixation R	1	92	5367371635	5367563514	191879	132.87	627.45	67	30	-1	10.35	10.35
Fixation L	1	93	5367571882	5367755501	183619	88.80	642.43	45	5	-1	10.05	10.05
Fixation R	1	93	5367571882	5367755501	183619	88.80	642.43	45	5	-1	10.52	10.52
Fixation L	1	94	5367763753	5368197746	433993	255.99	627.91	31	28	-1	10.20	10.20
Fixation R	1	94	5367763753	5368197746	433993	255.99	627.91	31	28	-1	10.42	10.42
Fixation L	1	95	5368206121	5368648369	442248	322.91	624.12	42	20	-1	10.13	10.13
Fixation R	1	95	5368206121	5368648369	442248	322.91	624.12	42	20	-1	10.43	10.43
Fixation L	1	96	5368656616	5368848611	191995	446.38	636.78	39	14	-1	10.27	10.27
Fixation R	1	96	5368656616	5368848611	191995	446.38	636.78	39	14	-1	11.08	11.08
Fixation L	1	97	5368856989	5369123982	266993	591.00	636.75	17	13	-1	10.49	10.49
Fixation R	1	97	5368856989	5369123982	266993	591.00	636.75	17	13	-1	10.88	10.88
Fixation L	1	98	5369132357	5369415980	283623	759.92	627.58	49	19	-1	10.20	10.20
Fixation R	1	98	5369132357	5369415980	283623	759.92	627.58	49	19	-1	10.38	10.38
Fixation L	1	99	5369424354	5369733097	308743	853.00	632.81	53	45	-1	10.10	10.10
Fixation R	1	99	5369424354	5369733097	308743	853.00	632.81	53	45	-1	10.74	10.74
Fixation L	1	100	5369741479	5369933350	191871	819.63	662.64	40	50	-1	10.27	10.27
Fixation R	1	100	5369741479	5369933350	191871	819.63	662.64	40	50	-1	10.96	10.96
Fixation L	1	101	5369941725	5370292224	350499	869.90	618.03	34	18	-1	10.36	10.36
Fixation R	1	101	5369941725	5370292224	350499	869.90	618.03	34	18	-1	10.94	10.94
Fixation L	1	102	5370350591	5370609335	258744	113.85	702.30	45	24	-1	10.13	10.13
Fixation R	1	102	5370350591	5370609335	258744	113.85	702.30	45	24	-1	10.78	10.78
Fixation L	1	103	5370617588	5370892962	275374	276.94	692.66	28	18	-1	10.58	10.58
Fixation R	1	103	5370617588	5370892962	275374	276.94	692.66	28	18	-1	10.69	10.69
Fixation L	1	104	5370901332	5371477077	575745	347.50	686.92	31	16	-1	10.50	10.50
Fixation R	1	104	5370901332	5371477077	575745	347.50	686.92	31	16	-1	10.96	10.96
Fixation L	1	105	5371493832	5371702445	208613	551.94	688.67	30	14	-1	10.54	10.54
Fixation R	1	105	5371493832	5371702445	208613	551.94	688.67	30	14	-1	11.34	11.34
Fixation L	1	106	5371710817	5372094571	383754	660.68	692.85	21	7	-1	10.56	10.56
Fixation R	1	106	5371710817	5372094571	383754	660.68	692.85	21	7	-1	11.11	11.11
Fixation L	1	107	5372102938	5372461805	358867	820.79	692.97	68	7	-1	10.08	10.08
Fixation R	1	107	5372102938	5372461805	358867	820.79	692.97	68	7	-1	10.80	10.80
Fixation L	1	108	5372470181	5372586929	116748	900.64	675.70	20	18	-1	10.27	10.27
Fixation R	1	108	5372470181	5372586929	116748	900.64	675.70	20	18	-1	10.74	10.74

