[BeGaze]
Converted from:	C:\Program Files\SMI\Experiment Suite 360\Experiment Center 2\Results\Readability_First_01\P02-eye_data.idf
Date:	02.08.2013 11:27:27
Version:	BeGaze 3.2.28
Sample Rate:	120
Subject:	P02
Description:	Run2

Table Header for Fixations:
Event Type	Trial	Number	Start	End	Duration	Location X	Location Y	Dispersion X	Dispersion Y	Plane	Avg. Pupil Size X	Avg. Pupil Size Y


Fixation L	1	1	6276740999	6276891231	150232	232.54	110.68	27	10	-1	12.04	12.04
Fixation R	1	1	6276740999	6276891231	150232	232.54	110.68	27	10	-1	12.77	12.77
Fixation L	1	2	6276899481	6277199978	300497	138.30	84.46	45	15	-1	11.21	11.21
Fixation R	1	2	6276899481	6277199978	300497	138.30	84.46	45	15	-1	11.94	11.94
Fixation R	1	3	6277208225	6277408475	200250	276.86	72.39	21	22	-1	10.66	10.66
Fixation L	1	3	6277258347	6277416851	158504	282.85	69.50	83	12	-1	10.13	10.13
Fixation R	1	4	6277416851	6277583723	166872	387.82	61.27	37	8	-1	10.74	10.74
Fixation L	1	4	6277425224	6277592097	166873	392.71	60.93	75	9	-1	10.33	10.33
Fixation R	1	5	6277592097	6277758968	166871	484.47	51.87	28	7	-1	10.93	10.93
Fixation L	1	5	6277600474	6277758968	158494	485.63	51.68	7	6	-1	10.51	10.51
Fixation L	1	6	6277767346	6278134461	367115	619.06	46.02	53	18	-1	10.73	10.73
Fixation R	1	6	6277767346	6278134461	367115	619.06	46.02	53	18	-1	11.05	11.05
Fixation R	1	7	6278142838	6278526705	383867	771.81	39.50	71	22	-1	11.00	11.00
Fixation L	1	7	6278226336	6278476586	250250	771.36	39.29	8	16	-1	10.42	10.42
Fixation R	1	8	6278535078	6278718582	183504	806.09	59.66	15	16	-1	11.15	11.15
Fixation L	1	8	6278551704	6278718582	166878	806.15	60.45	15	13	-1	10.95	10.95
Fixation L	1	9	6278726954	6278918954	192000	905.63	59.15	17	18	-1	9.56	9.56
Fixation R	1	9	6278726954	6278993955	267001	902.87	65.98	51	35	-1	11.11	11.11
Fixation L	1	10	6279044074	6279327695	283621	144.46	135.85	49	41	-1	10.84	10.84
Fixation R	1	10	6279044074	6279327695	283621	144.46	135.85	49	41	-1	11.66	11.66
Fixation L	1	11	6279336069	6279503066	166997	245.52	121.24	32	20	-1	10.98	10.98
Fixation R	1	11	6279336069	6279503066	166997	245.52	121.24	32	20	-1	11.54	11.54
Fixation L	1	12	6279511316	6279603192	91876	398.77	117.22	94	4	-1	10.97	10.97
Fixation R	1	12	6279511316	6279603192	91876	398.77	117.22	94	4	-1	11.35	11.35
Fixation L	1	13	6279611439	6279870190	258751	386.13	118.43	40	18	-1	10.81	10.81
Fixation R	1	13	6279611439	6279870190	258751	386.13	118.43	40	18	-1	11.27	11.27
Fixation L	1	14	6279878558	6280187303	308745	292.33	32.86	75	22	-1	10.50	10.50
Fixation R	1	14	6279878558	6280187303	308745	292.33	32.86	75	22	-1	10.99	10.99
Fixation L	1	15	6280195561	6280529424	333863	166.73	56.16	57	37	-1	10.78	10.78
Fixation R	1	15	6280195561	6280529424	333863	166.73	56.16	57	37	-1	11.32	11.32
Fixation L	1	16	6280537674	6280729671	191997	315.79	67.78	18	18	-1	10.97	10.97
Fixation R	1	16	6280537674	6280729671	191997	315.79	67.78	18	18	-1	11.40	11.40
Fixation L	1	17	6280738045	6280921545	183500	470.58	53.24	67	6	-1	11.03	11.03
Fixation R	1	17	6280738045	6280921545	183500	470.58	53.24	67	6	-1	11.36	11.36
Fixation L	1	18	6280929920	6281363787	433867	575.54	55.79	53	25	-1	10.94	10.94
Fixation R	1	18	6280929920	6281363787	433867	575.54	55.79	53	25	-1	11.36	11.36
Fixation L	1	19	6281372164	6281597541	225377	464.97	106.96	42	41	-1	11.03	11.03
Fixation R	1	19	6281372164	6281597541	225377	464.97	106.96	42	41	-1	11.40	11.40
Fixation L	1	20	6281605783	6281864529	258746	553.89	114.59	40	8	-1	11.10	11.10
Fixation R	1	20	6281605783	6281864529	258746	553.89	114.59	40	8	-1	11.38	11.38
Fixation L	1	21	6281872907	6282031402	158495	682.38	102.85	31	12	-1	10.99	10.99
Fixation R	1	21	6281872907	6282031402	158495	682.38	102.85	31	12	-1	11.13	11.13
Fixation L	1	22	6282039782	6282198283	158501	760.23	105.32	17	7	-1	10.99	10.99
Fixation R	1	22	6282039782	6282198283	158501	760.23	105.32	17	7	-1	11.15	11.15
Fixation L	1	23	6282248401	6282632266	383865	159.01	180.37	30	21	-1	10.73	10.73
Fixation R	1	23	6282248401	6282632266	383865	159.01	180.37	30	21	-1	11.43	11.43
Fixation L	1	24	6282640516	6282824143	183627	312.12	171.81	23	13	-1	10.68	10.68
Fixation R	1	24	6282640516	6282824143	183627	312.12	171.81	23	13	-1	11.06	11.06
Fixation L	1	25	6282832515	6283124514	291999	451.57	163.25	85	14	-1	10.66	10.66
Fixation R	1	25	6282832515	6283124514	291999	451.57	163.25	85	14	-1	10.92	10.92
Fixation L	1	26	6283132885	6283216383	83498	513.82	173.23	3	5	-1	10.59	10.59
Fixation R	1	26	6283132885	6283216383	83498	513.82	173.23	3	5	-1	10.94	10.94
Fixation L	1	27	6283224640	6283450015	225375	637.39	163.17	36	9	-1	10.43	10.43
Fixation R	1	27	6283224640	6283450015	225375	637.39	163.17	36	9	-1	10.76	10.76
Fixation L	1	28	6283458254	6283666877	208623	790.06	152.87	40	10	-1	10.39	10.39
Fixation R	1	28	6283458254	6283666877	208623	790.06	152.87	40	10	-1	10.58	10.58
Fixation L	1	29	6283675256	6283908878	233622	883.03	161.11	39	22	-1	10.32	10.32
Fixation R	1	29	6283675256	6283908878	233622	883.03	161.11	39	22	-1	10.51	10.51
Fixation L	1	30	6283975625	6284125874	150249	192.55	224.33	70	23	-1	10.14	10.14
Fixation R	1	30	6283975625	6284125874	150249	192.55	224.33	70	23	-1	10.84	10.84
Fixation L	1	31	6284134244	6284342867	208623	118.48	241.68	29	25	-1	10.16	10.16
Fixation R	1	31	6284134244	6284342867	208623	118.48	241.68	29	25	-1	10.79	10.79
Fixation L	1	32	6284351246	6284584862	233616	228.79	236.49	50	24	-1	10.19	10.19
Fixation R	1	32	6284351246	6284584862	233616	228.79	236.49	50	24	-1	10.59	10.59
Fixation L	1	33	6284593110	6284826864	233754	362.90	222.34	56	7	-1	10.24	10.24
Fixation R	1	33	6284593110	6284826864	233754	362.90	222.34	56	7	-1	10.55	10.55
Fixation L	1	34	6284835108	6285152232	317124	299.16	221.31	83	14	-1	10.12	10.12
Fixation R	1	34	6284835108	6285152232	317124	299.16	221.31	83	14	-1	10.47	10.47
Fixation L	1	35	6285168979	6285410977	241998	515.90	213.53	61	14	-1	10.06	10.06
Fixation R	1	35	6285168979	6285410977	241998	515.90	213.53	61	14	-1	10.49	10.49
Fixation L	1	36	6285511101	6285602853	91752	687.65	211.15	84	14	-1	10.11	10.11
Fixation R	1	36	6285511101	6285602853	91752	687.65	211.15	84	14	-1	10.68	10.68
Fixation L	1	37	6285611227	6285911597	300370	680.29	218.65	50	9	-1	10.11	10.11
Fixation R	1	37	6285611227	6285911597	300370	680.29	218.65	50	9	-1	10.61	10.61
Fixation L	1	38	6285919966	6286253718	333752	832.40	228.80	75	18	-1	10.06	10.06
Fixation R	1	38	6285919966	6286253718	333752	832.40	228.80	75	18	-1	10.28	10.28
Fixation L	1	39	6286303843	6286437337	133494	157.72	295.08	54	45	-1	10.02	10.02
Fixation R	1	39	6286303843	6286437337	133494	157.72	295.08	54	45	-1	10.71	10.71
Fixation L	1	40	6286445714	6286562460	116746	144.09	294.23	7	13	-1	10.04	10.04
Fixation R	1	40	6286445714	6286562460	116746	144.09	294.23	7	13	-1	10.65	10.65
Fixation L	1	41	6286570836	6286796084	225248	289.36	285.71	84	14	-1	10.31	10.31
Fixation R	1	41	6286570836	6286796084	225248	289.36	285.71	84	14	-1	10.72	10.72
Fixation L	1	42	6286804459	6286921329	116870	347.99	264.65	22	12	-1	10.19	10.19
Fixation R	1	42	6286804459	6286921329	116870	347.99	264.65	22	12	-1	10.46	10.46
Fixation L	1	43	6286929705	6287096574	166869	560.27	266.35	60	13	-1	10.06	10.06
Fixation R	1	43	6286929705	6287096574	166869	560.27	266.35	60	13	-1	10.44	10.44
Fixation L	1	44	6287104830	6287413573	308743	656.77	272.02	20	9	-1	9.90	9.90
Fixation R	1	44	6287104830	6287413573	308743	656.77	272.02	20	9	-1	10.29	10.29
Fixation L	1	45	6287421949	6287622195	200246	781.94	275.42	59	10	-1	9.92	9.92
Fixation R	1	45	6287421949	6287622195	200246	781.94	275.42	59	10	-1	10.23	10.23
Fixation L	1	46	6287630570	6287830817	200247	861.85	266.26	10	8	-1	9.90	9.90
Fixation R	1	46	6287630570	6287830817	200247	861.85	266.26	10	8	-1	10.29	10.29
Fixation L	1	47	6287889314	6288089561	200247	141.66	340.86	65	33	-1	9.88	9.88
Fixation R	1	47	6287889314	6288089561	200247	141.66	340.86	65	33	-1	10.40	10.40
Fixation L	1	48	6288097937	6288314807	216870	97.98	364.33	16	12	-1	10.07	10.07
Fixation R	1	48	6288097937	6288314807	216870	97.98	364.33	16	12	-1	10.30	10.30
Fixation L	1	49	6288323185	6288673678	350493	218.95	342.22	18	22	-1	10.02	10.02
Fixation R	1	49	6288323185	6288673678	350493	218.95	342.22	18	22	-1	10.36	10.36
Fixation L	1	50	6288682056	6288873925	191869	336.25	336.18	38	11	-1	10.14	10.14
Fixation R	1	50	6288682056	6288873925	191869	336.25	336.18	38	11	-1	10.34	10.34
Fixation L	1	51	6288882300	6289040794	158494	444.14	335.20	26	5	-1	10.05	10.05
Fixation R	1	51	6288882300	6289040794	158494	444.14	335.20	26	5	-1	10.43	10.43
Fixation L	1	52	6289049167	6289700034	650867	593.42	328.74	32	16	-1	9.90	9.90
Fixation R	1	52	6289049167	6289700034	650867	593.42	328.74	32	16	-1	10.31	10.31
Fixation L	1	53	6289708416	6289891908	183492	708.95	329.37	25	6	-1	9.93	9.93
Fixation R	1	53	6289708416	6289891908	183492	708.95	329.37	25	6	-1	10.36	10.36
Fixation L	1	54	6289900281	6290133909	233628	823.73	332.63	54	4	-1	10.09	10.09
Fixation R	1	54	6289900281	6290133909	233628	823.73	332.63	54	4	-1	10.53	10.53
Fixation L	1	55	6290184037	6290401024	216987	157.64	412.63	28	21	-1	9.93	9.93
Fixation R	1	55	6290184037	6290401024	216987	157.64	412.63	28	21	-1	10.59	10.59
Fixation L	1	56	6290409282	6290609525	200243	235.82	401.73	37	6	-1	10.18	10.18
Fixation R	1	56	6290409282	6290609525	200243	235.82	401.73	37	6	-1	10.53	10.53
Fixation L	1	57	6290617899	6290985145	367246	390.87	401.85	36	8	-1	10.07	10.07
Fixation R	1	57	6290617899	6290985145	367246	390.87	401.85	36	8	-1	10.50	10.50
Fixation L	1	58	6290993388	6291252137	258749	509.57	399.48	18	8	-1	9.90	9.90
Fixation R	1	58	6290993388	6291252137	258749	509.57	399.48	18	8	-1	10.41	10.41
Fixation L	1	59	6291260515	6291502507	241992	602.95	399.00	60	6	-1	9.85	9.85
Fixation R	1	59	6291260515	6291502507	241992	602.95	399.00	60	6	-1	10.30	10.30
Fixation L	1	60	6291510763	6291911380	400617	763.57	391.20	70	10	-1	9.85	9.85
Fixation R	1	60	6291510763	6291911380	400617	763.57	391.20	70	10	-1	10.19	10.19
Fixation L	1	61	6291953002	6292103248	150246	165.97	449.29	64	29	-1	9.81	9.81
Fixation R	1	61	6291953002	6292103248	150246	165.97	449.29	64	29	-1	10.29	10.29
Fixation L	1	62	6292111628	6292261752	150124	100.84	461.73	14	31	-1	9.94	9.94
Fixation R	1	62	6292111628	6292261752	150124	100.84	461.73	14	31	-1	10.34	10.34
Fixation L	1	63	6292278499	6292587245	308746	330.39	455.43	30	14	-1	10.14	10.14
Fixation R	1	63	6292278499	6292587245	308746	330.39	455.43	30	14	-1	10.24	10.24
Fixation L	1	64	6292595618	6293012865	417247	508.70	458.77	62	17	-1	10.08	10.08
Fixation R	1	64	6292595618	6293012865	417247	508.70	458.77	62	17	-1	10.61	10.61
Fixation L	1	65	6293021115	6293288234	267119	593.21	461.02	41	8	-1	10.05	10.05
Fixation R	1	65	6293021115	6293288234	267119	593.21	461.02	41	8	-1	10.45	10.45
Fixation L	1	66	6293296484	6293463358	166874	684.12	461.93	15	8	-1	10.02	10.02
Fixation L	1	67	6293638608	6293947350	308742	850.32	441.96	43	54	-1	10.22	10.22
Fixation R	1	66	6293638608	6293947350	308742	850.32	441.96	43	54	-1	10.50	10.50
Fixation L	1	68	6293955720	6294222717	266997	838.47	445.70	85	12	-1	10.08	10.08
Fixation R	1	67	6293955720	6294222717	266997	838.47	445.70	85	12	-1	10.47	10.47
Fixation L	1	69	6294231092	6294389721	158629	921.80	441.64	79	2	-1	9.92	9.92
Fixation R	1	68	6294231092	6294389721	158629	921.80	441.64	79	2	-1	10.27	10.27
Fixation L	1	70	6294448089	6294623336	175247	132.38	499.70	58	36	-1	9.88	9.88
Fixation R	1	69	6294448089	6294623336	175247	132.38	499.70	58	36	-1	10.30	10.30
Fixation L	1	71	6294631587	6294865334	233747	81.50	518.78	20	13	-1	9.93	9.93
Fixation R	1	70	6294631587	6294865334	233747	81.50	518.78	20	13	-1	10.17	10.17
Fixation L	1	72	6294873581	6295040586	167005	188.90	505.67	36	13	-1	10.06	10.06
Fixation R	1	71	6294873581	6295040586	167005	188.90	505.67	36	13	-1	10.23	10.23
Fixation L	1	73	6295048830	6295282575	233745	276.17	520.14	26	15	-1	10.28	10.28
Fixation L	1	74	6295290833	6295507821	216988	411.66	511.61	45	18	-1	10.23	10.23
Fixation R	1	72	6295290833	6295507821	216988	411.66	511.61	45	18	-1	10.79	10.79
Fixation L	1	75	6295516198	6295758192	241994	546.63	509.63	35	5	-1	10.30	10.30
Fixation R	1	73	6295516198	6295758192	241994	546.63	509.63	35	5	-1	10.77	10.77
Fixation L	1	76	6295766445	6295958439	191994	645.48	510.18	76	5	-1	10.23	10.23
Fixation R	1	74	6295766445	6295958439	191994	645.48	510.18	76	5	-1	10.55	10.55
Fixation L	1	77	6295966819	6296292191	325372	794.84	515.58	16	7	-1	10.03	10.03
Fixation R	1	75	6295966819	6296292191	325372	794.84	515.58	16	7	-1	10.46	10.46
Fixation L	1	78	6296342316	6296500807	158491	169.60	567.35	71	24	-1	9.87	9.87
Fixation R	1	76	6296342316	6296500807	158491	169.60	567.35	71	24	-1	10.17	10.17
Fixation L	1	79	6296509180	6296659304	150124	108.32	582.54	85	14	-1	9.92	9.92
Fixation R	1	77	6296509180	6296659304	150124	108.32	582.54	85	14	-1	10.23	10.23
Fixation L	1	80	6296667682	6296851307	183625	291.52	570.14	12	12	-1	10.27	10.27
Fixation R	1	78	6296667682	6296851307	183625	291.52	570.14	12	12	-1	10.59	10.59
Fixation L	1	81	6296859676	6297076549	216873	456.04	572.11	49	5	-1	10.31	10.31
Fixation R	1	79	6296859676	6297076549	216873	456.04	572.11	49	5	-1	10.96	10.96
Fixation L	1	82	6297084922	6297318547	233625	599.46	578.88	38	23	-1	10.28	10.28
Fixation R	1	80	6297084922	6297285169	200247	598.16	577.71	23	18	-1	10.28	10.28
Fixation L	1	83	6297326919	6297477166	150247	723.40	571.56	12	9	-1	10.24	10.24
Fixation R	1	81	6297326919	6297477166	150247	723.40	571.56	12	9	-1	10.58	10.58
Fixation L	1	84	6297485416	6297719164	233748	847.80	573.11	45	8	-1	10.07	10.07
Fixation R	1	82	6297485416	6297719164	233748	847.80	573.11	45	8	-1	10.55	10.55
Fixation L	1	85	6297769163	6298011158	241995	134.20	643.46	52	46	-1	10.13	10.13
Fixation R	1	83	6297769163	6297961161	191998	140.80	639.32	48	21	-1	9.98	9.98
Fixation L	1	86	6298086282	6298303283	217001	292.98	640.41	45	19	-1	10.47	10.47
Fixation R	1	84	6298086282	6298303283	217001	292.98	640.41	45	19	-1	10.69	10.69
Fixation L	1	87	6298311527	6298536901	225374	438.55	638.74	23	7	-1	10.49	10.49
Fixation R	1	85	6298311527	6298536901	225374	438.55	638.74	23	7	-1	10.85	10.85
Fixation L	1	88	6298545284	6298737147	191863	632.98	638.52	52	9	-1	10.54	10.54
Fixation R	1	86	6298545284	6298737147	191863	632.98	638.52	52	9	-1	10.86	10.86
Fixation L	1	89	6298745531	6298970771	225240	709.77	635.12	55	13	-1	10.40	10.40
Fixation R	1	87	6298745531	6298970771	225240	709.77	635.12	55	13	-1	10.84	10.84
Fixation L	1	90	6298979145	6299146024	166879	805.90	633.40	12	5	-1	10.25	10.25
Fixation R	1	88	6298979145	6299146024	166879	805.90	633.40	12	5	-1	10.84	10.84
Fixation L	1	91	6299196147	6299488136	291989	138.53	705.04	46	17	-1	10.27	10.27
Fixation R	1	89	6299196147	6299488136	291989	138.53	705.04	46	17	-1	10.54	10.54
Fixation L	1	92	6299496522	6299721761	225239	303.43	696.29	17	16	-1	10.67	10.67
Fixation R	1	90	6299496522	6299721761	225239	303.43	696.29	17	16	-1	10.77	10.77
Fixation L	1	93	6299738508	6300013877	275369	492.66	702.76	23	15	-1	10.74	10.74
Fixation R	1	91	6299738508	6300013877	275369	492.66	702.76	23	15	-1	11.57	11.57
Fixation L	1	94	6300022253	6300214125	191872	716.94	694.70	81	11	-1	10.46	10.46
Fixation R	1	92	6300022253	6300214125	191872	716.94	694.70	81	11	-1	10.95	10.95
Fixation L	1	95	6300222504	6300380998	158494	794.95	685.07	53	37	-1	10.22	10.22
Fixation R	1	93	6300222504	6300380998	158494	794.95	685.07	53	37	-1	10.99	10.99
Fixation L	1	96	6300447753	6300589618	141865	177.55	60.11	59	29	-1	10.11	10.11
Fixation R	1	94	6300447753	6300589618	141865	177.55	60.11	59	29	-1	10.79	10.79
Fixation L	1	97	6300598001	6300689751	91750	92.86	72.72	13	15	-1	10.01	10.01
Fixation R	1	95	6300598001	6300689751	91750	92.86	72.72	13	15	-1	10.68	10.68

