[BeGaze]
Converted from:	C:\Program Files\SMI\Experiment Suite 360\Experiment Center 2\Results\Readability_First_01\P02-eye_data.idf
Date:	02.08.2013 11:27:26
Version:	BeGaze 3.2.28
Sample Rate:	120
Subject:	P02
Description:	Run2

Table Header for Fixations:
Event Type	Trial	Number	Start	End	Duration	Location X	Location Y	Dispersion X	Dispersion Y	Plane	Avg. Pupil Size X	Avg. Pupil Size Y


Fixation L	1	1	5482158277	5482308522	150245	417.18	209.85	16	60	-1	11.05	11.05
Fixation R	1	1	5482158277	5482308522	150245	417.18	209.85	16	60	-1	11.62	11.62
Fixation L	1	2	5482316767	5482450267	133500	303.15	35.20	61	22	-1	10.77	10.77
Fixation R	1	2	5482316767	5482450267	133500	303.15	35.20	61	22	-1	11.35	11.35
Fixation L	1	3	5482458643	5482575514	116871	146.97	22.58	90	7	-1	9.99	9.99
Fixation R	1	3	5482458643	5482575514	116871	146.97	22.58	90	7	-1	10.56	10.56
Fixation L	1	4	5482583894	5482984387	400493	110.13	52.97	42	39	-1	9.44	9.44
Fixation R	1	4	5482583894	5482984387	400493	110.13	52.97	42	39	-1	9.96	9.96
Fixation L	1	5	5482992759	5483134632	141873	178.48	54.88	24	24	-1	9.62	9.62
Fixation R	1	5	5482992759	5483134632	141873	178.48	54.88	24	24	-1	10.09	10.09
Fixation L	1	6	5483142883	5483351504	208621	255.95	27.88	24	19	-1	9.83	9.83
Fixation R	1	6	5483142883	5483351504	208621	255.95	27.88	24	19	-1	10.21	10.21
Fixation L	1	7	5483359882	5483718749	358867	366.05	29.80	66	21	-1	10.00	10.00
Fixation R	1	7	5483359882	5483718749	358867	366.05	29.80	66	21	-1	10.29	10.29
Fixation L	1	8	5483727000	5484002371	275371	487.19	33.04	41	13	-1	9.97	9.97
Fixation R	1	8	5483727000	5484002371	275371	487.19	33.04	41	13	-1	10.21	10.21
Fixation L	1	9	5484010749	5484553111	542362	598.71	34.27	51	19	-1	9.88	9.88
Fixation R	1	9	5484010749	5484553111	542362	598.71	34.27	51	19	-1	10.10	10.10
Fixation L	1	10	5484561489	5484970354	408865	722.19	32.50	56	16	-1	9.82	9.82
Fixation R	1	10	5484561489	5484970354	408865	722.19	32.50	56	16	-1	10.11	10.11
Fixation L	1	11	5485020479	5485304096	283617	111.72	98.29	52	45	-1	9.60	9.60
Fixation R	1	11	5485020479	5485304096	283617	111.72	98.29	52	45	-1	10.23	10.23
Fixation L	1	12	5485312478	5485487723	175245	231.33	96.63	29	30	-1	9.83	9.83
Fixation R	1	12	5485312478	5485487723	175245	231.33	96.63	29	30	-1	10.40	10.40
Fixation L	1	13	5485496096	5485754716	258620	291.61	80.44	42	8	-1	9.79	9.79
Fixation R	1	13	5485496096	5485754716	258620	291.61	80.44	42	8	-1	10.11	10.11
Fixation L	1	14	5485763099	5485996711	233612	387.13	86.90	38	8	-1	9.87	9.87
Fixation R	1	14	5485763099	5485996711	233612	387.13	86.90	38	8	-1	10.06	10.06
Fixation L	1	15	5486005085	5486205336	200251	510.45	91.84	71	15	-1	9.79	9.79
Fixation R	1	15	5486005085	5486205336	200251	510.45	91.84	71	15	-1	9.88	9.88
Fixation L	1	16	5486213718	5486672703	458985	626.51	96.83	41	29	-1	9.75	9.75
Fixation R	1	16	5486213718	5486672703	458985	626.51	96.83	41	29	-1	9.97	9.97
Fixation L	1	17	5486680956	5486973076	292120	780.32	83.00	49	27	-1	9.73	9.73
Fixation R	1	17	5486680956	5486973076	292120	780.32	83.00	49	27	-1	9.89	9.89
Fixation L	1	18	5486981450	5487223447	241997	919.16	90.03	70	14	-1	9.77	9.77
Fixation R	1	18	5486981450	5487223447	241997	919.16	90.03	70	14	-1	9.83	9.83
Fixation L	1	19	5487273445	5487582189	308744	128.46	146.86	62	28	-1	9.64	9.64
Fixation R	1	19	5487273445	5487582189	308744	128.46	146.86	62	28	-1	10.22	10.22
Fixation L	1	20	5487590572	5487957683	367111	252.50	155.74	72	22	-1	9.77	9.77
Fixation R	1	20	5487590572	5487957683	367111	252.50	155.74	72	22	-1	10.12	10.12
Fixation L	1	21	5487966063	5488099554	133491	205.19	176.76	29	9	-1	9.74	9.74
Fixation R	1	21	5487966063	5488099554	133491	205.19	176.76	29	9	-1	9.96	9.96
Fixation L	1	22	5488107930	5488458425	350495	103.37	173.26	22	21	-1	9.62	9.62
Fixation R	1	22	5488107930	5488458425	350495	103.37	173.26	22	21	-1	10.04	10.04
Fixation L	1	23	5488466678	5488742049	275371	200.56	146.12	71	28	-1	9.56	9.56
Fixation R	1	23	5488466678	5488742049	275371	200.56	146.12	71	28	-1	10.03	10.03
Fixation L	1	24	5488750422	5489042540	292118	280.44	143.74	73	13	-1	9.53	9.53
Fixation R	1	24	5488750422	5489042540	292118	280.44	143.74	73	13	-1	9.94	9.94
Fixation L	1	25	5489050792	5489317917	267125	411.47	143.68	32	16	-1	9.60	9.60
Fixation R	1	25	5489050792	5489317917	267125	411.47	143.68	32	16	-1	9.88	9.88
Fixation L	1	26	5489342916	5489634905	291989	95.19	159.75	65	33	-1	9.58	9.58
Fixation R	1	26	5489342916	5489634905	291989	95.19	159.75	65	33	-1	10.04	10.04
Fixation L	1	27	5489685031	5489902028	216997	186.90	155.73	58	30	-1	9.78	9.78
Fixation R	1	27	5489685031	5489902028	216997	186.90	155.73	58	30	-1	10.28	10.28
Fixation L	1	28	5489910277	5490118910	208633	244.05	140.90	14	12	-1	9.66	9.66
Fixation R	1	28	5489910277	5490118910	208633	244.05	140.90	14	12	-1	10.08	10.08
Fixation L	1	29	5490127280	5490369278	241998	406.11	121.37	68	15	-1	9.74	9.74
Fixation R	1	29	5490127280	5490369278	241998	406.11	121.37	68	15	-1	10.07	10.07
Fixation L	1	30	5490377644	5490552893	175249	545.19	127.53	25	5	-1	9.63	9.63
Fixation R	1	30	5490377644	5490552893	175249	545.19	127.53	25	5	-1	10.04	10.04
Fixation L	1	31	5490561142	5490753138	191996	714.18	115.49	61	11	-1	9.59	9.59
Fixation R	1	31	5490561142	5490753138	191996	714.18	115.49	61	11	-1	10.01	10.01
Fixation L	1	32	5490761520	5490870017	108497	809.18	118.60	20	7	-1	9.60	9.60
Fixation R	1	32	5490761520	5490870017	108497	809.18	118.60	20	7	-1	9.87	9.87
Fixation L	1	33	5490920019	5491303882	383863	115.11	198.96	48	30	-1	9.49	9.49
Fixation R	1	33	5490920019	5491303882	383863	115.11	198.96	48	30	-1	10.07	10.07
Fixation L	1	34	5491312254	5491696007	383753	247.88	208.23	41	21	-1	9.66	9.66
Fixation R	1	34	5491312254	5491696007	383753	247.88	208.23	41	21	-1	10.01	10.01
Fixation L	1	35	5491704376	5492021502	317126	355.02	205.31	45	5	-1	9.73	9.73
Fixation R	1	35	5491704376	5492021502	317126	355.02	205.31	45	5	-1	10.03	10.03
Fixation L	1	36	5492029871	5492255118	225247	521.47	198.14	35	16	-1	9.58	9.58
Fixation R	1	36	5492029871	5492255118	225247	521.47	198.14	35	16	-1	9.95	9.95
Fixation L	1	37	5492263496	5492638987	375491	609.27	198.54	69	23	-1	9.57	9.57
Fixation R	1	37	5492263496	5492638987	375491	609.27	198.54	69	23	-1	9.90	9.90
Fixation L	1	38	5492647365	5492789236	141871	543.71	198.78	36	6	-1	9.41	9.41
Fixation R	1	38	5492647365	5492789236	141871	543.71	198.78	36	6	-1	9.89	9.89
Fixation L	1	39	5492797493	5493031233	233740	378.21	203.69	16	15	-1	9.39	9.39
Fixation R	1	39	5492797493	5493031233	233740	378.21	203.69	16	15	-1	9.75	9.75
Fixation L	1	40	5493047859	5493239853	191994	631.86	193.62	57	9	-1	9.44	9.44
Fixation R	1	40	5493047859	5493239853	191994	631.86	193.62	57	9	-1	9.84	9.84
Fixation L	1	41	5493248104	5493456728	208624	722.72	151.57	34	48	-1	9.46	9.46
Fixation R	1	41	5493248104	5493456728	208624	722.72	151.57	34	48	-1	9.94	9.94
Fixation L	1	42	5493465100	5493648723	183623	524.61	140.33	86	7	-1	9.57	9.57
Fixation R	1	42	5493465100	5493648723	183623	524.61	140.33	86	7	-1	9.93	9.93
Fixation L	1	43	5493665349	5493823974	158625	701.05	191.69	19	41	-1	9.66	9.66
Fixation R	1	43	5493665349	5493823974	158625	701.05	191.69	19	41	-1	10.14	10.14
Fixation L	1	44	5493832222	5493965716	133494	772.09	186.31	46	12	-1	9.66	9.66
Fixation R	1	44	5493832222	5493965716	133494	772.09	186.31	46	12	-1	10.19	10.19
Fixation L	1	45	5494032590	5494182712	150122	112.57	260.91	80	18	-1	9.38	9.38
Fixation R	1	45	5494032590	5494182712	150122	112.57	260.91	80	18	-1	10.07	10.07
Fixation L	1	46	5494191087	5494366334	175247	88.98	276.84	32	13	-1	9.44	9.44
Fixation R	1	46	5494191087	5494366334	175247	88.98	276.84	32	13	-1	9.90	9.90
Fixation L	1	47	5494374714	5494549835	175121	223.26	276.71	87	5	-1	9.63	9.63
Fixation R	1	47	5494374714	5494549835	175121	223.26	276.71	87	5	-1	10.13	10.13
Fixation L	1	48	5494558208	5495025584	467376	296.48	261.27	68	18	-1	9.46	9.46
Fixation R	1	48	5494558208	5495025584	467376	296.48	261.27	68	18	-1	9.91	9.91
Fixation L	1	49	5495033825	5495217447	183622	413.29	258.25	65	8	-1	9.30	9.30
Fixation R	1	49	5495033825	5495217447	183622	413.29	258.25	65	8	-1	9.70	9.70
Fixation L	1	50	5495225827	5495492816	266989	514.37	247.36	76	23	-1	9.30	9.30
Fixation R	1	50	5495225827	5495492816	266989	514.37	247.36	76	23	-1	9.68	9.68
Fixation L	1	51	5495584569	5495926691	342122	653.53	245.23	61	7	-1	9.34	9.34
Fixation R	1	51	5495584569	5495926691	342122	653.53	245.23	61	7	-1	9.75	9.75
Fixation L	1	52	5495935063	5496335680	400617	775.74	252.81	71	14	-1	9.52	9.52
Fixation R	1	52	5495935063	5496335680	400617	775.74	252.81	71	14	-1	9.93	9.93
Fixation L	1	53	5496343927	5496661049	317122	532.16	256.38	62	13	-1	9.71	9.71
Fixation R	1	53	5496343927	5496661049	317122	532.16	256.38	62	13	-1	10.10	10.10
Fixation L	1	54	5496711176	5496978173	266997	95.83	321.09	63	36	-1	9.64	9.64
Fixation R	1	54	5496711176	5496978173	266997	95.83	321.09	63	36	-1	10.04	10.04
Fixation L	1	55	5496986543	5497103299	116756	145.34	326.76	15	7	-1	9.74	9.74
Fixation R	1	55	5496986543	5497103299	116756	145.34	326.76	15	7	-1	10.11	10.11
Fixation L	1	56	5497111673	5497336913	225240	275.64	317.33	16	15	-1	9.76	9.76
Fixation R	1	56	5497111673	5497336913	225240	275.64	317.33	16	15	-1	10.15	10.15
Fixation L	1	57	5497345290	5497670785	325495	412.84	318.40	74	14	-1	9.77	9.77
Fixation R	1	57	5497345290	5497670785	325495	412.84	318.40	74	14	-1	10.16	10.16
Fixation L	1	58	5497679037	5497937782	258745	530.39	324.97	83	10	-1	9.79	9.79
Fixation R	1	58	5497679037	5497937782	258745	530.39	324.97	83	10	-1	10.10	10.10
Fixation L	1	59	5497946155	5498104661	158506	611.40	333.86	14	9	-1	9.73	9.73
Fixation R	1	59	5497946155	5498104661	158506	611.40	333.86	14	9	-1	10.12	10.12
Fixation L	1	60	5498113027	5498263155	150128	699.34	332.99	58	17	-1	9.73	9.73
Fixation R	1	60	5498113027	5498263155	150128	699.34	332.99	58	17	-1	10.09	10.09
Fixation L	1	61	5498271524	5498480152	208628	833.07	319.65	29	8	-1	9.76	9.76
Fixation R	1	61	5498271524	5498480152	208628	833.07	319.65	29	8	-1	10.10	10.10
Fixation L	1	62	5498488521	5498738893	250372	568.05	323.12	86	10	-1	9.71	9.71
Fixation R	1	62	5498488521	5498738893	250372	568.05	323.12	86	10	-1	10.27	10.27
Fixation L	1	63	5498747143	5498930768	183625	522.71	326.59	35	10	-1	9.74	9.74
Fixation R	1	63	5498747143	5498930768	183625	522.71	326.59	35	10	-1	10.29	10.29
Fixation L	1	64	5498947516	5499122636	175120	772.27	312.68	34	12	-1	9.63	9.63
Fixation R	1	64	5498947516	5499122636	175120	772.27	312.68	34	12	-1	10.02	10.02
Fixation L	1	65	5499131014	5499231140	100126	897.09	315.87	51	6	-1	9.52	9.52
Fixation R	1	65	5499131014	5499231140	100126	897.09	315.87	51	6	-1	9.94	9.94
Fixation L	1	66	5499289634	5499548258	258624	96.35	398.63	64	24	-1	9.52	9.52
Fixation R	1	66	5499289634	5499548258	258624	96.35	398.63	64	24	-1	10.12	10.12
Fixation L	1	67	5499556637	5500290873	734236	250.44	387.91	63	24	-1	9.64	9.64
Fixation R	1	67	5499556637	5500290873	734236	250.44	387.91	63	24	-1	9.99	9.99
Fixation L	1	68	5500299247	5500391122	91875	365.40	378.79	80	18	-1	9.58	9.58
Fixation R	1	68	5500299247	5500391122	91875	365.40	378.79	80	18	-1	10.09	10.09
Fixation L	1	69	5500399370	5500499491	100121	379.29	379.27	19	5	-1	9.54	9.54
Fixation R	1	69	5500399370	5500499491	100121	379.29	379.27	19	5	-1	10.09	10.09
Fixation L	1	70	5500507876	5500816614	308738	486.61	387.10	33	15	-1	9.56	9.56
Fixation R	1	70	5500507876	5500816614	308738	486.61	387.10	33	15	-1	10.13	10.13
Fixation L	1	71	5500824992	5501083612	258620	629.45	386.67	22	14	-1	9.47	9.47
Fixation R	1	71	5500824992	5501083612	258620	629.45	386.67	22	14	-1	9.83	9.83
Fixation L	1	72	5501091992	5501384106	292114	737.04	395.16	8	8	-1	9.36	9.36
Fixation R	1	72	5501091992	5501384106	292114	737.04	395.16	8	8	-1	9.80	9.80
Fixation L	1	73	5501392353	5501609356	217003	861.96	382.30	43	28	-1	9.45	9.45
Fixation R	1	73	5501392353	5501609356	217003	861.96	382.30	43	28	-1	9.81	9.81
Fixation L	1	74	5501659480	5501943095	283615	100.11	458.92	39	33	-1	9.43	9.43
Fixation R	1	74	5501659480	5501943095	283615	100.11	458.92	39	33	-1	9.84	9.84
Fixation L	1	75	5501951468	5502168466	216998	261.85	443.86	67	15	-1	9.57	9.57
Fixation R	1	75	5501951468	5502168466	216998	261.85	443.86	67	15	-1	10.03	10.03
Fixation L	1	76	5502176840	5502318589	141749	371.26	450.26	36	15	-1	9.74	9.74
Fixation R	1	76	5502176840	5502318589	141749	371.26	450.26	36	15	-1	10.26	10.26
Fixation L	1	77	5502326968	5502518963	191995	462.44	453.94	18	5	-1	9.64	9.64
Fixation R	1	77	5502326968	5502518963	191995	462.44	453.94	18	5	-1	10.34	10.34
Fixation L	1	78	5502527211	5502769207	241996	652.09	447.08	76	21	-1	9.69	9.69
Fixation R	1	78	5502527211	5502769207	241996	652.09	447.08	76	21	-1	10.15	10.15
Fixation L	1	79	5502777582	5502927828	150246	727.51	442.61	84	4	-1	9.42	9.42
Fixation R	1	79	5502777582	5502927828	150246	727.51	442.61	84	4	-1	9.94	9.94
Fixation L	1	80	5502936213	5503161457	225244	827.78	436.62	14	13	-1	9.32	9.32
Fixation R	1	80	5502936213	5503161457	225244	827.78	436.62	14	13	-1	9.88	9.88
Fixation L	1	81	5503211581	5503403448	191867	127.46	483.66	65	27	-1	9.35	9.35
Fixation R	1	81	5503211581	5503403448	191867	127.46	483.66	65	27	-1	9.89	9.89
Fixation L	1	82	5503411829	5503511953	100124	73.48	500.49	16	8	-1	9.28	9.28
Fixation R	1	82	5503411829	5503511953	100124	73.48	500.49	16	8	-1	9.75	9.75
Fixation L	1	83	5503520323	5503820691	300368	240.68	496.93	89	10	-1	9.64	9.64
Fixation R	1	83	5503520323	5503820691	300368	240.68	496.93	89	10	-1	9.88	9.88
Fixation L	1	84	5503829069	5503912447	83378	255.14	511.31	16	9	-1	9.66	9.66
Fixation R	1	84	5503829069	5503912447	83378	255.14	511.31	16	9	-1	9.94	9.94
Fixation L	1	85	5503920817	5504104435	183618	363.98	517.61	26	12	-1	9.56	9.56
Fixation R	1	85	5503920817	5504104435	183618	363.98	517.61	26	12	-1	10.47	10.47
Fixation L	1	86	5504112694	5504287937	175243	234.14	504.75	56	6	-1	9.68	9.68
Fixation R	1	86	5504112694	5504287937	175243	234.14	504.75	56	6	-1	9.98	9.98
Fixation L	1	87	5504296311	5504538308	241997	415.82	511.61	30	23	-1	9.82	9.82
Fixation R	1	87	5504296311	5504538308	241997	415.82	511.61	30	23	-1	10.52	10.52
Fixation L	1	88	5504546681	5504696803	150122	588.44	519.13	84	14	-1	9.86	9.86
Fixation R	1	88	5504546681	5504696803	150122	588.44	519.13	84	14	-1	10.54	10.54
Fixation L	1	89	5504780302	5504863679	83377	766.18	500.77	91	8	-1	9.53	9.53
Fixation R	1	89	5504780302	5504863679	83377	766.18	500.77	91	8	-1	10.19	10.19
Fixation L	1	90	5504872051	5505064055	192004	777.98	495.74	44	3	-1	9.51	9.51
Fixation R	1	90	5504872051	5505064055	192004	777.98	495.74	44	3	-1	10.20	10.20
Fixation L	1	91	5505072298	5505247546	175248	910.93	499.17	16	5	-1	9.58	9.58
Fixation R	1	91	5505072298	5505247546	175248	910.93	499.17	16	5	-1	10.13	10.13
Fixation L	1	92	5505297670	5505531293	233623	145.05	556.12	63	25	-1	9.54	9.54
Fixation R	1	92	5505297670	5505531293	233623	145.05	556.12	63	25	-1	10.04	10.04
Fixation L	1	93	5505539668	5505739916	200248	75.18	580.99	35	19	-1	9.54	9.54
Fixation R	1	93	5505539668	5505739916	200248	75.18	580.99	35	19	-1	9.89	9.89
Fixation L	1	94	5505748287	5505973534	225247	293.13	559.45	25	27	-1	9.73	9.73
Fixation R	1	94	5505748287	5505973534	225247	293.13	559.45	25	27	-1	10.16	10.16
Fixation L	1	95	5505981906	5506157158	175252	444.07	562.56	77	18	-1	9.70	9.70
Fixation R	1	95	5505981906	5506157158	175252	444.07	562.56	77	18	-1	10.55	10.55
Fixation L	1	96	5506165537	5506607777	442240	585.09	569.01	87	10	-1	9.79	9.79
Fixation R	1	96	5506165537	5506607777	442240	585.09	569.01	87	10	-1	10.50	10.50
Fixation L	1	97	5506616031	5506924770	308739	738.51	560.11	53	14	-1	9.61	9.61
Fixation R	1	97	5506616031	5506924770	308739	738.51	560.11	53	14	-1	10.27	10.27
Fixation L	1	98	5506933145	5507083393	150248	792.11	562.77	49	11	-1	9.61	9.61
Fixation R	1	98	5506933145	5507083393	150248	792.11	562.77	49	11	-1	10.32	10.32
Fixation L	1	99	5507125145	5507609136	483991	94.16	640.48	77	22	-1	9.75	9.75
Fixation R	1	99	5507125145	5507609136	483991	94.16	640.48	77	22	-1	10.10	10.10
Fixation L	1	100	5507617391	5507859379	241988	127.11	638.83	78	19	-1	9.82	9.82
Fixation R	1	100	5507617391	5507859379	241988	127.11	638.83	78	19	-1	9.93	9.93
Fixation L	1	101	5507901136	5508259875	358739	756.56	548.61	66	20	-1	9.94	9.94
Fixation R	1	101	5507901136	5508259875	358739	756.56	548.61	66	20	-1	10.31	10.31
Fixation L	1	102	5508318379	5508410126	91747	169.29	587.84	49	48	-1	9.72	9.72
Fixation R	1	102	5508318379	5508410126	91747	169.29	587.84	49	48	-1	9.56	9.56
Fixation L	1	103	5508418504	5508602122	183618	199.84	629.64	73	24	-1	9.66	9.66
Fixation R	1	103	5508418504	5508602122	183618	199.84	629.64	73	24	-1	9.81	9.81
Fixation L	1	104	5508610371	5509127738	517367	136.47	637.53	77	21	-1	9.68	9.68
Fixation R	1	104	5508610371	5509127738	517367	136.47	637.53	77	21	-1	9.93	9.93
Fixation L	1	105	5509136114	5509236242	100128	178.57	629.63	86	8	-1	9.76	9.76
Fixation R	1	105	5509136114	5509236242	100128	178.57	629.63	86	8	-1	9.90	9.90
Fixation L	1	106	5509244616	5509636855	392239	87.02	640.05	26	17	-1	9.72	9.72
Fixation R	1	106	5509244616	5509636855	392239	87.02	640.05	26	17	-1	9.92	9.92
Fixation L	1	107	5509645105	5509887098	241993	175.40	637.45	22	14	-1	9.86	9.86
Fixation R	1	107	5509645105	5509887098	241993	175.40	637.45	22	14	-1	10.04	10.04
Fixation L	1	108	5509895476	5510212595	317119	304.28	633.41	22	19	-1	10.03	10.03
Fixation R	1	108	5509895476	5510212595	317119	304.28	633.41	22	19	-1	10.30	10.30
Fixation R	1	109	5510321101	5510454591	133490	307.44	599.50	50	30	-1	10.07	10.07
Fixation L	1	109	5510329344	5510454591	125247	309.17	598.13	47	20	-1	10.08	10.08
Fixation L	1	110	5510462967	5510638086	175119	496.72	613.23	59	32	-1	9.99	9.99
Fixation R	1	110	5510462967	5510638086	175119	496.72	613.23	59	32	-1	11.12	11.12
Fixation L	1	111	5510646472	5510763341	116869	597.23	628.33	57	5	-1	10.11	10.11
Fixation R	1	111	5510646472	5510763341	116869	597.23	628.33	57	5	-1	10.52	10.52
Fixation L	1	112	5510888459	5511155456	266997	386.41	595.93	74	25	-1	9.93	9.93
Fixation R	1	112	5510888459	5511155456	266997	386.41	595.93	74	25	-1	10.30	10.30
Fixation L	1	113	5511238952	5511489328	250376	688.26	605.81	82	14	-1	9.98	9.98
Fixation R	1	113	5511238952	5511489328	250376	688.26	605.81	82	14	-1	10.44	10.44
Fixation L	1	114	5511497579	5511639451	141872	733.44	606.86	34	7	-1	9.83	9.83
Fixation R	1	114	5511497579	5511639451	141872	733.44	606.86	34	7	-1	10.12	10.12
Fixation L	1	115	5511681198	5512014944	333746	119.18	671.71	70	27	-1	9.59	9.59
Fixation R	1	115	5511681198	5512014944	333746	119.18	671.71	70	27	-1	9.96	9.96
Fixation L	1	116	5512023323	5512824437	801114	190.06	676.96	43	13	-1	9.94	9.94
Fixation R	1	116	5512023323	5512824437	801114	190.06	676.96	43	13	-1	9.93	9.93
Fixation L	1	117	5512832809	5513074811	242002	284.20	658.91	31	24	-1	9.90	9.90
Fixation R	1	117	5512832809	5513074811	242002	284.20	658.91	31	24	-1	10.47	10.47
Fixation L	1	118	5513083050	5513258302	175252	361.89	656.49	51	11	-1	9.88	9.88
Fixation R	1	118	5513083050	5513258302	175252	361.89	656.49	51	11	-1	11.03	11.03
Fixation L	1	119	5513266676	5513425176	158500	489.92	667.83	45	5	-1	9.91	9.91
Fixation R	1	119	5513266676	5513425176	158500	489.92	667.83	45	5	-1	11.19	11.19
Fixation L	1	120	5513433547	5513683919	250372	607.31	667.69	93	4	-1	10.05	10.05
Fixation R	1	120	5513433547	5513683919	250372	607.31	667.69	93	4	-1	10.77	10.77
Fixation L	1	121	5513692292	5513859164	166872	771.06	670.99	34	15	-1	9.93	9.93
Fixation R	1	121	5513692292	5513859164	166872	771.06	670.99	34	15	-1	10.52	10.52
Fixation L	1	122	5513867538	5514076043	208505	874.14	685.76	91	6	-1	9.73	9.73
Fixation R	1	122	5513867538	5514076043	208505	874.14	685.76	91	6	-1	10.36	10.36
Fixation L	1	123	5514084415	5514201290	116875	928.87	687.87	9	9	-1	9.73	9.73
Fixation R	1	123	5514084415	5514201290	116875	928.87	687.87	9	9	-1	10.37	10.37
Fixation L	1	124	5514284658	5514493279	208621	159.73	16.93	76	21	-1	9.56	9.56
Fixation R	1	124	5514284658	5514493279	208621	159.73	16.93	76	21	-1	10.17	10.17
Fixation L	1	125	5514501663	5514710305	208642	105.72	33.81	7	5	-1	9.59	9.59
Fixation R	1	125	5514501663	5514710305	208642	105.72	33.81	7	5	-1	10.09	10.09

