[BeGaze]
Converted from:	C:\Program Files\SMI\Experiment Suite 360\Experiment Center 2\Results\Readability_First_01\P02-eye_data.idf
Date:	02.08.2013 11:27:26
Version:	BeGaze 3.2.28
Sample Rate:	120
Subject:	P02
Description:	Run2

Table Header for Fixations:
Event Type	Trial	Number	Start	End	Duration	Location X	Location Y	Dispersion X	Dispersion Y	Plane	Avg. Pupil Size X	Avg. Pupil Size Y


Fixation L	1	1	5372653704	5372787178	133474	200.12	52.45	47	25	-1	9.98	9.98
Fixation R	1	1	5372653704	5372787178	133474	200.12	52.45	47	25	-1	10.77	10.77
Fixation L	1	2	5372795563	5373154424	358861	108.24	53.93	63	17	-1	9.94	9.94
Fixation R	1	2	5372795563	5373154424	358861	108.24	53.93	63	17	-1	10.49	10.49
Fixation L	1	3	5373162672	5373613289	450617	190.78	57.54	67	31	-1	10.01	10.01
Fixation R	1	3	5373162672	5373613289	450617	190.78	57.54	67	31	-1	10.32	10.32
Fixation L	1	4	5373646669	5373897045	250376	318.23	43.26	18	51	-1	10.12	10.12
Fixation R	1	4	5373646669	5373897045	250376	318.23	43.26	18	51	-1	10.49	10.49
Fixation L	1	5	5373905410	5374038909	133499	480.96	33.49	59	40	-1	10.10	10.10
Fixation R	1	5	5373905410	5374038909	133499	480.96	33.49	59	40	-1	10.53	10.53
Fixation L	1	6	5374047291	5374205782	158491	489.08	47.21	15	20	-1	9.98	9.98
Fixation R	1	6	5374047291	5374205782	158491	489.08	47.21	15	20	-1	10.28	10.28
Fixation L	1	7	5374214155	5374372658	158503	686.79	31.32	60	23	-1	9.84	9.84
Fixation R	1	7	5374214155	5374372658	158503	686.79	31.32	60	23	-1	10.17	10.17
Fixation L	1	8	5374414403	5374689773	275370	781.68	40.01	60	38	-1	9.87	9.87
Fixation R	1	8	5374439401	5374698214	258813	786.73	38.49	66	25	-1	10.35	10.35
Fixation L	1	9	5374698214	5375065266	367052	843.75	47.53	36	30	-1	10.02	10.02
Fixation R	1	9	5374706533	5375065266	358733	844.17	47.77	27	30	-1	10.27	10.27
Fixation L	1	10	5375073648	5375240515	166867	929.24	36.22	46	23	-1	9.82	9.82
Fixation R	1	10	5375073648	5375240515	166867	929.24	36.22	46	23	-1	10.12	10.12
Fixation L	1	11	5375298897	5375574263	275366	112.43	120.24	69	30	-1	9.78	9.78
Fixation R	1	11	5375298897	5375574263	275366	112.43	120.24	69	30	-1	10.44	10.44
Fixation L	1	12	5375682757	5375924758	242001	144.69	114.07	81	15	-1	10.13	10.13
Fixation R	1	12	5375682757	5375924758	242001	144.69	114.07	81	15	-1	10.56	10.56
Fixation L	1	13	5375933129	5376166756	233627	276.61	102.92	89	9	-1	10.23	10.23
Fixation R	1	13	5375933129	5376166756	233627	276.61	102.92	89	9	-1	10.62	10.62
Fixation L	1	14	5376175128	5376366997	191869	208.63	109.08	5	9	-1	10.03	10.03
Fixation R	1	14	5376175128	5376366997	191869	208.63	109.08	5	9	-1	10.39	10.39
Fixation L	1	15	5376375375	5376583994	208619	331.40	84.10	15	32	-1	10.05	10.05
Fixation R	1	15	5376375375	5376583994	208619	331.40	84.10	15	32	-1	10.20	10.20
Fixation R	1	16	5376592368	5376834365	241997	415.30	86.49	71	17	-1	10.34	10.34
Fixation R	1	17	5376842615	5377234862	392247	519.92	81.16	86	12	-1	10.31	10.31
Fixation L	1	16	5376859366	5377234862	375496	519.95	81.27	86	12	-1	9.95	9.95
Fixation L	1	17	5377243236	5377435109	191873	461.95	78.01	23	19	-1	9.93	9.93
Fixation R	1	18	5377243236	5377435109	191873	461.95	78.01	23	19	-1	10.43	10.43
Fixation L	1	18	5377443483	5377593730	150247	311.36	88.16	31	28	-1	9.82	9.82
Fixation R	1	19	5377443483	5377593730	150247	311.36	88.16	31	28	-1	10.54	10.54
Fixation L	1	19	5377601986	5378069350	467364	196.90	100.75	65	28	-1	9.96	9.96
Fixation R	1	20	5377601986	5378069350	467364	196.90	100.75	65	28	-1	10.51	10.51
Fixation L	1	20	5378077601	5378236221	158620	263.36	94.39	30	13	-1	9.97	9.97
Fixation R	1	21	5378077601	5378236221	158620	263.36	94.39	30	13	-1	10.39	10.39
Fixation L	1	21	5378244595	5378428093	183498	356.72	76.23	43	29	-1	10.11	10.11
Fixation R	1	22	5378244595	5378428093	183498	356.72	76.23	43	29	-1	10.40	10.40
Fixation L	1	22	5378436469	5378845339	408870	440.07	81.20	28	41	-1	10.19	10.19
Fixation R	1	23	5378436469	5378845339	408870	440.07	81.20	28	41	-1	10.45	10.45
Fixation L	1	23	5378853718	5378978846	125128	570.68	87.43	80	19	-1	9.99	9.99
Fixation R	1	24	5378853718	5378978846	125128	570.68	87.43	80	19	-1	10.29	10.29
Fixation L	1	24	5378987209	5379070709	83500	576.69	75.57	34	7	-1	10.01	10.01
Fixation R	1	25	5378987209	5379070709	83500	576.69	75.57	34	7	-1	10.35	10.35
Fixation L	1	25	5379078957	5379421079	342122	664.86	73.76	41	26	-1	10.00	10.00
Fixation R	1	26	5379078957	5379421079	342122	664.86	73.76	41	26	-1	10.28	10.28
Fixation L	1	26	5379429454	5379596326	166872	744.12	71.09	31	22	-1	9.84	9.84
Fixation R	1	27	5379429454	5379596326	166872	744.12	71.09	31	22	-1	10.18	10.18
Fixation L	1	27	5379604706	5379988570	383864	806.32	81.84	53	32	-1	9.87	9.87
Fixation R	1	28	5379604706	5379988570	383864	806.32	81.84	53	32	-1	9.99	9.99
Fixation L	1	28	5379996944	5380514311	517367	711.06	86.09	49	45	-1	9.82	9.82
Fixation R	1	29	5379996944	5380514311	517367	711.06	86.09	49	45	-1	10.10	10.10
Fixation L	1	29	5380522559	5380772930	250371	801.65	75.51	45	13	-1	9.79	9.79
Fixation R	1	30	5380522559	5380772930	250371	801.65	75.51	45	13	-1	10.05	10.05
Fixation L	1	30	5380823059	5381039928	216869	95.28	175.06	28	37	-1	9.59	9.59
Fixation R	1	31	5380823059	5381039928	216869	95.28	175.06	28	37	-1	10.43	10.43
Fixation L	1	31	5381048302	5381223547	175245	186.73	171.05	81	15	-1	9.70	9.70
Fixation R	1	32	5381048302	5381223547	175245	186.73	171.05	81	15	-1	10.26	10.26
Fixation L	1	32	5381231927	5381440546	208619	289.51	144.74	51	23	-1	9.72	9.72
Fixation R	1	33	5381231927	5381440546	208619	289.51	144.74	51	23	-1	10.12	10.12
Fixation L	1	33	5381448795	5381632420	183625	415.26	140.82	81	8	-1	9.65	9.65
Fixation R	1	34	5381448795	5381632420	183625	415.26	140.82	81	8	-1	9.84	9.84
Fixation L	1	34	5381640795	5381949537	308742	540.31	146.62	77	12	-1	9.61	9.61
Fixation R	1	35	5381640795	5381949537	308742	540.31	146.62	77	12	-1	9.99	9.99
Fixation L	1	35	5381957920	5382208166	250246	623.51	145.14	79	17	-1	9.63	9.63
Fixation R	1	36	5381957920	5382208166	250246	623.51	145.14	79	17	-1	10.07	10.07
Fixation L	1	36	5382216534	5382466909	250375	709.26	136.40	28	5	-1	9.55	9.55
Fixation R	1	37	5382216534	5382466909	250375	709.26	136.40	28	5	-1	10.00	10.00
Fixation L	1	37	5382475280	5382884152	408872	804.01	135.22	72	23	-1	9.61	9.61
Fixation R	1	38	5382475280	5382884152	408872	804.01	135.22	72	23	-1	9.98	9.98
Fixation L	1	38	5382967523	5383167772	200249	146.59	216.55	74	19	-1	9.09	9.09
Fixation R	1	39	5382967523	5383167772	200249	146.59	216.55	74	19	-1	10.11	10.11
Fixation L	1	39	5383368142	5383618391	250249	221.84	227.41	78	8	-1	9.75	9.75
Fixation R	1	40	5383368142	5383618391	250249	221.84	227.41	78	8	-1	10.18	10.18
Fixation L	1	40	5383626763	5383827013	200250	368.56	213.27	34	21	-1	9.83	9.83
Fixation R	1	41	5383626763	5383827013	200250	368.56	213.27	34	21	-1	10.24	10.24
Fixation L	1	41	5383835388	5384210887	375499	270.76	217.73	19	32	-1	9.55	9.55
Fixation R	1	42	5383835388	5384210887	375499	270.76	217.73	19	32	-1	9.97	9.97
Fixation L	1	42	5384219258	5384302631	83373	440.04	228.02	85	14	-1	9.54	9.54
Fixation R	1	43	5384219258	5384302631	83373	440.04	228.02	85	14	-1	9.95	9.95
Fixation L	1	43	5384311010	5384586375	275365	488.05	208.64	83	16	-1	9.54	9.54
Fixation R	1	44	5384311010	5384586375	275365	488.05	208.64	83	16	-1	10.00	10.00
Fixation L	1	44	5384594750	5384786622	191872	537.05	203.95	87	7	-1	9.11	9.11
Fixation R	1	45	5384594750	5384828369	233619	546.02	203.44	87	10	-1	10.01	10.01
Fixation R	1	46	5384836747	5385011996	175249	595.83	196.06	40	12	-1	9.92	9.92
Fixation L	1	45	5385011996	5385228865	216869	702.97	204.71	86	13	-1	9.54	9.54
Fixation R	1	47	5385020245	5385245616	225371	707.37	205.47	43	15	-1	10.03	10.03
Fixation L	1	46	5385237239	5385487609	250370	777.88	212.66	77	7	-1	9.58	9.58
Fixation R	1	48	5385253992	5385712861	458869	808.74	208.41	80	18	-1	9.94	9.94
Fixation L	1	47	5385495988	5385712861	216873	838.03	203.83	45	15	-1	9.53	9.53
Fixation L	1	48	5385762988	5386079978	316990	118.82	280.47	57	21	-1	9.32	9.32
Fixation R	1	49	5385762988	5386079978	316990	118.82	280.47	57	21	-1	9.87	9.87
Fixation L	1	49	5386088355	5386271978	183623	258.31	269.31	18	6	-1	9.43	9.43
Fixation R	1	50	5386088355	5386271978	183623	258.31	269.31	18	6	-1	9.82	9.82
Fixation L	1	50	5386380473	5386480593	100120	334.40	277.63	85	13	-1	9.67	9.67
Fixation R	1	51	5386380473	5386480593	100120	334.40	277.63	85	13	-1	10.00	10.00
Fixation L	1	51	5386488974	5386739220	250246	364.42	267.08	51	7	-1	9.55	9.55
Fixation R	1	52	5386488974	5386739220	250246	364.42	267.08	51	7	-1	9.97	9.97
Fixation L	1	52	5386747590	5387473579	725989	473.24	265.18	82	17	-1	9.54	9.54
Fixation R	1	53	5386747590	5387473579	725989	473.24	265.18	82	17	-1	10.00	10.00
Fixation L	1	53	5387481952	5387865829	383877	563.73	267.02	82	11	-1	9.72	9.72
Fixation R	1	54	5387481952	5387865829	383877	563.73	267.02	82	11	-1	10.13	10.13
Fixation L	1	54	5387874073	5388257947	383874	699.63	267.81	49	14	-1	9.55	9.55
Fixation R	1	55	5387874073	5388257947	383874	699.63	267.81	49	14	-1	10.06	10.06
Fixation L	1	55	5388266323	5388800434	534111	859.35	273.96	72	22	-1	9.65	9.65
Fixation R	1	56	5388266323	5388800434	534111	859.35	273.96	72	22	-1	10.11	10.11
Fixation L	1	56	5388858808	5389134180	275372	129.72	340.11	76	23	-1	9.77	9.77
Fixation R	1	57	5388858808	5389134180	275372	129.72	340.11	76	23	-1	10.44	10.44
Fixation L	1	57	5389209305	5389467931	258626	243.97	323.92	16	21	-1	9.88	9.88
Fixation R	1	58	5389209305	5389467931	258626	243.97	323.92	16	21	-1	10.32	10.32
Fixation L	1	58	5389476298	5389659923	183625	311.60	261.93	31	18	-1	9.76	9.76
Fixation R	1	59	5389476298	5389659923	183625	311.60	261.93	31	18	-1	10.21	10.21
Fixation L	1	59	5389668179	5389860171	191992	480.67	260.65	28	18	-1	9.88	9.88
Fixation R	1	60	5389668179	5389860171	191992	480.67	260.65	28	18	-1	10.13	10.13
Fixation L	1	60	5389868432	5390185540	317108	621.74	279.89	21	22	-1	9.46	9.46
Fixation R	1	61	5389868432	5390185540	317108	621.74	279.89	21	22	-1	10.26	10.26
Fixation L	1	61	5390202292	5390310789	108497	832.89	272.31	59	26	-1	9.49	9.49
Fixation R	1	62	5390202292	5390310789	108497	832.89	272.31	59	26	-1	10.05	10.05
Fixation L	1	62	5390319042	5390511034	191992	903.55	257.06	39	18	-1	9.56	9.56
Fixation R	1	63	5390319042	5390511034	191992	903.55	257.06	39	18	-1	9.90	9.90
Fixation L	1	63	5390577785	5390686283	108498	94.49	323.82	56	43	-1	9.61	9.61
Fixation R	1	64	5390577785	5390686283	108498	94.49	323.82	56	43	-1	10.17	10.17
Fixation L	1	64	5390694535	5391278647	584112	97.15	341.73	51	26	-1	9.71	9.71
Fixation R	1	65	5390694535	5391278647	584112	97.15	341.73	51	26	-1	10.17	10.17
Fixation L	1	65	5391287022	5391537393	250371	224.85	338.39	60	11	-1	9.85	9.85
Fixation R	1	66	5391287022	5391537393	250371	224.85	338.39	60	11	-1	10.20	10.20
Fixation L	1	66	5391687642	5391796021	108379	326.94	317.44	76	17	-1	9.85	9.85
Fixation R	1	67	5391687642	5391796021	108379	326.94	317.44	76	17	-1	10.36	10.36
Fixation L	1	67	5391804391	5392413504	609113	395.68	324.48	67	19	-1	9.76	9.76
Fixation R	1	68	5391804391	5392413504	609113	395.68	324.48	67	19	-1	10.25	10.25
Fixation L	1	68	5392421882	5392580504	158622	491.95	326.36	61	7	-1	9.66	9.66
Fixation R	1	69	5392421882	5392580504	158622	491.95	326.36	61	7	-1	10.19	10.19
Fixation L	1	69	5392588752	5392805749	216997	587.79	329.68	75	13	-1	9.85	9.85
Fixation R	1	70	5392588752	5392805749	216997	587.79	329.68	75	13	-1	10.31	10.31
Fixation L	1	70	5392814124	5393231374	417250	737.23	319.17	88	9	-1	9.69	9.69
Fixation R	1	71	5392814124	5393231374	417250	737.23	319.17	88	9	-1	10.16	10.16
Fixation L	1	71	5393239619	5393339742	100123	844.11	325.45	26	5	-1	9.68	9.68
Fixation R	1	72	5393239619	5393339742	100123	844.11	325.45	26	5	-1	10.12	10.12
Fixation L	1	72	5393389865	5393581739	191874	176.68	389.74	70	20	-1	9.61	9.61
Fixation R	1	73	5393389865	5393581739	191874	176.68	389.74	70	20	-1	10.26	10.26
Fixation L	1	73	5393590111	5393756986	166875	91.52	394.51	25	8	-1	9.64	9.64
Fixation R	1	74	5393590111	5393756986	166875	91.52	394.51	25	8	-1	9.95	9.95
Fixation L	1	74	5393765362	5393990732	225370	301.95	390.14	83	16	-1	9.80	9.80
Fixation R	1	75	5393765362	5393990732	225370	301.95	390.14	83	16	-1	10.29	10.29
Fixation L	1	75	5393998987	5394583095	584108	389.66	375.09	31	65	-1	9.67	9.67
Fixation R	1	76	5393998987	5394583095	584108	389.66	375.09	31	65	-1	10.14	10.14
Fixation L	1	76	5394591471	5395042091	450620	323.65	380.52	61	35	-1	9.69	9.69
Fixation R	1	77	5394591471	5395042091	450620	323.65	380.52	61	35	-1	10.25	10.25
Fixation L	1	77	5395058719	5395325839	267120	506.45	387.27	36	11	-1	9.81	9.81
Fixation R	1	78	5395058719	5395325839	267120	506.45	387.27	36	11	-1	10.30	10.30
Fixation L	1	78	5395342461	5395859826	517365	644.10	384.38	47	19	-1	9.66	9.66
Fixation R	1	79	5395342461	5395859826	517365	644.10	384.38	47	19	-1	10.26	10.26
Fixation L	1	79	5395868200	5396076827	208627	782.96	385.40	81	9	-1	9.60	9.60
Fixation R	1	80	5395868200	5396076827	208627	782.96	385.40	81	9	-1	10.14	10.14
Fixation L	1	80	5396085198	5396193571	108373	873.97	383.70	73	2	-1	9.65	9.65
Fixation R	1	81	5396085198	5396193571	108373	873.97	383.70	73	2	-1	10.17	10.17
Fixation R	1	82	5396201955	5396393943	191988	952.76	393.11	23	9	-1	10.15	10.15
Fixation L	1	81	5396443944	5396585818	141874	147.81	438.58	54	40	-1	9.49	9.49
Fixation R	1	83	5396443944	5396585818	141874	147.81	438.58	54	40	-1	10.16	10.16
Fixation L	1	82	5396594190	5396786062	191872	98.64	455.95	39	15	-1	9.49	9.49
Fixation R	1	84	5396594190	5396786062	191872	98.64	455.95	39	15	-1	10.07	10.07
Fixation L	1	83	5396794438	5397178310	383872	223.35	445.43	50	16	-1	9.71	9.71
Fixation R	1	85	5396794438	5397178310	383872	223.35	445.43	50	16	-1	10.08	10.08
Fixation L	1	84	5397186681	5397462054	275373	318.79	446.87	75	24	-1	9.63	9.63
Fixation R	1	86	5397186681	5397462054	275373	318.79	446.87	75	24	-1	10.19	10.19
Fixation L	1	85	5397470304	5397704056	233752	296.86	454.74	84	3	-1	9.74	9.74
Fixation R	1	87	5397470304	5397704056	233752	296.86	454.74	84	3	-1	10.26	10.26
Fixation L	1	86	5397712299	5397971046	258747	472.15	457.58	35	6	-1	9.89	9.89
Fixation R	1	88	5397712299	5397971046	258747	472.15	457.58	35	6	-1	10.53	10.53
Fixation L	1	87	5397979424	5398221291	241867	617.10	458.79	87	8	-1	9.92	9.92
Fixation R	1	89	5397979424	5398221291	241867	617.10	458.79	87	8	-1	10.62	10.62
Fixation L	1	88	5398229671	5398897280	667609	743.93	448.50	78	15	-1	9.70	9.70
Fixation R	1	90	5398229671	5398897280	667609	743.93	448.50	78	15	-1	10.25	10.25
Fixation L	1	89	5398905663	5399122531	216868	873.59	445.44	63	11	-1	9.69	9.69
Fixation R	1	91	5398905663	5399122531	216868	873.59	445.44	63	11	-1	10.12	10.12
Fixation L	1	90	5399172652	5399848515	675863	87.82	517.75	57	33	-1	9.60	9.60
Fixation R	1	92	5399172652	5399848515	675863	87.82	517.75	57	33	-1	10.04	10.04
Fixation L	1	91	5399856899	5400073890	216991	206.13	503.68	29	16	-1	9.66	9.66
Fixation R	1	93	5399856899	5400073890	216991	206.13	503.68	29	16	-1	9.98	9.98
Fixation L	1	92	5400082142	5400432636	350494	308.92	510.40	60	14	-1	9.75	9.75
Fixation R	1	94	5400082142	5400432636	350494	308.92	510.40	60	14	-1	10.29	10.29
Fixation L	1	93	5400441011	5400624630	183619	401.47	508.99	85	6	-1	9.66	9.66
Fixation R	1	95	5400441011	5400624630	183619	401.47	508.99	85	6	-1	10.37	10.37
Fixation L	1	94	5400632882	5400774756	141874	476.93	506.37	21	4	-1	9.62	9.62
Fixation R	1	96	5400632882	5400774756	141874	476.93	506.37	21	4	-1	10.30	10.30
Fixation L	1	95	5400783129	5401058504	275375	604.79	509.50	81	17	-1	9.65	9.65
Fixation R	1	97	5400783129	5401058504	275375	604.79	509.50	81	17	-1	10.27	10.27
Fixation L	1	96	5401066874	5401167002	100128	672.05	496.65	33	17	-1	9.54	9.54
Fixation R	1	98	5401066874	5401167002	100128	672.05	496.65	33	17	-1	10.14	10.14
Fixation L	1	97	5401175374	5401383873	208499	736.77	496.78	55	11	-1	9.44	9.44
Fixation R	1	99	5401175374	5401383873	208499	736.77	496.78	55	11	-1	10.00	10.00
Fixation L	1	98	5401392245	5401784493	392248	867.47	501.44	87	12	-1	9.42	9.42
Fixation R	1	100	5401392245	5401784493	392248	867.47	501.44	87	12	-1	9.92	9.92
Fixation L	1	99	5401834494	5401926363	91869	155.36	568.03	61	38	-1	9.52	9.52
Fixation R	1	101	5401834494	5401926363	91869	155.36	568.03	61	38	-1	9.74	9.74
Fixation L	1	100	5401934616	5402151607	216991	129.82	580.27	42	7	-1	9.48	9.48
Fixation R	1	102	5401934616	5402151607	216991	129.82	580.27	42	7	-1	9.80	9.80
Fixation L	1	101	5402159989	5402376978	216989	305.60	564.47	50	20	-1	9.72	9.72
Fixation R	1	103	5402159989	5402376978	216989	305.60	564.47	50	20	-1	10.32	10.32
Fixation L	1	102	5402385231	5402485353	100122	381.38	568.32	18	4	-1	9.83	9.83
Fixation R	1	104	5402385231	5402485353	100122	381.38	568.32	18	4	-1	10.36	10.36
Fixation L	1	103	5402502102	5402869223	367121	595.84	565.30	78	20	-1	9.92	9.92
Fixation R	1	105	5402502102	5402869223	367121	595.84	565.30	78	20	-1	10.65	10.65
Fixation L	1	104	5402877597	5403077845	200248	708.85	563.44	9	7	-1	9.82	9.82
Fixation R	1	106	5402877597	5403077845	200248	708.85	563.44	9	7	-1	10.43	10.43
Fixation L	1	105	5403086221	5403378213	291992	848.49	562.34	46	9	-1	9.65	9.65
Fixation R	1	107	5403086221	5403378213	291992	848.49	562.34	46	9	-1	10.17	10.17
Fixation L	1	106	5403428336	5403695334	266998	125.30	633.12	73	25	-1	9.42	9.42
Fixation R	1	108	5403428336	5403695334	266998	125.30	633.12	73	25	-1	10.05	10.05
Fixation L	1	107	5403703708	5403837209	133501	76.88	652.28	7	8	-1	9.64	9.64
Fixation R	1	109	5403703708	5403837209	133501	76.88	652.28	7	8	-1	10.11	10.11
Fixation L	1	108	5403853956	5404162582	308626	247.34	622.10	23	31	-1	10.02	10.02
Fixation R	1	110	5403853956	5404162582	308626	247.34	622.10	23	31	-1	9.90	9.90
Fixation L	1	109	5404170955	5404404699	233744	389.55	624.85	16	12	-1	9.93	9.93
Fixation R	1	111	5404170955	5404404699	233744	389.55	624.85	16	12	-1	10.54	10.54
Fixation L	1	110	5404412954	5404863572	450618	485.04	633.83	43	10	-1	9.95	9.95
Fixation R	1	112	5404412954	5404863572	450618	485.04	633.83	43	10	-1	10.84	10.84
Fixation L	1	111	5404880318	5405113944	233626	673.13	631.39	27	12	-1	10.09	10.09
Fixation R	1	113	5404880318	5405113944	233626	673.13	631.39	27	12	-1	10.55	10.55
Fixation L	1	112	5405122313	5405280810	158497	741.08	631.15	26	6	-1	9.91	9.91
Fixation R	1	114	5405122313	5405280810	158497	741.08	631.15	26	6	-1	10.57	10.57
Fixation L	1	113	5405289186	5405589557	300371	857.87	629.28	24	8	-1	9.60	9.60
Fixation R	1	115	5405289186	5405915056	625870	875.75	630.80	83	13	-1	10.42	10.42
Fixation L	1	114	5405723058	5405915056	191998	919.95	634.61	73	8	-1	9.72	9.72
Fixation L	1	115	5405965055	5406090300	125245	108.38	712.96	58	41	-1	9.72	9.72
Fixation R	1	116	5405965055	5406090300	125245	108.38	712.96	58	41	-1	10.42	10.42
Fixation L	1	116	5406098547	5406215427	116880	96.69	715.02	46	6	-1	9.74	9.74
Fixation R	1	117	5406098547	5406215427	116880	96.69	715.02	46	6	-1	10.46	10.46
Fixation L	1	117	5406223795	5406574166	350371	218.43	694.33	34	32	-1	10.01	10.01
Fixation R	1	118	5406223795	5406574166	350371	218.43	694.33	34	32	-1	9.93	9.93
Fixation L	1	118	5406582540	5406841288	258748	315.22	687.12	52	20	-1	9.94	9.94
Fixation R	1	119	5406582540	5406841288	258748	315.22	687.12	52	20	-1	10.02	10.02
Fixation L	1	119	5406849535	5407175033	325498	452.83	686.56	20	8	-1	9.97	9.97
Fixation R	1	120	5406849535	5407175033	325498	452.83	686.56	20	8	-1	11.01	11.01
Fixation L	1	120	5407183408	5407383654	200246	617.09	691.17	30	16	-1	10.27	10.27
Fixation R	1	121	5407183408	5407383654	200246	617.09	691.17	30	16	-1	10.59	10.59
Fixation L	1	121	5407392033	5407659027	266994	737.60	686.63	72	20	-1	9.48	9.48
Fixation R	1	122	5407392033	5407659027	266994	737.60	686.63	72	20	-1	10.46	10.46
Fixation L	1	122	5407667404	5407909271	241867	862.52	693.13	24	6	-1	9.74	9.74
Fixation R	1	123	5407667404	5407909271	241867	862.52	693.13	24	6	-1	10.35	10.35

