[BeGaze]
Converted from:	C:\Program Files\SMI\Experiment Suite 360\Experiment Center 2\Results\Readability_First_01\P02-eye_data.idf
Date:	02.08.2013 11:27:25
Version:	BeGaze 3.2.28
Sample Rate:	120
Subject:	P02
Description:	Run2

Table Header for Fixations:
Event Type	Trial	Number	Start	End	Duration	Location X	Location Y	Dispersion X	Dispersion Y	Plane	Avg. Pupil Size X	Avg. Pupil Size Y


Fixation L	1	1	4856283257	4856483495	200238	170.27	65.56	75	22	-1	10.35	10.35
Fixation R	1	1	4856283257	4856483495	200238	170.27	65.56	75	22	-1	10.82	10.82
Fixation L	1	2	4856491876	4856692122	200246	96.71	70.23	14	29	-1	9.99	9.99
Fixation R	1	2	4856491876	4856692122	200246	96.71	70.23	14	29	-1	10.59	10.59
Fixation L	1	3	4856708868	4856900741	191873	281.69	55.31	28	24	-1	10.00	10.00
Fixation R	1	3	4856708868	4856900741	191873	281.69	55.31	28	24	-1	10.52	10.52
Fixation L	1	4	4856909113	4857201237	292124	373.49	25.68	35	28	-1	10.17	10.17
Fixation R	1	4	4856909113	4857201237	292124	373.49	25.68	35	28	-1	10.57	10.57
Fixation L	1	5	4857217863	4857368109	150246	562.70	24.68	31	38	-1	10.16	10.16
Fixation R	1	5	4857217863	4857368109	150246	562.70	24.68	31	38	-1	10.58	10.58
Fixation L	1	6	4857443238	4857626726	183488	634.90	27.68	54	22	-1	10.39	10.39
Fixation R	1	6	4857443238	4857626726	183488	634.90	27.68	54	22	-1	10.88	10.88
Fixation L	1	7	4857635102	4857860349	225247	571.85	33.42	39	12	-1	10.57	10.57
Fixation R	1	7	4857635102	4857860349	225247	571.85	33.42	39	12	-1	11.00	11.00
Fixation L	1	8	4857868728	4858519592	650864	678.84	30.05	53	38	-1	10.44	10.44
Fixation R	1	8	4857868728	4858519592	650864	678.84	30.05	53	38	-1	10.74	10.74
Fixation L	1	9	4858536342	4858744966	208624	470.68	48.02	42	6	-1	10.67	10.67
Fixation R	1	9	4858536342	4858744966	208624	470.68	48.02	42	6	-1	11.07	11.07
Fixation L	1	10	4858753211	4859011958	258747	650.04	38.36	61	14	-1	10.56	10.56
Fixation R	1	10	4858753211	4859011958	258747	650.04	38.36	61	14	-1	10.83	10.83
Fixation L	1	11	4859020338	4859362452	342114	812.51	36.85	41	18	-1	10.40	10.40
Fixation R	1	11	4859020338	4859362452	342114	812.51	36.85	41	18	-1	10.72	10.72
Fixation L	1	12	4859412450	4859612697	200247	149.61	104.46	79	19	-1	10.34	10.34
Fixation R	1	12	4859412450	4859612697	200247	149.61	104.46	79	19	-1	11.09	11.09
Fixation L	1	13	4859621079	4859779695	158616	105.64	111.98	34	11	-1	10.44	10.44
Fixation R	1	13	4859621079	4859779695	158616	105.64	111.98	34	11	-1	10.98	10.98
Fixation L	1	14	4859787944	4859929818	141874	222.82	99.84	16	37	-1	10.49	10.49
Fixation R	1	14	4859787944	4859929818	141874	222.82	99.84	16	37	-1	10.94	10.94
Fixation L	1	15	4859938191	4860280311	342120	346.95	85.56	75	17	-1	10.48	10.48
Fixation R	1	15	4859938191	4860280311	342120	346.95	85.56	75	17	-1	10.96	10.96
Fixation L	1	16	4860288687	4860455559	166872	466.27	89.35	33	13	-1	10.55	10.55
Fixation R	1	16	4860288687	4860455559	166872	466.27	89.35	33	13	-1	10.91	10.91
Fixation L	1	17	4860463934	4860680813	216879	574.53	84.93	13	13	-1	10.34	10.34
Fixation R	1	17	4860463934	4860680813	216879	574.53	84.93	13	13	-1	10.75	10.75
Fixation L	1	18	4860689183	4861131431	442248	701.41	80.85	83	16	-1	10.27	10.27
Fixation R	1	18	4860689183	4861131431	442248	701.41	80.85	83	16	-1	10.53	10.53
Fixation L	1	19	4861173175	4861657169	483994	814.31	85.13	73	24	-1	10.28	10.28
Fixation R	1	19	4861173175	4861657169	483994	814.31	85.13	73	24	-1	10.47	10.47
Fixation L	1	20	4861665540	4861907544	242004	931.86	86.32	76	15	-1	10.14	10.14
Fixation R	1	20	4861665540	4861907544	242004	931.86	86.32	76	15	-1	10.40	10.40
Fixation L	1	21	4861965914	4862182915	217001	133.11	156.75	33	32	-1	9.99	9.99
Fixation R	1	21	4861965914	4862182915	217001	133.11	156.75	33	32	-1	10.71	10.71
Fixation L	1	22	4862191165	4862566651	375486	205.72	159.11	34	6	-1	9.96	9.96
Fixation R	1	22	4862191165	4862566651	375486	205.72	159.11	34	6	-1	10.52	10.52
Fixation L	1	23	4862575027	4862750275	175248	343.21	158.03	60	3	-1	10.07	10.07
Fixation R	1	23	4862575027	4862750275	175248	343.21	158.03	60	3	-1	10.38	10.38
Fixation L	1	24	4862758652	4863017269	258617	443.40	146.46	82	12	-1	10.22	10.22
Fixation R	1	24	4862758652	4863017269	258617	443.40	146.46	82	12	-1	10.45	10.45
Fixation L	1	25	4863025645	4863109154	83509	521.48	150.88	16	12	-1	10.16	10.16
Fixation R	1	25	4863025645	4863109154	83509	521.48	150.88	16	12	-1	10.51	10.51
Fixation L	1	26	4863117396	4863484645	367249	649.31	120.18	35	59	-1	10.09	10.09
Fixation R	1	26	4863117396	4863484645	367249	649.31	120.18	35	59	-1	10.42	10.42
Fixation L	1	27	4863501266	4863743264	241998	814.73	117.07	32	43	-1	10.06	10.06
Fixation R	1	27	4863501266	4863743264	241998	814.73	117.07	32	43	-1	10.30	10.30
Fixation L	1	28	4863793387	4864077132	283745	112.74	217.35	29	37	-1	10.00	10.00
Fixation R	1	28	4863793387	4864077132	283745	112.74	217.35	29	37	-1	10.66	10.66
Fixation L	1	29	4864085385	4864319000	233615	306.19	152.16	34	33	-1	10.31	10.31
Fixation R	1	29	4864085385	4864319000	233615	306.19	152.16	34	33	-1	10.64	10.64
Fixation L	1	30	4864327376	4864486004	158628	194.98	151.48	41	7	-1	10.20	10.20
Fixation R	1	30	4864327376	4864486004	158628	194.98	151.48	41	7	-1	10.71	10.71
Fixation L	1	31	4864494249	4864794617	300368	91.66	174.10	46	29	-1	10.13	10.13
Fixation R	1	31	4864494249	4864794617	300368	91.66	174.10	46	29	-1	10.66	10.66
Fixation L	1	32	4864802993	4864986618	183625	206.24	204.39	9	34	-1	10.34	10.34
Fixation R	1	32	4864802993	4864986618	183625	206.24	204.39	9	34	-1	10.65	10.65
Fixation L	1	33	4864994991	4865253610	258619	300.23	205.29	33	18	-1	10.37	10.37
Fixation R	1	33	4864994991	4865253610	258619	300.23	205.29	33	18	-1	10.73	10.73
Fixation L	1	34	4865261989	4865453858	191869	400.52	194.63	27	14	-1	10.11	10.11
Fixation R	1	34	4865261989	4865453858	191869	400.52	194.63	27	14	-1	10.42	10.42
Fixation L	1	35	4865462239	4865737609	275370	550.44	195.93	31	7	-1	9.87	9.87
Fixation R	1	35	4865462239	4865737609	275370	550.44	195.93	31	7	-1	10.34	10.34
Fixation L	1	36	4865745981	4865854478	108497	687.57	191.66	18	3	-1	9.90	9.90
Fixation R	1	36	4865745981	4865854478	108497	687.57	191.66	18	3	-1	10.32	10.32
Fixation L	1	37	4865862856	4866046357	183501	772.67	194.22	79	12	-1	9.83	9.83
Fixation R	1	37	4865862856	4866046357	183501	772.67	194.22	79	12	-1	10.33	10.33
Fixation L	1	38	4866054724	4866204972	150248	858.88	195.05	59	6	-1	9.89	9.89
Fixation R	1	38	4866054724	4866204972	150248	858.88	195.05	59	6	-1	10.28	10.28
Fixation L	1	39	4866254973	4866421844	166871	163.37	281.18	61	30	-1	9.86	9.86
Fixation R	1	39	4866254973	4866421844	166871	163.37	281.18	61	30	-1	10.47	10.47
Fixation L	1	40	4866430222	4866597092	166870	109.63	290.05	38	14	-1	9.86	9.86
Fixation R	1	40	4866430222	4866597092	166870	109.63	290.05	38	14	-1	10.39	10.39
Fixation L	1	41	4866605465	4866905836	300371	278.32	275.94	20	25	-1	10.05	10.05
Fixation R	1	41	4866605465	4866905836	300371	278.32	275.94	20	25	-1	10.43	10.43
Fixation L	1	42	4866914219	4867097834	183615	396.36	270.98	29	10	-1	10.00	10.00
Fixation R	1	42	4866914219	4867097834	183615	396.36	270.98	29	10	-1	10.49	10.49
Fixation L	1	43	4867172834	4867264706	91872	515.20	259.93	52	46	-1	10.05	10.05
Fixation R	1	43	4867172834	4867264706	91872	515.20	259.93	52	46	-1	9.79	9.79
Fixation L	1	44	4867306461	4867439960	133499	704.80	279.88	23	11	-1	10.29	10.29
Fixation R	1	44	4867306461	4867439960	133499	704.80	279.88	23	11	-1	10.75	10.75
Fixation L	1	45	4867448204	4867673577	225373	813.65	269.47	85	7	-1	10.21	10.21
Fixation R	1	45	4867448204	4867673577	225373	813.65	269.47	85	7	-1	10.73	10.73
Fixation L	1	46	4867681950	4867807074	125124	918.81	263.41	43	7	-1	10.16	10.16
Fixation R	1	46	4867681950	4867807074	125124	918.81	263.41	43	7	-1	10.50	10.50
Fixation L	1	47	4867857198	4868099193	241995	126.43	326.58	53	45	-1	10.18	10.18
Fixation R	1	47	4867857198	4868099193	241995	126.43	326.58	53	45	-1	10.73	10.73
Fixation L	1	48	4868107444	4868199324	91880	110.93	356.58	2	11	-1	10.35	10.35
Fixation R	1	48	4868107444	4868199324	91880	110.93	356.58	2	11	-1	10.77	10.77
Fixation L	1	49	4868207573	4868332818	125245	238.11	342.93	77	22	-1	10.55	10.55
Fixation R	1	49	4868207573	4868332818	125245	238.11	342.93	77	22	-1	10.90	10.90
Fixation L	1	50	4868341083	4868533062	191979	230.93	336.69	32	6	-1	10.40	10.40
Fixation R	1	50	4868341083	4868533062	191979	230.93	336.69	32	6	-1	10.80	10.80
Fixation L	1	51	4868541442	4868850182	308740	389.31	341.58	15	11	-1	10.53	10.53
Fixation R	1	51	4868541442	4868850182	308740	389.31	341.58	15	11	-1	11.01	11.01
Fixation L	1	52	4868858434	4869033678	175244	511.74	336.25	74	10	-1	10.51	10.51
Fixation R	1	52	4868858434	4869033678	175244	511.74	336.25	74	10	-1	11.03	11.03
Fixation L	1	53	4869042137	4869542803	500666	558.52	339.40	77	12	-1	10.31	10.31
Fixation R	1	53	4869042137	4869542803	500666	558.52	339.40	77	12	-1	10.84	10.84
Fixation L	1	54	4869551046	4869759667	208621	658.56	332.05	69	16	-1	10.10	10.10
Fixation R	1	54	4869551046	4869759667	208621	658.56	332.05	69	16	-1	10.54	10.54
Fixation L	1	55	4869768047	4869859794	91747	762.90	321.60	52	7	-1	10.15	10.15
Fixation R	1	55	4869768047	4869859794	91747	762.90	321.60	52	7	-1	10.47	10.47
Fixation L	1	56	4870068420	4870151914	83494	542.24	293.47	67	22	-1	10.47	10.47
Fixation R	1	56	4870068420	4870151914	83494	542.24	293.47	67	22	-1	10.17	10.17
Fixation L	1	57	4870160292	4870285412	125120	583.80	322.19	33	21	-1	10.61	10.61
Fixation R	1	57	4870160292	4870285412	125120	583.80	322.19	33	21	-1	11.09	11.09
Fixation L	1	58	4870293791	4870736032	442241	395.77	322.52	76	21	-1	10.47	10.47
Fixation R	1	58	4870293791	4870736032	442241	395.77	322.52	76	21	-1	10.97	10.97
Fixation L	1	59	4870744409	4870894532	150123	346.17	333.71	72	13	-1	10.26	10.26
Fixation R	1	59	4870744409	4870894532	150123	346.17	333.71	72	13	-1	10.83	10.83
Fixation L	1	60	4870902903	4871086529	183626	492.31	325.18	67	13	-1	10.43	10.43
Fixation R	1	60	4870902903	4871086529	183626	492.31	325.18	67	13	-1	10.82	10.82
Fixation L	1	61	4871094779	4871428643	333864	561.44	335.38	24	14	-1	10.49	10.49
Fixation R	1	61	4871094779	4871428643	333864	561.44	335.38	24	14	-1	10.82	10.82
Fixation L	1	62	4871545397	4871745645	200248	541.35	325.03	45	36	-1	10.40	10.40
Fixation R	1	62	4871545397	4871745645	200248	541.35	325.03	45	36	-1	10.82	10.82
Fixation L	1	63	4871754013	4871920886	166873	691.49	335.21	62	9	-1	10.61	10.61
Fixation R	1	63	4871754013	4871920886	166873	691.49	335.21	62	9	-1	10.98	10.98
Fixation L	1	64	4871929260	4872279755	350495	810.24	340.57	80	10	-1	10.25	10.25
Fixation R	1	64	4871929260	4872279755	350495	810.24	340.57	80	10	-1	10.69	10.69
Fixation R	1	65	4872329754	4872638503	308749	134.28	435.56	22	16	-1	10.84	10.84
Fixation L	1	65	4872354880	4872538380	183500	135.76	436.88	10	12	-1	9.71	9.71
Fixation L	1	66	4872555126	4872638503	83377	131.93	435.15	10	3	-1	10.28	10.28
Fixation R	1	66	4872646881	4872855509	208628	318.11	407.03	51	32	-1	11.03	11.03
Fixation R	1	67	4872872246	4872972368	100122	291.76	405.12	36	5	-1	9.30	9.30
Fixation L	1	67	4872880502	4872972368	91866	290.42	405.43	36	4	-1	9.65	9.65
Fixation L	1	68	4872980751	4873155872	175121	438.14	390.94	18	9	-1	10.56	10.56
Fixation R	1	68	4872980751	4873155872	175121	438.14	390.94	18	9	-1	10.99	10.99
Fixation L	1	69	4873164244	4873389615	225371	600.31	405.02	66	17	-1	10.58	10.58
Fixation R	1	69	4873164244	4873389615	225371	600.31	405.02	66	17	-1	11.13	11.13
Fixation L	1	70	4873548110	4873831858	283748	826.27	401.41	22	12	-1	10.47	10.47
Fixation R	1	70	4873548110	4873831858	283748	826.27	401.41	22	12	-1	10.86	10.86
Fixation L	1	71	4873881858	4874065482	183624	162.83	458.68	80	18	-1	10.35	10.35
Fixation R	1	71	4873956987	4874107236	150249	140.91	462.81	67	16	-1	8.75	8.75
Fixation L	1	72	4874207356	4874382603	175247	245.60	462.33	17	15	-1	10.71	10.71
Fixation R	1	72	4874207356	4874382603	175247	245.60	462.33	17	15	-1	11.18	11.18
Fixation L	1	73	4874390973	4874582850	191877	368.62	458.26	48	5	-1	10.70	10.70
Fixation R	1	73	4874390973	4874582850	191877	368.62	458.26	48	5	-1	11.26	11.26
Fixation L	1	74	4874591219	4874991719	400500	487.40	464.68	69	18	-1	10.73	10.73
Fixation R	1	74	4874591219	4874991719	400500	487.40	464.68	69	18	-1	11.25	11.25
Fixation L	1	75	4875000088	4875200339	200251	585.95	464.24	19	9	-1	10.60	10.60
Fixation R	1	75	4875000088	4875200339	200251	585.95	464.24	19	9	-1	11.14	11.14
Fixation L	1	76	4875208714	4875450716	242002	738.72	456.70	23	17	-1	10.66	10.66
Fixation R	1	76	4875208714	4875450716	242002	738.72	456.70	23	17	-1	11.06	11.06
Fixation L	1	77	4875458959	4875734329	275370	862.57	457.28	26	4	-1	10.41	10.41
Fixation R	1	77	4875458959	4875734329	275370	862.57	457.28	26	4	-1	11.24	11.24
Fixation R	1	78	4875776081	4875942955	166874	220.87	511.06	26	35	-1	11.62	11.62
Fixation R	1	79	4875951324	4876109947	158623	119.04	541.09	38	25	-1	11.36	11.36
Fixation R	1	80	4876184950	4876293451	108501	301.13	516.73	31	9	-1	11.22	11.22
Fixation R	1	81	4876301820	4876502067	200247	437.20	525.58	35	12	-1	11.52	11.52
Fixation R	1	82	4876652316	4876769068	116752	724.15	513.02	87	11	-1	11.32	11.32
Fixation L	1	78	4876752437	4877011061	258624	696.91	517.01	66	21	-1	10.81	10.81
Fixation R	1	83	4876777440	4877011061	233621	693.18	518.05	66	21	-1	11.31	11.31
Fixation L	1	79	4877019440	4877136185	116745	817.16	525.16	38	5	-1	10.83	10.83
Fixation R	1	84	4877019440	4877136185	116745	817.16	525.16	38	5	-1	11.13	11.13
Fixation L	1	80	4877253058	4877436680	183622	199.00	586.79	73	23	-1	10.55	10.55
Fixation R	1	85	4877253058	4877436680	183622	199.00	586.79	73	23	-1	11.24	11.24
Fixation L	1	81	4877445055	4877720428	275373	103.90	598.03	63	13	-1	10.68	10.68
Fixation R	1	86	4877445055	4877720428	275373	103.90	598.03	63	13	-1	11.06	11.06
Fixation L	1	82	4877728675	4877929049	200374	296.59	577.05	25	16	-1	10.84	10.84
Fixation R	1	87	4877728675	4877929049	200374	296.59	577.05	25	16	-1	11.13	11.13
Fixation L	1	83	4877937296	4878062544	125248	438.02	578.09	13	8	-1	10.88	10.88
Fixation R	1	88	4877937296	4878062544	125248	438.02	578.09	13	8	-1	11.52	11.52
Fixation L	1	84	4878204419	4878321167	116748	480.48	555.37	70	3	-1	10.64	10.64
Fixation R	1	89	4878204419	4878321167	116748	480.48	555.37	70	3	-1	11.26	11.26
Fixation L	1	85	4878329542	4878521413	191871	595.62	571.22	21	18	-1	10.98	10.98
Fixation R	1	90	4878329542	4878521413	191871	595.62	571.22	21	18	-1	11.51	11.51
Fixation L	1	86	4878529790	4878846912	317122	761.31	574.78	77	11	-1	10.78	10.78
Fixation R	1	91	4878529790	4878846912	317122	761.31	574.78	77	11	-1	11.41	11.41
Fixation L	1	87	4878855284	4879063904	208620	899.81	581.75	31	11	-1	10.66	10.66
Fixation R	1	92	4878855284	4879063904	208620	899.81	581.75	31	11	-1	11.18	11.18
Fixation L	1	88	4879113905	4879330902	216997	172.76	638.37	50	38	-1	10.69	10.69
Fixation R	1	93	4879113905	4879330902	216997	172.76	638.37	50	38	-1	11.25	11.25
Fixation L	1	89	4879339277	4879739769	400492	318.34	642.30	75	12	-1	11.00	11.00
Fixation R	1	94	4879339277	4879739769	400492	318.34	642.30	75	12	-1	11.37	11.37
Fixation L	1	90	4879756396	4880098519	342123	516.88	650.48	67	8	-1	10.88	10.88
Fixation R	1	95	4879756396	4880098519	342123	516.88	650.48	67	8	-1	11.46	11.46
Fixation L	1	91	4880106892	4880348891	241999	633.19	642.09	22	13	-1	10.88	10.88
Fixation R	1	96	4880106892	4880348891	241999	633.19	642.09	22	13	-1	11.48	11.48
Fixation L	1	92	4880357260	4880707756	350496	766.26	632.63	62	25	-1	10.60	10.60
Fixation R	1	97	4880357260	4880707756	350496	766.26	632.63	62	25	-1	11.22	11.22
Fixation L	1	93	4880749508	4880966374	216866	181.54	703.86	43	30	-1	10.57	10.57
Fixation R	1	98	4880749508	4880966374	216866	181.54	703.86	43	30	-1	11.18	11.18
Fixation L	1	94	4880974753	4881133247	158494	118.82	719.89	70	21	-1	10.56	10.56
Fixation R	1	99	4880974753	4881133247	158494	118.82	719.89	70	21	-1	11.20	11.20
Fixation L	1	95	4881141621	4881375245	233624	312.06	705.02	50	18	-1	10.97	10.97
Fixation R	1	100	4881141621	4881375245	233624	312.06	705.02	50	18	-1	11.48	11.48
Fixation L	1	96	4881383620	4881558869	175249	390.98	708.60	22	5	-1	11.05	11.05
Fixation R	1	101	4881383620	4881558869	175249	390.98	708.60	22	5	-1	11.78	11.78
Fixation L	1	97	4881567241	4881742491	175250	580.30	709.15	42	4	-1	10.99	10.99
Fixation R	1	102	4881567241	4881742491	175250	580.30	709.15	42	4	-1	11.79	11.79
Fixation L	1	98	4881750743	4881951114	200371	672.36	706.97	91	7	-1	10.86	10.86
Fixation R	1	103	4881750743	4881951114	200371	672.36	706.97	91	7	-1	11.44	11.44
Fixation L	1	99	4881959358	4882084606	125248	745.46	704.46	49	5	-1	10.69	10.69
Fixation R	1	104	4881959358	4882084606	125248	745.46	704.46	49	5	-1	11.32	11.32
Fixation L	1	100	4882092857	4882585224	492367	844.66	703.70	68	8	-1	10.62	10.62
Fixation R	1	105	4882092857	4882585224	492367	844.66	703.70	68	8	-1	11.29	11.29
Fixation L	1	101	4882601979	4882793847	191868	580.13	669.70	47	24	-1	10.82	10.82
Fixation R	1	106	4882601979	4882793847	191868	580.13	669.70	47	24	-1	11.55	11.55
Fixation L	1	102	4882810599	4883102595	291996	367.27	709.89	32	65	-1	11.01	11.01
Fixation R	1	107	4882810599	4883102595	291996	367.27	709.89	32	65	-1	11.98	11.98
Fixation L	1	103	4883494838	4883628359	133521	244.92	66.37	9	16	-1	11.12	11.12
Fixation R	1	108	4883494838	4883628359	133521	244.92	66.37	9	16	-1	11.77	11.77

