[BeGaze]
Converted from:	C:\Program Files\SMI\Experiment Suite 360\Experiment Center 2\Results\Readability_First_01\P02-eye_data.idf
Date:	02.08.2013 11:27:28
Version:	BeGaze 3.2.28
Sample Rate:	120
Subject:	P02
Description:	Run2

Table Header for Fixations:
Event Type	Trial	Number	Start	End	Duration	Location X	Location Y	Dispersion X	Dispersion Y	Plane	Avg. Pupil Size X	Avg. Pupil Size Y


Fixation L	1	1	6652054220	6652287797	233577	173.42	28.11	79	15	-1	9.61	9.61
Fixation R	1	1	6652054220	6652287797	233577	173.42	28.11	79	15	-1	9.99	9.99
Fixation L	1	2	6652296165	6652563163	266998	114.45	60.99	27	23	-1	9.60	9.60
Fixation R	1	2	6652296165	6652563163	266998	114.45	60.99	27	23	-1	9.97	9.97
Fixation L	1	3	6652571535	6652788536	217001	220.94	50.95	11	12	-1	9.51	9.51
Fixation R	1	3	6652571535	6652788536	217001	220.94	50.95	11	12	-1	9.71	9.71
Fixation L	1	4	6652796908	6652947031	150123	330.94	36.16	20	13	-1	9.48	9.48
Fixation R	1	4	6652796908	6652947031	150123	330.94	36.16	20	13	-1	9.74	9.74
Fixation L	1	5	6653055525	6653172402	116877	300.44	42.43	41	14	-1	9.60	9.60
Fixation R	1	5	6653055525	6653172402	116877	300.44	42.43	41	14	-1	9.95	9.95
Fixation L	1	6	6653189031	6653539529	350498	498.20	46.70	77	20	-1	9.90	9.90
Fixation R	1	6	6653189031	6653539529	350498	498.20	46.70	77	20	-1	10.07	10.07
Fixation L	1	7	6653547896	6653756518	208622	590.03	31.37	78	16	-1	9.62	9.62
Fixation R	1	7	6653547896	6653756518	208622	590.03	31.37	78	16	-1	9.90	9.90
Fixation L	1	8	6653764770	6654056886	292116	653.73	30.33	12	3	-1	9.54	9.54
Fixation R	1	8	6653764770	6654056886	292116	653.73	30.33	12	3	-1	9.84	9.84
Fixation L	1	9	6654065266	6654365636	300370	807.31	25.95	88	11	-1	9.55	9.55
Fixation R	1	9	6654065266	6654365636	300370	807.31	25.95	88	11	-1	9.74	9.74
Fixation L	1	10	6654373882	6654757753	383871	878.31	28.68	23	19	-1	9.64	9.64
Fixation R	1	10	6654373882	6654757753	383871	878.31	28.68	23	19	-1	9.82	9.82
Fixation L	1	11	6654807878	6654983123	175245	125.69	80.76	58	34	-1	9.62	9.62
Fixation R	1	11	6654807878	6654983123	175245	125.69	80.76	58	34	-1	10.09	10.09
Fixation L	1	12	6654991505	6655116626	125121	90.29	87.49	27	9	-1	9.74	9.74
Fixation R	1	12	6654991505	6655116626	125121	90.29	87.49	27	9	-1	10.21	10.21
Fixation L	1	13	6655124995	6655425367	300372	244.33	77.05	30	24	-1	9.93	9.93
Fixation R	1	13	6655124995	6655425367	300372	244.33	77.05	30	24	-1	10.18	10.18
Fixation L	1	14	6655433741	6655592247	158506	335.11	67.83	33	8	-1	9.90	9.90
Fixation R	1	14	6655433741	6655592247	158506	335.11	67.83	33	8	-1	10.15	10.15
Fixation L	1	15	6655667368	6656042863	375495	482.29	90.62	52	28	-1	10.04	10.04
Fixation R	1	15	6655667368	6656042863	375495	482.29	90.62	52	28	-1	10.22	10.22
Fixation L	1	16	6656142985	6656401727	258742	597.85	79.72	86	11	-1	10.10	10.10
Fixation R	1	16	6656142985	6656401727	258742	597.85	79.72	86	11	-1	10.23	10.23
Fixation L	1	17	6656418359	6656685351	266992	755.94	67.83	13	12	-1	10.12	10.12
Fixation R	1	17	6656418359	6656685351	266992	755.94	67.83	13	12	-1	10.30	10.30
Fixation L	1	18	6656693727	6657044223	350496	848.79	73.70	24	7	-1	9.98	9.98
Fixation R	1	18	6656693727	6657044223	350496	848.79	73.70	24	7	-1	10.06	10.06
Fixation L	1	19	6657052592	6657294592	242000	965.19	89.14	62	24	-1	9.99	9.99
Fixation R	1	19	6657052592	6657294592	242000	965.19	89.14	62	24	-1	10.22	10.22
Fixation L	1	20	6657361341	6657636709	275368	106.89	131.92	41	44	-1	9.96	9.96
Fixation R	1	20	6657361341	6657636709	275368	106.89	131.92	41	44	-1	10.46	10.46
Fixation L	1	21	6657653333	6657795211	141878	401.04	13.18	84	14	-1	10.23	10.23
Fixation R	1	21	6657653333	6657795211	141878	401.04	13.18	84	14	-1	10.49	10.49
Fixation L	1	22	6657803584	6658103950	300366	374.13	6.75	77	20	-1	10.17	10.17
Fixation R	1	22	6657803584	6658103950	300366	374.13	6.75	77	20	-1	10.36	10.36
Fixation L	1	23	6658120706	6658404322	283616	603.74	10.55	76	15	-1	10.06	10.06
Fixation R	1	23	6658120706	6658404322	283616	603.74	10.55	76	15	-1	10.11	10.11
Fixation L	1	24	6658412700	6658646325	233625	656.01	-6.14	15	23	-1	10.08	10.08
Fixation R	1	24	6658412700	6658646325	233625	656.01	-6.14	15	23	-1	10.24	10.24
Fixation L	1	25	6658663069	6659046942	383873	873.95	26.07	27	55	-1	10.00	10.00
Fixation R	1	25	6658663069	6659046942	383873	873.95	26.07	27	55	-1	10.16	10.16
Fixation L	1	26	6659055188	6659238810	183622	965.78	82.92	68	28	-1	10.01	10.01
Fixation R	1	26	6659055188	6659238810	183622	965.78	82.92	68	28	-1	10.22	10.22
Fixation L	1	27	6659297189	6659597684	300495	153.68	143.84	40	20	-1	10.00	10.00
Fixation R	1	27	6659297189	6659597684	300495	153.68	143.84	40	20	-1	10.61	10.61
Fixation L	1	28	6659605931	6659831300	225369	291.48	128.76	21	24	-1	10.06	10.06
Fixation R	1	28	6659605931	6659831300	225369	291.48	128.76	21	24	-1	10.26	10.26
Fixation L	1	29	6659839675	6660064924	225249	443.57	126.37	69	14	-1	9.95	9.95
Fixation R	1	29	6659839675	6660064924	225249	443.57	126.37	69	14	-1	10.19	10.19
Fixation L	1	30	6660081676	6660390417	308741	616.74	122.43	40	28	-1	9.77	9.77
Fixation R	1	30	6660081676	6660390417	308741	616.74	122.43	40	28	-1	9.99	9.99
Fixation L	1	31	6660398673	6660582288	183615	764.42	126.06	47	19	-1	9.61	9.61
Fixation R	1	31	6660398673	6660582288	183615	764.42	126.06	47	19	-1	9.97	9.97
Fixation L	1	32	6660624042	6660790911	166869	135.75	183.87	56	27	-1	8.61	8.61
Fixation R	1	32	6660624042	6660790911	166869	135.75	183.87	56	27	-1	10.07	10.07
Fixation R	1	33	6660799291	6660891036	91745	97.58	208.98	28	34	-1	10.05	10.05
Fixation L	1	33	6660999538	6661550281	550743	272.74	203.58	38	55	-1	9.84	9.84
Fixation R	1	34	6660999538	6661550281	550743	272.74	203.58	38	55	-1	10.16	10.16
Fixation L	1	34	6661558650	6661692146	133496	324.01	194.76	73	9	-1	9.74	9.74
Fixation R	1	35	6661558650	6661692146	133496	324.01	194.76	73	9	-1	10.14	10.14
Fixation R	1	36	6661700529	6661842269	141740	414.32	180.70	29	31	-1	10.11	10.11
Fixation R	1	37	6662076021	6662167768	91747	523.85	160.51	45	52	-1	10.06	10.06
Fixation L	1	35	6662201143	6662451514	250371	648.24	192.96	55	11	-1	10.06	10.06
Fixation R	1	38	6662201143	6662451514	250371	648.24	192.96	55	11	-1	10.34	10.34
Fixation L	1	36	6662459762	6662810255	350493	806.60	184.03	66	30	-1	9.93	9.93
Fixation R	1	39	6662459762	6662810255	350493	806.60	184.03	66	30	-1	10.42	10.42
Fixation L	1	37	6662818632	6662943760	125128	769.88	163.26	7	11	-1	10.00	10.00
Fixation R	1	40	6662818632	6662943760	125128	769.88	163.26	7	11	-1	10.50	10.50
Fixation L	1	38	6662952132	6663160752	208620	886.41	171.91	46	38	-1	10.04	10.04
Fixation R	1	41	6662952132	6663160752	208620	886.41	171.91	46	38	-1	10.38	10.38
Fixation L	1	39	6663219123	6663477871	258748	120.80	238.37	60	38	-1	10.07	10.07
Fixation R	1	42	6663219123	6663477871	258748	120.80	238.37	60	38	-1	10.47	10.47
Fixation L	1	40	6663553000	6663736495	183495	218.74	233.55	76	17	-1	10.02	10.02
Fixation R	1	43	6663553000	6663736495	183495	218.74	233.55	76	17	-1	10.34	10.34
Fixation L	1	41	6663753246	6664078616	325370	370.22	235.49	28	13	-1	9.84	9.84
Fixation R	1	44	6663753246	6664078616	325370	370.22	235.49	28	13	-1	10.31	10.31
Fixation L	1	42	6664086989	6664337361	250372	550.11	231.42	67	32	-1	9.69	9.69
Fixation R	1	45	6664086989	6664337361	250372	550.11	231.42	67	32	-1	10.13	10.13
Fixation L	1	43	6664412483	6664821352	408869	689.93	243.18	25	30	-1	9.70	9.70
Fixation R	1	46	6664412483	6664821352	408869	689.93	243.18	25	30	-1	10.09	10.09
Fixation L	1	44	6664829604	6665263595	433991	809.63	254.04	44	30	-1	9.64	9.64
Fixation R	1	47	6664829604	6665263595	433991	809.63	254.04	44	30	-1	10.07	10.07
Fixation R	1	48	6665271972	6665505595	233623	915.68	258.54	89	9	-1	10.07	10.07
Fixation L	1	45	6665447217	6665572340	125123	963.25	254.43	58	6	-1	9.63	9.63
Fixation L	1	46	6665639091	6665755969	116878	97.30	317.13	16	15	-1	9.07	9.07
Fixation R	1	49	6665639091	6665914458	275367	95.78	320.47	31	21	-1	10.10	10.10
Fixation L	1	47	6665922833	6666047955	125122	186.26	323.41	37	6	-1	9.84	9.84
Fixation R	1	50	6665922833	6666047955	125122	186.26	323.41	37	6	-1	10.10	10.10
Fixation L	1	48	6666173083	6666314955	141872	223.16	312.34	76	20	-1	9.77	9.77
Fixation R	1	51	6666173083	6666314955	141872	223.16	312.34	76	20	-1	9.93	9.93
Fixation L	1	49	6666323329	6666423452	100123	269.17	305.44	15	7	-1	9.69	9.69
Fixation R	1	52	6666323329	6666423452	100123	269.17	305.44	15	7	-1	9.97	9.97
Fixation L	1	50	6666431830	6666556957	125127	432.89	308.12	84	14	-1	9.98	9.98
Fixation R	1	53	6666431830	6666556957	125127	432.89	308.12	84	14	-1	10.15	10.15
Fixation L	1	51	6666565326	6666707202	141876	391.99	290.90	88	10	-1	9.80	9.80
Fixation R	1	54	6666565326	6666707202	141876	391.99	290.90	88	10	-1	10.01	10.01
Fixation L	1	52	6666732198	6667065943	333745	226.85	306.05	44	17	-1	9.64	9.64
Fixation R	1	55	6666732198	6667065943	333745	226.85	306.05	44	17	-1	9.92	9.92
Fixation L	1	53	6667074319	6667391437	317118	302.54	307.38	53	20	-1	9.74	9.74
Fixation R	1	56	6667074319	6667391437	317118	302.54	307.38	53	20	-1	10.00	10.00
Fixation L	1	54	6667399814	6667600059	200245	406.75	305.96	51	17	-1	9.75	9.75
Fixation R	1	57	6667399814	6667600059	200245	406.75	305.96	51	17	-1	10.05	10.05
Fixation L	1	55	6667616685	6667917180	300495	212.19	321.21	67	20	-1	9.57	9.57
Fixation R	1	58	6667616685	6667917180	300495	212.19	321.21	67	20	-1	9.98	9.98
Fixation L	1	56	6667925431	6668184176	258745	296.75	306.77	32	25	-1	9.79	9.79
Fixation R	1	59	6667925431	6668184176	258745	296.75	306.77	32	25	-1	10.02	10.02
Fixation L	1	57	6668359426	6668568044	208618	247.06	307.57	64	21	-1	9.81	9.81
Fixation R	1	60	6668359426	6668568044	208618	247.06	307.57	64	21	-1	10.18	10.18
Fixation L	1	58	6668668169	6668960168	291999	528.08	299.70	73	13	-1	9.79	9.79
Fixation R	1	61	6668668169	6668960168	291999	528.08	299.70	73	13	-1	10.08	10.08
Fixation L	1	59	6669060291	6669285665	225374	687.17	307.17	70	25	-1	9.39	9.39
Fixation R	1	62	6669060291	6669285665	225374	687.17	307.17	70	25	-1	9.86	9.86
Fixation L	1	60	6669352409	6669485909	133500	797.03	295.81	89	8	-1	9.37	9.37
Fixation R	1	63	6669352409	6669485909	133500	797.03	295.81	89	8	-1	9.59	9.59
Fixation L	1	61	6669494281	6669577652	83371	801.05	315.12	20	19	-1	9.36	9.36
Fixation R	1	64	6669494281	6669577652	83371	801.05	315.12	20	19	-1	9.61	9.61
Fixation L	1	62	6669586031	6669953147	367116	933.41	313.32	73	17	-1	9.19	9.19
Fixation R	1	65	6669586031	6669953147	367116	933.41	313.32	73	17	-1	9.41	9.41
Fixation R	1	66	6670003271	6670178518	175247	122.42	383.63	62	34	-1	9.73	9.73
Fixation R	1	67	6670186898	6670328766	141868	100.69	378.49	26	19	-1	9.74	9.74
Fixation L	1	63	6670345395	6670812639	467244	307.37	377.49	31	30	-1	9.75	9.75
Fixation R	1	68	6670345395	6670812639	467244	307.37	377.49	31	30	-1	9.76	9.76
Fixation L	1	64	6670821011	6671004631	183620	383.13	381.35	18	13	-1	9.83	9.83
Fixation R	1	69	6670821011	6671004631	183620	383.13	381.35	18	13	-1	10.03	10.03
Fixation L	1	65	6671013011	6671188255	175244	565.97	373.01	88	9	-1	9.94	9.94
Fixation R	1	70	6671013011	6671188255	175244	565.97	373.01	88	9	-1	10.22	10.22
Fixation L	1	66	6671196503	6671421876	225373	574.96	368.47	74	8	-1	9.90	9.90
Fixation R	1	71	6671196503	6671421876	225373	574.96	368.47	74	8	-1	10.24	10.24
Fixation L	1	67	6671430124	6671563751	133627	783.19	381.49	62	37	-1	9.78	9.78
Fixation R	1	72	6671430124	6671563751	133627	783.19	381.49	62	37	-1	10.00	10.00
Fixation L	1	68	6671571998	6671655496	83498	779.18	408.56	8	5	-1	8.82	8.82
Fixation R	1	73	6671571998	6671839126	267128	776.50	401.33	13	18	-1	10.08	10.08
Fixation L	1	69	6671847367	6671939244	91877	946.51	396.49	77	20	-1	9.85	9.85
Fixation R	1	74	6671847367	6671939244	91877	946.51	396.49	77	20	-1	10.04	10.04
Fixation L	1	70	6671947491	6672081115	133624	980.60	366.50	31	25	-1	9.82	9.82
Fixation R	1	75	6671947491	6672081115	133624	980.60	366.50	31	25	-1	9.99	9.99
Fixation L	1	71	6672147864	6672448234	300370	100.83	447.16	65	34	-1	9.63	9.63
Fixation R	1	76	6672147864	6672448234	300370	100.83	447.16	65	34	-1	10.05	10.05
Fixation L	1	72	6672473232	6672656855	183623	216.59	437.14	20	28	-1	9.80	9.80
Fixation R	1	77	6672473232	6672656855	183623	216.59	437.14	20	28	-1	9.99	9.99
Fixation L	1	73	6672665238	6672898856	233618	342.00	444.09	78	13	-1	9.87	9.87
Fixation R	1	78	6672665238	6672765361	100123	339.29	443.66	67	9	-1	9.32	9.32
Fixation L	1	74	6672907229	6673132475	225246	515.02	443.24	78	14	-1	9.78	9.78
Fixation R	1	79	6672907229	6673132475	225246	515.02	443.24	78	14	-1	10.19	10.19
Fixation L	1	75	6673149227	6673457968	308741	243.29	441.45	81	14	-1	9.59	9.59
Fixation R	1	80	6673149227	6673457968	308741	243.29	441.45	81	14	-1	9.83	9.83
Fixation L	1	76	6673466225	6673624841	158616	347.26	440.25	36	17	-1	9.57	9.57
Fixation L	1	77	6673649840	6673925214	275374	676.56	444.79	60	23	-1	9.85	9.85
Fixation L	1	78	6673933585	6674142211	208626	800.14	442.41	72	14	-1	9.70	9.70
Fixation R	1	81	6673933585	6674142211	208626	800.14	442.41	72	14	-1	10.00	10.00
Fixation L	1	79	6674150458	6674359081	208623	872.07	442.85	30	5	-1	9.53	9.53
Fixation R	1	82	6674150458	6674359081	208623	872.07	442.85	30	5	-1	9.95	9.95
Fixation L	1	80	6674409204	6674642830	233626	107.66	497.48	68	30	-1	9.50	9.50
Fixation R	1	83	6674409204	6674642830	233626	107.66	497.48	68	30	-1	9.88	9.88
Fixation L	1	81	6674651203	6674767955	116752	68.53	504.35	63	4	-1	9.72	9.72
Fixation R	1	84	6674651203	6674767955	116752	68.53	504.35	63	4	-1	9.79	9.79
Fixation L	1	82	6674776326	6675001700	225374	210.23	496.12	75	13	-1	9.79	9.79
Fixation R	1	85	6674776326	6675001700	225374	210.23	496.12	75	13	-1	10.09	10.09
Fixation L	1	83	6675009945	6675176942	166997	298.69	497.96	22	12	-1	9.79	9.79
Fixation R	1	86	6675009945	6675176942	166997	298.69	497.96	22	12	-1	10.22	10.22
Fixation L	1	84	6675185191	6675452314	267123	176.60	507.20	23	5	-1	9.61	9.61
Fixation R	1	87	6675185191	6675452314	267123	176.60	507.20	23	5	-1	9.90	9.90
Fixation L	1	85	6675460564	6675719314	258750	294.82	503.42	88	10	-1	9.74	9.74
Fixation R	1	88	6675460564	6675719314	258750	294.82	503.42	88	10	-1	10.13	10.13
Fixation L	1	86	6675727683	6676078055	350372	401.38	505.84	82	7	-1	9.81	9.81
Fixation R	1	89	6675727683	6676078055	350372	401.38	505.84	82	7	-1	10.30	10.30
Fixation L	1	87	6676086430	6676386797	300367	539.20	509.55	82	8	-1	9.37	9.37
Fixation R	1	90	6676086430	6676386797	300367	539.20	509.55	82	8	-1	10.33	10.33
Fixation L	1	88	6676403551	6676603801	200250	741.45	498.75	42	22	-1	9.59	9.59
Fixation R	1	91	6676403551	6676603801	200250	741.45	498.75	42	22	-1	10.15	10.15
Fixation L	1	89	6676612173	6676845794	233621	844.37	494.58	26	9	-1	9.56	9.56
Fixation R	1	92	6676612173	6676845794	233621	844.37	494.58	26	9	-1	9.67	9.67
Fixation L	1	90	6676854170	6677271417	417247	715.89	496.37	44	10	-1	9.73	9.73
Fixation R	1	93	6676854170	6677271417	417247	715.89	496.37	44	10	-1	10.38	10.38
Fixation L	1	91	6677279663	6677379785	100122	897.86	499.19	55	6	-1	9.69	9.69
Fixation R	1	94	6677279663	6677379785	100122	897.86	499.19	55	6	-1	10.01	10.01
Fixation L	1	92	6677413162	6677521664	108502	337.54	494.56	88	6	-1	9.79	9.79
Fixation R	1	95	6677413162	6677521664	108502	337.54	494.56	88	6	-1	10.36	10.36
Fixation R	1	96	6677530035	6677880528	350493	285.25	501.99	60	37	-1	10.21	10.21
Fixation L	1	93	6677613531	6677880528	266997	274.53	507.54	49	32	-1	9.77	9.77
Fixation L	1	94	6677905524	6678256025	350501	652.86	503.47	76	20	-1	9.74	9.74
Fixation R	1	97	6677905524	6678256025	350501	652.86	503.47	76	20	-1	10.27	10.27
Fixation L	1	95	6678264398	6678664888	400490	711.22	506.63	79	4	-1	9.76	9.76
Fixation R	1	98	6678264398	6678664888	400490	711.22	506.63	79	4	-1	10.35	10.35
Fixation L	1	96	6678698269	6678790013	91744	994.75	526.70	60	37	-1	9.63	9.63
Fixation R	1	99	6678698269	6678790013	91744	994.75	526.70	60	37	-1	8.82	8.82
Fixation L	1	97	6678798398	6678948641	150243	940.68	499.81	47	23	-1	9.69	9.69
Fixation R	1	100	6678798398	6678948641	150243	940.68	499.81	47	23	-1	9.87	9.87
Fixation L	1	98	6679007008	6679165507	158499	129.96	567.71	40	49	-1	9.84	9.84
Fixation R	1	101	6679007008	6679165507	158499	129.96	567.71	40	49	-1	10.15	10.15
Fixation L	1	99	6679173886	6679349133	175247	78.72	584.07	34	12	-1	9.72	9.72
Fixation R	1	102	6679173886	6679349133	175247	78.72	584.07	34	12	-1	10.01	10.01
Fixation L	1	100	6679357505	6679549380	191875	213.83	566.47	16	13	-1	9.94	9.94
Fixation R	1	103	6679357505	6679549380	191875	213.83	566.47	16	13	-1	9.88	9.88
Fixation L	1	101	6679566129	6679707997	141868	435.68	561.76	52	11	-1	9.92	9.92
Fixation R	1	104	6679566129	6679707997	141868	435.68	561.76	52	11	-1	10.36	10.36
Fixation L	1	102	6679716248	6680033372	317124	616.71	560.90	72	8	-1	10.03	10.03
Fixation R	1	105	6679716248	6680033372	317124	616.71	560.90	72	8	-1	10.38	10.38
Fixation L	1	103	6680041742	6680367239	325497	695.49	555.14	46	15	-1	9.75	9.75
Fixation R	1	106	6680041742	6680367239	325497	695.49	555.14	46	15	-1	10.20	10.20
Fixation L	1	104	6680475617	6680734359	258742	170.89	18.62	56	42	-1	9.54	9.54
Fixation R	1	107	6680475617	6680734359	258742	170.89	18.62	56	42	-1	9.94	9.94
Fixation L	1	105	6680742734	6680834493	91759	185.68	-2.37	8	16	-1	9.88	9.88
Fixation R	1	108	6680742734	6680834493	91759	185.68	-2.37	8	16	-1	10.08	10.08

