[BeGaze]
Converted from:	C:\Program Files\SMI\Experiment Suite 360\Experiment Center 2\Results\Readability_First_01\P02-eye_data.idf
Date:	02.08.2013 11:27:27
Version:	BeGaze 3.2.28
Sample Rate:	120
Subject:	P02
Description:	Run2

Table Header for Fixations:
Event Type	Trial	Number	Start	End	Duration	Location X	Location Y	Dispersion X	Dispersion Y	Plane	Avg. Pupil Size X	Avg. Pupil Size Y


Fixation L	1	1	6191135305	6191318777	183472	231.19	37.02	12	10	-1	9.71	9.71
Fixation R	1	1	6191135305	6191318777	183472	231.19	37.02	12	10	-1	10.19	10.19
Fixation L	1	2	6191327158	6191619270	292112	111.21	40.85	35	13	-1	9.57	9.57
Fixation R	1	2	6191327158	6191619270	292112	111.21	40.85	35	13	-1	9.99	9.99
Fixation L	1	3	6191627525	6192186638	559113	272.96	32.23	74	19	-1	9.56	9.56
Fixation R	1	3	6191627525	6192186638	559113	272.96	32.23	74	19	-1	9.84	9.84
Fixation L	1	4	6192195010	6192370263	175253	417.97	23.65	90	8	-1	9.77	9.77
Fixation R	1	4	6192195010	6192370263	175253	417.97	23.65	90	8	-1	9.91	9.91
Fixation L	1	5	6192503764	6192695629	191865	424.95	38.29	48	20	-1	9.82	9.82
Fixation R	1	5	6192503764	6192695629	191865	424.95	38.29	48	20	-1	10.10	10.10
Fixation L	1	6	6192704012	6192870880	166868	544.75	28.95	61	14	-1	9.99	9.99
Fixation R	1	6	6192704012	6192870880	166868	544.75	28.95	61	14	-1	10.25	10.25
Fixation L	1	7	6192879260	6193096249	216989	645.84	36.79	22	16	-1	9.87	9.87
Fixation R	1	7	6192879260	6193096249	216989	645.84	36.79	22	16	-1	10.05	10.05
Fixation L	1	8	6193104505	6193580250	475745	820.44	23.29	62	18	-1	9.71	9.71
Fixation R	1	8	6193104505	6193580250	475745	820.44	23.29	62	18	-1	9.82	9.82
Fixation L	1	9	6193630243	6193938986	308743	115.58	106.42	41	34	-1	9.70	9.70
Fixation R	1	9	6193630243	6193938986	308743	115.58	106.42	41	34	-1	10.17	10.17
Fixation L	1	10	6193947359	6194322857	375498	243.73	79.96	69	26	-1	9.82	9.82
Fixation R	1	10	6193947359	6194322857	375498	243.73	79.96	69	26	-1	10.08	10.08
Fixation L	1	11	6194331235	6194823600	492365	420.12	71.06	30	36	-1	9.89	9.89
Fixation R	1	11	6194331235	6194823600	492365	420.12	71.06	30	36	-1	9.94	9.94
Fixation L	1	12	6194831852	6195157349	325497	458.97	63.02	77	22	-1	9.75	9.75
Fixation R	1	12	6194831852	6195157349	325497	458.97	63.02	77	22	-1	9.86	9.86
Fixation L	1	13	6195165721	6195415968	250247	408.13	85.48	20	22	-1	9.65	9.65
Fixation R	1	13	6195165721	6195415968	250247	408.13	85.48	20	22	-1	9.94	9.94
Fixation L	1	14	6195424338	6195657966	233628	238.41	87.22	83	16	-1	9.67	9.67
Fixation R	1	14	6195424338	6195657966	233628	238.41	87.22	83	16	-1	10.00	10.00
Fixation L	1	15	6195666335	6195774834	108499	253.76	71.72	37	20	-1	9.77	9.77
Fixation R	1	15	6195666335	6195774834	108499	253.76	71.72	37	20	-1	10.14	10.14
Fixation L	1	16	6195783215	6196050206	266991	499.14	71.72	73	19	-1	10.00	10.00
Fixation R	1	16	6195783215	6196050206	266991	499.14	71.72	73	19	-1	10.16	10.16
Fixation L	1	17	6196066831	6196183711	116880	642.51	65.08	39	6	-1	10.03	10.03
Fixation R	1	17	6196066831	6196183711	116880	642.51	65.08	39	6	-1	10.21	10.21
Fixation L	1	18	6196217078	6196433950	216872	199.15	77.88	70	13	-1	9.77	9.77
Fixation R	1	18	6196217078	6196433950	216872	199.15	77.88	70	13	-1	10.18	10.18
Fixation L	1	19	6196442324	6196801199	358875	111.18	77.73	72	16	-1	9.76	9.76
Fixation R	1	19	6196442324	6196801199	358875	111.18	77.73	72	16	-1	10.11	10.11
Fixation L	1	20	6196809574	6197051565	241991	190.77	66.80	44	28	-1	9.76	9.76
Fixation R	1	20	6196809574	6197051565	241991	190.77	66.80	44	28	-1	9.95	9.95
Fixation L	1	21	6197059819	6197427059	367240	301.52	64.45	50	31	-1	9.79	9.79
Fixation R	1	21	6197059819	6197427059	367240	301.52	64.45	50	31	-1	10.01	10.01
Fixation L	1	22	6197435437	6197719053	283616	429.36	39.26	38	58	-1	10.03	10.03
Fixation R	1	22	6197435437	6197719053	283616	429.36	39.26	38	58	-1	10.12	10.12
Fixation L	1	23	6197727427	6197961055	233628	483.32	45.17	40	40	-1	9.81	9.81
Fixation R	1	23	6197727427	6197961055	233628	483.32	45.17	40	40	-1	10.12	10.12
Fixation L	1	24	6197977805	6198119673	141868	613.12	62.67	45	4	-1	9.71	9.71
Fixation R	1	24	6197977805	6198119673	141868	613.12	62.67	45	4	-1	10.05	10.05
Fixation L	1	25	6198344920	6198561922	217002	852.90	78.43	60	13	-1	9.96	9.96
Fixation R	1	25	6198344920	6198561922	217002	852.90	78.43	60	13	-1	10.00	10.00
Fixation L	1	26	6198570292	6198778787	208495	931.99	84.64	33	6	-1	9.86	9.86
Fixation R	1	26	6198570292	6198778787	208495	931.99	84.64	33	6	-1	9.92	9.92
Fixation L	1	27	6198837288	6199120909	283621	99.15	144.34	65	33	-1	9.48	9.48
Fixation R	1	27	6198837288	6199120909	283621	99.15	144.34	65	33	-1	10.05	10.05
Fixation L	1	28	6199279529	6199362911	83382	159.87	150.51	73	22	-1	9.72	9.72
Fixation R	1	28	6199279529	6199362911	83382	159.87	150.51	73	22	-1	9.82	9.82
Fixation L	1	29	6199371283	6199755150	383867	246.46	149.36	81	18	-1	9.83	9.83
Fixation R	1	29	6199371283	6199755150	383867	246.46	149.36	81	18	-1	10.15	10.15
Fixation L	1	30	6199763529	6199846900	83371	160.78	137.17	93	5	-1	9.84	9.84
Fixation R	1	30	6199763529	6199846900	83371	160.78	137.17	93	5	-1	10.15	10.15
Fixation L	1	31	6199855276	6200088899	233623	152.25	153.09	27	34	-1	9.77	9.77
Fixation R	1	31	6199855276	6200088899	233623	152.25	153.09	27	34	-1	10.06	10.06
Fixation L	1	32	6200097268	6200356017	258749	251.68	157.46	56	28	-1	9.84	9.84
Fixation R	1	32	6200097268	6200356017	258749	251.68	157.46	56	28	-1	10.15	10.15
Fixation L	1	33	6200364269	6200522888	158619	331.28	141.13	67	13	-1	9.83	9.83
Fixation R	1	33	6200364269	6200522888	158619	331.28	141.13	67	13	-1	10.08	10.08
Fixation L	1	34	6200531137	6200789891	258754	407.76	136.56	87	9	-1	9.71	9.71
Fixation R	1	34	6200531137	6200789891	258754	407.76	136.56	87	9	-1	10.07	10.07
Fixation L	1	35	6200798263	6200965133	166870	490.17	131.69	10	7	-1	9.64	9.64
Fixation R	1	35	6200798263	6200965133	166870	490.17	131.69	10	7	-1	9.87	9.87
Fixation L	1	36	6200973506	6201273879	300373	655.45	108.35	61	28	-1	9.52	9.52
Fixation R	1	36	6200973506	6201273879	300373	655.45	108.35	61	28	-1	10.01	10.01
Fixation L	1	37	6201282251	6201515877	233626	763.47	129.13	86	9	-1	9.50	9.50
Fixation R	1	37	6201282251	6201515877	233626	763.47	129.13	86	9	-1	9.92	9.92
Fixation L	1	38	6201524251	6201724495	200244	706.06	126.72	70	25	-1	9.43	9.43
Fixation R	1	38	6201524251	6201724495	200244	706.06	126.72	70	25	-1	9.83	9.83
Fixation L	1	39	6201732870	6201832994	100124	652.53	125.73	39	7	-1	9.36	9.36
Fixation R	1	39	6201732870	6201832994	100124	652.53	125.73	39	7	-1	9.75	9.75
Fixation L	1	40	6201841247	6202033244	191997	819.10	138.86	23	11	-1	9.45	9.45
Fixation R	1	40	6201841247	6202033244	191997	819.10	138.86	23	11	-1	9.80	9.80
Fixation L	1	41	6202083239	6202375365	292126	111.31	202.08	39	36	-1	9.44	9.44
Fixation R	1	41	6202083239	6202375365	292126	111.31	202.08	39	36	-1	9.97	9.97
Fixation L	1	42	6202383735	6202592362	208627	227.68	199.51	22	11	-1	9.66	9.66
Fixation R	1	42	6202383735	6202592362	208627	227.68	199.51	22	11	-1	10.02	10.02
Fixation L	1	43	6202600610	6202875977	275367	353.45	191.33	21	14	-1	9.66	9.66
Fixation R	1	43	6202600610	6202875977	275367	353.45	191.33	21	14	-1	9.94	9.94
Fixation L	1	44	6202884350	6203176474	292124	472.97	168.29	55	39	-1	9.43	9.43
Fixation R	1	44	6202884350	6203176474	292124	472.97	168.29	55	39	-1	9.84	9.84
Fixation L	1	45	6203184719	6203727087	542368	539.47	185.27	35	43	-1	9.35	9.35
Fixation R	1	45	6203184719	6203727087	542368	539.47	185.27	35	43	-1	9.63	9.63
Fixation L	1	46	6203735463	6203860710	125247	461.08	176.68	27	14	-1	9.34	9.34
Fixation R	1	46	6203735463	6203860710	125247	461.08	176.68	27	14	-1	9.76	9.76
Fixation L	1	47	6203868966	6204937068	1068102	545.44	184.52	55	44	-1	9.36	9.36
Fixation R	1	47	6203868966	6204937068	1068102	545.44	184.52	55	44	-1	9.77	9.77
Fixation L	1	48	6205095693	6205220821	125128	817.09	191.46	83	12	-1	9.40	9.40
Fixation R	1	48	6205095693	6205220821	125128	817.09	191.46	83	12	-1	9.89	9.89
Fixation L	1	49	6205229192	6205688058	458866	756.07	172.96	33	62	-1	9.46	9.46
Fixation R	1	49	6205229192	6205688058	458866	756.07	172.96	33	62	-1	9.99	9.99
Fixation L	1	50	6205746562	6205980178	233616	104.62	252.39	30	43	-1	9.36	9.36
Fixation R	1	50	6205746562	6205980178	233616	104.62	252.39	30	43	-1	9.78	9.78
Fixation L	1	51	6205996805	6206238799	241994	296.52	268.86	40	20	-1	9.74	9.74
Fixation R	1	51	6205996805	6206238799	241994	296.52	268.86	40	20	-1	9.95	9.95
Fixation L	1	52	6206247176	6206464171	216995	417.48	250.32	48	41	-1	9.60	9.60
Fixation R	1	52	6206247176	6206464171	216995	417.48	250.32	48	41	-1	9.87	9.87
Fixation L	1	53	6206472553	6206631044	158491	343.43	243.00	16	13	-1	9.52	9.52
Fixation R	1	53	6206472553	6206631044	158491	343.43	243.00	16	13	-1	9.83	9.83
Fixation L	1	54	6206781293	6206889789	108496	208.53	259.83	64	23	-1	10.12	10.12
Fixation R	1	54	6206781293	6206889789	108496	208.53	259.83	64	23	-1	9.77	9.77
Fixation L	1	55	6207131661	6207548906	417245	540.04	209.83	74	25	-1	9.99	9.99
Fixation R	1	55	6207131661	6207548906	417245	540.04	209.83	74	25	-1	10.44	10.44
Fixation L	1	56	6207557279	6207907773	350494	521.50	197.62	57	11	-1	9.64	9.64
Fixation R	1	56	6207557279	6207907773	350494	521.50	197.62	57	11	-1	10.09	10.09
Fixation L	1	57	6208024526	6208350022	325496	516.58	190.84	53	43	-1	9.87	9.87
Fixation R	1	57	6208024526	6208350022	325496	516.58	190.84	53	43	-1	10.20	10.20
Fixation L	1	58	6208358393	6208617012	258619	462.47	208.24	63	29	-1	10.13	10.13
Fixation R	1	58	6208358393	6208617012	258619	462.47	208.24	63	29	-1	10.57	10.57
Fixation L	1	59	6208633764	6208758888	125124	182.17	244.12	46	52	-1	9.86	9.86
Fixation R	1	59	6208633764	6208758888	125124	182.17	244.12	46	52	-1	10.24	10.24
Fixation L	1	60	6208767259	6208975891	208632	143.42	260.05	73	7	-1	9.78	9.78
Fixation R	1	60	6208767259	6208975891	208632	143.42	260.05	73	7	-1	10.17	10.17
Fixation L	1	61	6208984258	6209242884	258626	293.60	262.95	77	19	-1	9.91	9.91
Fixation R	1	61	6208984258	6209242884	258626	293.60	262.95	77	19	-1	10.25	10.25
Fixation L	1	62	6209251260	6209518254	266994	415.97	241.30	23	22	-1	9.77	9.77
Fixation R	1	62	6209251260	6209518254	266994	415.97	241.30	23	22	-1	10.07	10.07
Fixation L	1	63	6209526631	6209710123	183492	520.48	242.46	43	7	-1	9.68	9.68
Fixation R	1	63	6209526631	6209710123	183492	520.48	242.46	43	7	-1	9.95	9.95
Fixation L	1	64	6209718501	6209868748	150247	620.40	238.04	25	5	-1	9.53	9.53
Fixation R	1	64	6209718501	6209868748	150247	620.40	238.04	25	5	-1	9.97	9.97
Fixation L	1	65	6209877121	6210310992	433871	724.12	242.79	79	17	-1	9.45	9.45
Fixation R	1	65	6209877121	6210310992	433871	724.12	242.79	79	17	-1	9.93	9.93
Fixation L	1	66	6210319364	6210527992	208628	839.87	244.18	89	10	-1	9.29	9.29
Fixation R	1	66	6210319364	6210527992	208628	839.87	244.18	89	10	-1	9.74	9.74
Fixation L	1	67	6210536237	6210719856	183619	914.86	224.64	31	26	-1	9.26	9.26
Fixation R	1	67	6210536237	6210719856	183619	914.86	224.64	31	26	-1	9.56	9.56
Fixation L	1	68	6210778235	6211036977	258742	105.70	297.99	47	38	-1	9.35	9.35
Fixation R	1	68	6210778235	6211036977	258742	105.70	297.99	47	38	-1	9.63	9.63
Fixation L	1	69	6211045354	6211504226	458872	275.64	326.37	60	28	-1	9.64	9.64
Fixation R	1	69	6211045354	6211504226	458872	275.64	326.37	60	28	-1	9.90	9.90
Fixation L	1	70	6211512593	6211896463	383870	457.60	323.66	62	13	-1	9.62	9.62
Fixation R	1	70	6211512593	6211896463	383870	457.60	323.66	62	13	-1	10.03	10.03
Fixation L	1	71	6211904845	6212146839	241994	639.09	323.19	71	23	-1	9.68	9.68
Fixation R	1	71	6211904845	6212146839	241994	639.09	323.19	71	23	-1	10.01	10.01
Fixation L	1	72	6212155091	6212405463	250372	806.13	327.40	51	15	-1	9.67	9.67
Fixation R	1	72	6212155091	6212405463	250372	806.13	327.40	51	15	-1	9.99	9.99
Fixation L	1	73	6212463834	6212814327	350493	96.36	380.53	27	20	-1	9.61	9.61
Fixation R	1	73	6212463834	6212814327	350493	96.36	380.53	27	20	-1	10.05	10.05
Fixation L	1	74	6212822699	6213206573	383874	277.35	386.75	74	24	-1	9.99	9.99
Fixation R	1	74	6212822699	6213206573	383874	277.35	386.75	74	24	-1	10.23	10.23
Fixation L	1	75	6213223198	6213582066	358868	472.72	396.05	69	19	-1	9.93	9.93
Fixation R	1	75	6213223198	6213582066	358868	472.72	396.05	69	19	-1	10.15	10.15
Fixation L	1	76	6213590437	6213857438	267001	660.96	390.16	76	11	-1	9.86	9.86
Fixation R	1	76	6213590437	6213857438	267001	660.96	390.16	76	11	-1	10.36	10.36
Fixation L	1	77	6213865815	6214166179	300364	768.65	397.07	85	12	-1	9.76	9.76
Fixation R	1	77	6213865815	6214166179	300364	768.65	397.07	85	12	-1	10.21	10.21
Fixation L	1	78	6214199553	6214399801	200248	890.43	383.20	89	6	-1	9.69	9.69
Fixation R	1	78	6214199553	6214399801	200248	890.43	383.20	89	6	-1	10.14	10.14
Fixation L	1	79	6214408181	6214541676	133495	953.32	382.30	70	2	-1	9.77	9.77
Fixation R	1	79	6214408181	6214541676	133495	953.32	382.30	70	2	-1	10.08	10.08
Fixation L	1	80	6214600047	6214892168	292121	148.32	453.83	62	36	-1	9.89	9.89
Fixation R	1	80	6214600047	6214892168	292121	148.32	453.83	62	36	-1	9.90	9.90
Fixation L	1	81	6214942171	6215150792	208621	329.37	450.90	47	18	-1	9.94	9.94
Fixation R	1	81	6214942171	6215150792	208621	329.37	450.90	47	18	-1	10.47	10.47
Fixation L	1	82	6215159169	6215484537	325368	467.83	458.04	80	16	-1	9.89	9.89
Fixation R	1	82	6215159169	6215484537	325368	467.83	458.04	80	16	-1	10.35	10.35
Fixation L	1	83	6215651531	6215751657	100126	295.11	48.04	86	10	-1	9.54	9.54
Fixation R	1	83	6215651531	6215751657	100126	295.11	48.04	86	10	-1	9.95	9.95
Fixation L	1	84	6215759910	6215926908	166998	323.05	58.10	5	5	-1	9.62	9.62
Fixation R	1	84	6215759910	6215926908	166998	323.05	58.10	5	5	-1	10.00	10.00

