[BeGaze]
Converted from:	C:\Program Files\SMI\Experiment Suite 360\Experiment Center 2\Results\Readability_First_01\P02-eye_data.idf
Date:	02.08.2013 11:27:28
Version:	BeGaze 3.2.28
Sample Rate:	120
Subject:	P02
Description:	Run2

Table Header for Fixations:
Event Type	Trial	Number	Start	End	Duration	Location X	Location Y	Dispersion X	Dispersion Y	Plane	Avg. Pupil Size X	Avg. Pupil Size Y


Fixation L	1	1	6564937266	6565312736	375470	131.60	47.60	63	33	-1	9.34	9.34
Fixation R	1	1	6564937266	6565312736	375470	131.60	47.60	63	33	-1	9.88	9.88
Fixation L	1	2	6565329490	6565613227	283737	324.51	12.55	44	27	-1	9.37	9.37
Fixation R	1	2	6565329490	6565613227	283737	324.51	12.55	44	27	-1	9.71	9.71
Fixation L	1	3	6565621480	6565780104	158624	491.18	23.47	67	11	-1	9.55	9.55
Fixation R	1	3	6565621480	6565780104	158624	491.18	23.47	67	11	-1	9.72	9.72
Fixation L	1	4	6565855228	6565946974	91746	517.12	22.38	55	21	-1	9.59	9.59
Fixation R	1	4	6565855228	6565946974	91746	517.12	22.38	55	21	-1	10.05	10.05
Fixation L	1	5	6565955351	6566163969	208618	407.59	13.56	44	23	-1	9.55	9.55
Fixation R	1	5	6565955351	6566163969	208618	407.59	13.56	44	23	-1	9.87	9.87
Fixation L	1	6	6566172219	6566539464	367245	582.75	24.52	48	42	-1	9.75	9.75
Fixation R	1	6	6566172219	6566539464	367245	582.75	24.52	48	42	-1	10.00	10.00
Fixation L	1	7	6566547714	6566806463	258749	675.86	42.74	63	22	-1	9.65	9.65
Fixation R	1	7	6566547714	6566806463	258749	675.86	42.74	63	22	-1	9.95	9.95
Fixation L	1	8	6566814839	6567040085	225246	796.90	17.31	38	41	-1	9.57	9.57
Fixation R	1	8	6566814839	6567040085	225246	796.90	17.31	38	41	-1	9.77	9.77
Fixation L	1	9	6567090208	6567215332	125124	126.22	87.44	48	50	-1	9.33	9.33
Fixation R	1	9	6567090208	6567215332	125124	126.22	87.44	48	50	-1	9.92	9.92
Fixation L	1	10	6567223706	6567423950	200244	102.42	82.49	26	28	-1	9.48	9.48
Fixation R	1	10	6567223706	6567423950	200244	102.42	82.49	26	28	-1	9.88	9.88
Fixation L	1	11	6567432332	6567565825	133493	245.39	55.13	50	11	-1	9.49	9.49
Fixation R	1	11	6567432332	6567565825	133493	245.39	55.13	50	11	-1	9.84	9.84
Fixation L	1	12	6567732702	6568058069	325367	403.50	62.43	78	20	-1	9.70	9.70
Fixation R	1	12	6567732702	6568058069	325367	403.50	62.43	78	20	-1	9.84	9.84
Fixation L	1	13	6568066441	6568158319	91878	403.77	54.12	65	8	-1	9.49	9.49
Fixation R	1	13	6568066441	6568158319	91878	403.77	54.12	65	8	-1	9.60	9.60
Fixation L	1	14	6568166565	6568500439	333874	282.66	53.34	37	37	-1	9.28	9.28
Fixation R	1	14	6568166565	6568500439	333874	282.66	53.34	37	37	-1	9.68	9.68
Fixation L	1	15	6568508687	6568667311	158624	404.40	71.48	35	23	-1	8.96	8.96
Fixation R	1	15	6568508687	6568809186	300499	396.86	60.41	35	40	-1	9.66	9.66
Fixation R	1	16	6568834180	6569059427	225247	509.20	50.78	13	42	-1	9.59	9.59
Fixation R	1	17	6569092803	6569301425	208622	597.89	41.71	42	54	-1	9.71	9.71
Fixation R	1	18	6569318174	6569551798	233624	801.39	61.09	43	55	-1	9.53	9.53
Fixation L	1	16	6569426677	6569676922	250245	789.61	74.60	33	12	-1	9.15	9.15
Fixation R	1	19	6569560170	6569676922	116752	779.28	72.95	13	7	-1	9.62	9.62
Fixation L	1	17	6569735415	6570044162	308747	141.88	153.60	26	30	-1	9.42	9.42
Fixation R	1	20	6569735415	6570044162	308747	141.88	153.60	26	30	-1	9.88	9.88
Fixation L	1	18	6570052539	6570160910	108371	212.92	158.23	16	11	-1	9.75	9.75
Fixation R	1	21	6570052539	6570160910	108371	212.92	158.23	16	11	-1	9.92	9.92
Fixation L	1	19	6570286161	6570469654	183493	187.15	163.87	66	33	-1	9.81	9.81
Fixation R	1	22	6570286161	6570469654	183493	187.15	163.87	66	33	-1	10.11	10.11
Fixation L	1	20	6570528159	6570786777	258618	317.88	156.38	91	8	-1	10.21	10.21
Fixation R	1	23	6570528159	6570786777	258618	317.88	156.38	91	8	-1	10.36	10.36
Fixation L	1	21	6570795150	6571037145	241995	234.19	160.52	11	13	-1	9.94	9.94
Fixation R	1	24	6570795150	6571037145	241995	234.19	160.52	11	13	-1	10.29	10.29
Fixation L	1	22	6571045521	6571262392	216871	374.78	75.40	52	47	-1	10.08	10.08
Fixation R	1	25	6571045521	6571262392	216871	374.78	75.40	52	47	-1	10.25	10.25
Fixation L	1	23	6571295768	6571387642	91874	535.04	86.32	75	22	-1	10.25	10.25
Fixation R	1	26	6571295768	6571387642	91874	535.04	86.32	75	22	-1	10.29	10.29
Fixation L	1	24	6571395893	6571604517	208624	547.14	112.25	12	14	-1	10.14	10.14
Fixation R	1	27	6571395893	6571604517	208624	547.14	112.25	12	14	-1	10.27	10.27
Fixation L	1	25	6571621264	6571888257	266993	292.71	88.77	68	30	-1	9.85	9.85
Fixation R	1	28	6571621264	6571888257	266993	292.71	88.77	68	30	-1	10.26	10.26
Fixation L	1	26	6571896633	6572005137	108504	279.34	75.81	6	4	-1	9.94	9.94
Fixation R	1	29	6571896633	6572005137	108504	279.34	75.81	6	4	-1	10.38	10.38
Fixation L	1	27	6572013385	6572180382	166997	422.42	132.20	38	59	-1	10.00	10.00
Fixation R	1	30	6572013385	6572180382	166997	422.42	132.20	38	59	-1	10.29	10.29
Fixation L	1	28	6572205382	6572414003	208621	525.09	153.19	74	13	-1	9.96	9.96
Fixation R	1	31	6572205382	6572414003	208621	525.09	153.19	74	13	-1	10.21	10.21
Fixation L	1	29	6572422375	6572764495	342120	624.57	144.70	49	23	-1	9.62	9.62
Fixation R	1	32	6572422375	6572764495	342120	624.57	144.70	49	23	-1	10.07	10.07
Fixation L	1	30	6572847870	6573240114	392244	875.51	156.54	81	14	-1	9.74	9.74
Fixation R	1	33	6572847870	6573240114	392244	875.51	156.54	81	14	-1	9.93	9.93
Fixation L	1	31	6573298485	6573557237	258752	125.43	237.99	57	38	-1	9.54	9.54
Fixation R	1	34	6573298485	6573557237	258752	125.43	237.99	57	38	-1	10.26	10.26
Fixation L	1	32	6573565483	6573790855	225372	81.41	232.94	45	19	-1	9.65	9.65
Fixation R	1	35	6573565483	6573790855	225372	81.41	232.94	45	19	-1	10.16	10.16
Fixation L	1	33	6573799104	6573940981	141877	228.59	210.41	41	19	-1	9.79	9.79
Fixation R	1	36	6573799104	6573940981	141877	228.59	210.41	41	19	-1	10.04	10.04
Fixation L	1	34	6573949351	6574141354	192003	334.76	192.38	56	13	-1	9.77	9.77
Fixation R	1	37	6573949351	6574141354	192003	334.76	192.38	56	13	-1	10.06	10.06
Fixation L	1	35	6574149602	6574616966	467364	419.30	179.70	71	18	-1	9.68	9.68
Fixation R	1	38	6574149602	6574616966	467364	419.30	179.70	71	18	-1	10.03	10.03
Fixation L	1	36	6574625223	6574708719	83496	533.82	180.18	73	5	-1	9.57	9.57
Fixation R	1	39	6574625223	6574708719	83496	533.82	180.18	73	5	-1	9.91	9.91
Fixation L	1	37	6574717096	6575017460	300364	653.07	180.91	21	37	-1	9.69	9.69
Fixation R	1	40	6574717096	6575017460	300364	653.07	180.91	21	37	-1	10.03	10.03
Fixation L	1	38	6575025842	6575234460	208618	761.61	192.17	50	7	-1	9.63	9.63
Fixation R	1	41	6575025842	6575234460	208618	761.61	192.17	50	7	-1	10.18	10.18
Fixation L	1	39	6575242833	6575534828	291995	896.59	198.91	73	22	-1	9.64	9.64
Fixation R	1	42	6575242833	6575534828	291995	896.59	198.91	73	22	-1	10.00	10.00
Fixation L	1	40	6575643327	6575735084	91757	92.20	268.72	59	40	-1	9.60	9.60
Fixation R	1	43	6575643327	6575735084	91757	92.20	268.72	59	40	-1	10.36	10.36
Fixation L	1	41	6575743451	6575876948	133497	60.40	261.68	18	21	-1	9.00	9.00
Fixation R	1	44	6575743451	6575876948	133497	60.40	261.68	18	21	-1	10.19	10.19
Fixation L	1	42	6575885330	6576152321	266991	165.08	257.89	62	13	-1	9.78	9.78
Fixation R	1	45	6575885330	6576152321	266991	165.08	257.89	62	13	-1	10.30	10.30
Fixation L	1	43	6576160701	6576277442	116741	353.30	240.73	13	11	-1	9.73	9.73
Fixation R	1	46	6576160701	6576277442	116741	353.30	240.73	13	11	-1	10.08	10.08
Fixation L	1	44	6576394316	6576611315	216999	375.72	258.69	85	12	-1	9.72	9.72
Fixation R	1	47	6576394316	6576611315	216999	375.72	258.69	85	12	-1	10.31	10.31
Fixation L	1	45	6576669684	6576936689	267005	463.00	236.84	65	33	-1	9.89	9.89
Fixation R	1	48	6576669684	6576936689	267005	463.00	236.84	65	33	-1	10.24	10.24
Fixation L	1	46	6576945056	6577228804	283748	395.22	225.44	65	33	-1	9.75	9.75
Fixation R	1	49	6576945056	6577228804	283748	395.22	225.44	65	33	-1	10.23	10.23
Fixation L	1	47	6577262181	6577537554	275373	572.02	247.49	42	8	-1	9.75	9.75
Fixation R	1	50	6577262181	6577537554	275373	572.02	247.49	42	8	-1	10.16	10.16
Fixation L	1	48	6577545923	6577913048	367125	381.45	247.87	93	5	-1	9.55	9.55
Fixation R	1	51	6577545923	6577913048	367125	381.45	247.87	93	5	-1	10.02	10.02
Fixation L	1	49	6577921416	6578246787	325371	480.66	246.75	92	7	-1	9.61	9.61
Fixation R	1	52	6577921416	6578246787	325371	480.66	246.75	92	7	-1	9.99	9.99
Fixation L	1	50	6578255170	6578622283	367113	488.06	249.29	76	16	-1	9.70	9.70
Fixation R	1	53	6578255170	6578622283	367113	488.06	249.29	76	16	-1	10.11	10.11
Fixation L	1	51	6578630659	6578889287	258628	597.52	248.87	26	20	-1	9.69	9.69
Fixation R	1	54	6578630659	6578889287	258628	597.52	248.87	26	20	-1	10.16	10.16
Fixation L	1	52	6578897652	6579331649	433997	754.16	245.73	66	26	-1	9.62	9.62
Fixation R	1	55	6578897652	6579331649	433997	754.16	245.73	66	26	-1	10.18	10.18
Fixation L	1	53	6579339903	6579548519	208616	864.11	234.90	41	12	-1	9.55	9.55
Fixation R	1	56	6579339903	6579548519	208616	864.11	234.90	41	12	-1	10.06	10.06
Fixation L	1	54	6579556894	6579682014	125120	960.33	250.37	74	24	-1	9.56	9.56
Fixation R	1	57	6579556894	6579682014	125120	960.33	250.37	74	24	-1	9.94	9.94
Fixation L	1	55	6579690396	6579949138	258742	963.27	255.44	73	26	-1	9.49	9.49
Fixation R	1	58	6579690396	6579949138	258742	963.27	255.44	73	26	-1	9.84	9.84
Fixation R	1	59	6580007513	6580324629	317116	111.74	316.80	33	37	-1	10.03	10.03
Fixation L	1	56	6580332882	6580433132	100250	239.58	319.15	83	15	-1	9.75	9.75
Fixation R	1	60	6580332882	6580433132	100250	239.58	319.15	83	15	-1	10.07	10.07
Fixation L	1	57	6580508130	6580783502	275372	352.44	306.10	35	20	-1	9.56	9.56
Fixation R	1	61	6580508130	6580783502	275372	352.44	306.10	35	20	-1	10.02	10.02
Fixation L	1	58	6580791881	6581042254	250373	502.95	311.90	57	8	-1	9.62	9.62
Fixation R	1	62	6580791881	6581042254	250373	502.95	311.90	57	8	-1	9.95	9.95
Fixation L	1	59	6581050622	6581242499	191877	660.09	294.08	52	20	-1	9.54	9.54
Fixation R	1	63	6581050622	6581242499	191877	660.09	294.08	52	20	-1	9.94	9.94
Fixation L	1	60	6581250870	6581476116	225246	776.16	305.70	64	17	-1	9.65	9.65
Fixation R	1	64	6581250870	6581476116	225246	776.16	305.70	64	17	-1	10.08	10.08
Fixation L	1	61	6581517866	6581693117	175251	142.57	373.73	60	38	-1	9.56	9.56
Fixation R	1	65	6581517866	6581693117	175251	142.57	373.73	60	38	-1	10.09	10.09
Fixation L	1	62	6581701487	6581843240	141753	98.66	387.80	30	23	-1	9.58	9.58
Fixation R	1	66	6581701487	6581843240	141753	98.66	387.80	30	23	-1	9.99	9.99
Fixation L	1	63	6581859985	6582085231	225246	359.46	386.33	11	47	-1	9.79	9.79
Fixation R	1	67	6581859985	6582085231	225246	359.46	386.33	11	47	-1	10.33	10.33
Fixation L	1	64	6582093608	6582202104	108496	492.78	359.81	72	27	-1	9.78	9.78
Fixation R	1	68	6582093608	6582202104	108496	492.78	359.81	72	27	-1	10.30	10.30
Fixation L	1	65	6582210478	6582343982	133504	501.78	387.40	59	8	-1	9.81	9.81
Fixation R	1	69	6582210478	6582343982	133504	501.78	387.40	59	8	-1	10.17	10.17
Fixation L	1	66	6582352353	6582652725	300372	626.03	377.48	19	16	-1	9.56	9.56
Fixation R	1	70	6582352353	6582652725	300372	626.03	377.48	19	16	-1	10.02	10.02
Fixation L	1	67	6582661097	6583003218	342121	823.50	382.36	72	15	-1	9.51	9.51
Fixation R	1	71	6582661097	6583003218	342121	823.50	382.36	72	15	-1	9.93	9.93
Fixation L	1	68	6583011591	6583245219	233628	952.30	367.37	68	18	-1	9.43	9.43
Fixation R	1	72	6583011591	6583245219	233628	952.30	367.37	68	18	-1	9.92	9.92
Fixation L	1	69	6583295216	6583445469	150253	177.82	427.78	71	19	-1	9.45	9.45
Fixation R	1	73	6583295216	6583445469	150253	177.82	427.78	71	19	-1	9.97	9.97
Fixation L	1	70	6583453835	6583662457	208622	79.12	441.29	37	12	-1	9.38	9.38
Fixation R	1	74	6583453835	6583662457	208622	79.12	441.29	37	12	-1	9.84	9.84
Fixation L	1	71	6583679083	6583887703	208620	323.81	435.09	67	9	-1	9.54	9.54
Fixation R	1	75	6583679083	6583887703	208620	323.81	435.09	67	9	-1	10.11	10.11
Fixation L	1	72	6583896083	6584087950	191867	455.24	446.58	22	24	-1	9.56	9.56
Fixation R	1	76	6583896083	6584087950	191867	455.24	446.58	22	24	-1	10.14	10.14
Fixation L	1	73	6584096331	6584329953	233622	623.34	449.21	39	22	-1	9.47	9.47
Fixation R	1	77	6584096331	6584329953	233622	623.34	449.21	39	22	-1	10.03	10.03
Fixation L	1	74	6584338329	6584521946	183617	801.61	442.50	73	17	-1	9.44	9.44
Fixation R	1	78	6584338329	6584521946	183617	801.61	442.50	73	17	-1	9.92	9.92
Fixation L	1	75	6584555325	6584697069	141744	357.56	488.43	72	21	-1	9.44	9.44
Fixation R	1	79	6584555325	6584697069	141744	357.56	488.43	72	21	-1	10.13	10.13
Fixation L	1	76	6584713816	6584880687	166871	242.28	497.71	60	19	-1	9.53	9.53
Fixation R	1	80	6584713816	6584880687	166871	242.28	497.71	60	19	-1	9.76	9.76
Fixation L	1	77	6584889064	6585022562	133498	149.49	523.58	48	22	-1	9.47	9.47
Fixation R	1	81	6584889064	6585022562	133498	149.49	523.58	48	22	-1	9.70	9.70
Fixation L	1	78	6585214431	6585406433	192002	440.42	455.68	43	25	-1	9.66	9.66
Fixation R	1	82	6585214431	6585406433	192002	440.42	455.68	43	25	-1	10.19	10.19
Fixation L	1	79	6585414804	6585548307	133503	610.17	476.60	77	22	-1	9.27	9.27
Fixation R	1	83	6585414804	6585548307	133503	610.17	476.60	77	22	-1	10.47	10.47
Fixation L	1	80	6585556557	6585756932	200375	603.12	488.06	19	5	-1	9.51	9.51
Fixation R	1	84	6585556557	6585756932	200375	603.12	488.06	19	5	-1	9.83	9.83
Fixation L	1	81	6585765175	6586199172	433997	728.18	495.98	57	23	-1	9.60	9.60
Fixation R	1	85	6585765175	6586199172	433997	728.18	495.98	57	23	-1	9.97	9.97
Fixation L	1	82	6586207544	6586324297	116753	830.27	504.87	61	16	-1	8.98	8.98
Fixation R	1	86	6586207544	6586324297	116753	830.27	504.87	61	16	-1	9.84	9.84
Fixation L	1	83	6586349294	6586649790	300496	468.41	488.91	68	5	-1	9.64	9.64
Fixation R	1	87	6586349294	6586649790	300496	468.41	488.91	68	5	-1	10.32	10.32
Fixation L	1	84	6586683161	6586941782	258621	96.74	540.73	64	24	-1	9.58	9.58
Fixation R	1	88	6586683161	6586941782	258621	96.74	540.73	64	24	-1	9.69	9.69
Fixation L	1	85	6586950160	6587183776	233616	211.24	543.64	42	15	-1	9.69	9.69
Fixation R	1	89	6586983531	6587183776	200245	214.21	544.37	31	14	-1	9.58	9.58
Fixation L	1	86	6587192150	6587342402	150252	334.38	549.31	45	4	-1	9.62	9.62
Fixation R	1	90	6587192150	6587342402	150252	334.38	549.31	45	4	-1	10.14	10.14
Fixation R	1	91	6587367401	6587517523	150122	777.87	495.29	42	27	-1	9.82	9.82
Fixation L	1	87	6587534274	6587684522	150248	451.71	552.43	73	25	-1	9.73	9.73
Fixation R	1	92	6587534274	6587684522	150248	451.71	552.43	73	25	-1	9.81	9.81
Fixation L	1	88	6587767892	6588043263	275371	609.53	562.95	74	20	-1	9.80	9.80
Fixation R	1	93	6587767892	6588043263	275371	609.53	562.95	74	20	-1	10.09	10.09
Fixation L	1	89	6588051644	6588310261	258617	789.98	556.78	30	27	-1	9.04	9.04
Fixation R	1	94	6588051644	6588310261	258617	789.98	556.78	30	27	-1	9.99	9.99
Fixation L	1	90	6588318635	6588552263	233628	878.62	559.68	31	7	-1	9.31	9.31
Fixation R	1	95	6588318635	6588552263	233628	878.62	559.68	31	7	-1	9.73	9.73
Fixation L	1	91	6588602386	6588819376	216990	109.16	621.02	62	37	-1	9.19	9.19
Fixation R	1	96	6588602386	6588819376	216990	109.16	621.02	62	37	-1	9.66	9.66
Fixation L	1	92	6588827630	6588911126	83496	101.38	630.77	56	4	-1	9.46	9.46
Fixation R	1	97	6588827630	6588911126	83496	101.38	630.77	56	4	-1	9.61	9.61
Fixation L	1	93	6588919506	6589086372	166866	242.32	606.02	21	23	-1	9.73	9.73
Fixation R	1	98	6588919506	6589086372	166866	242.32	606.02	21	23	-1	9.58	9.58
Fixation L	1	94	6589103002	6589319993	216991	455.15	604.45	43	7	-1	9.60	9.60
Fixation R	1	99	6589103002	6589319993	216991	455.15	604.45	43	7	-1	10.63	10.63
Fixation L	1	95	6589328371	6589561990	233619	650.01	614.19	68	14	-1	9.88	9.88
Fixation L	1	96	6589570367	6589662114	91747	793.45	615.62	90	8	-1	8.67	8.67
Fixation R	1	100	6589570367	6589662114	91747	793.45	615.62	90	8	-1	10.21	10.21
Fixation L	1	97	6589687114	6589920859	233745	896.91	611.31	91	5	-1	9.59	9.59
Fixation R	1	101	6589687114	6589920859	233745	896.91	611.31	91	5	-1	9.99	9.99
Fixation L	1	98	6589929114	6590070982	141868	973.08	620.42	64	6	-1	9.51	9.51
Fixation R	1	102	6589929114	6590070982	141868	973.08	620.42	64	6	-1	9.94	9.94
Fixation L	1	99	6590129362	6590413103	283741	83.29	699.32	50	45	-1	9.48	9.48
Fixation R	1	103	6590129362	6590413103	283741	83.29	699.32	50	45	-1	10.02	10.02
Fixation L	1	100	6590421478	6590663473	241995	233.30	681.84	55	28	-1	9.90	9.90
Fixation R	1	104	6590421478	6590663473	241995	233.30	681.84	55	28	-1	9.40	9.40
Fixation L	1	101	6590680105	6590897096	216991	446.14	672.69	27	12	-1	10.03	10.03
Fixation R	1	105	6590680105	6590897096	216991	446.14	672.69	27	12	-1	10.63	10.63
Fixation L	1	102	6590905476	6591139090	233614	612.84	676.91	28	21	-1	10.21	10.21
Fixation R	1	106	6590905476	6591139090	233614	612.84	676.91	28	21	-1	10.13	10.13
Fixation L	1	103	6591147469	6591389463	241994	769.61	664.78	44	31	-1	9.83	9.83
Fixation R	1	107	6591147469	6591389463	241994	769.61	664.78	44	31	-1	10.46	10.46
Fixation L	1	104	6591397839	6591539588	141749	876.14	664.44	21	9	-1	9.82	9.82
Fixation R	1	108	6591397839	6591539588	141749	876.14	664.44	21	9	-1	10.31	10.31
Fixation L	1	105	6591631464	6591756601	125137	118.79	11.95	39	41	-1	9.54	9.54
Fixation R	1	109	6591631464	6591756601	125137	118.79	11.95	39	41	-1	10.19	10.19

