[BeGaze]
Converted from:	C:\Program Files\SMI\Experiment Suite 360\Experiment Center 2\Results\Readability_First_01\P02-eye_data.idf
Date:	02.08.2013 11:27:24
Version:	BeGaze 3.2.28
Sample Rate:	120
Subject:	P02
Description:	Run2

Table Header for Fixations:
Event Type	Trial	Number	Start	End	Duration	Location X	Location Y	Dispersion X	Dispersion Y	Plane	Avg. Pupil Size X	Avg. Pupil Size Y


Fixation L	1	1	4376964441	4377064516	100075	351.20	7.95	10	5	-1	9.84	9.84
Fixation R	1	1	4376964441	4377064516	100075	351.20	7.95	10	5	-1	10.46	10.46
Fixation L	1	2	4377081255	4377348252	266997	119.75	47.66	48	50	-1	9.91	9.91
Fixation R	1	2	4377081255	4377348252	266997	119.75	47.66	48	50	-1	10.66	10.66
Fixation L	1	3	4377423378	4377640373	216995	235.99	49.65	40	23	-1	9.92	9.92
Fixation R	1	3	4377423378	4377640373	216995	235.99	49.65	40	23	-1	10.50	10.50
Fixation L	1	4	4377648622	4377965748	317126	360.75	35.85	19	16	-1	9.90	9.90
Fixation R	1	4	4377648622	4377965748	317126	360.75	35.85	19	16	-1	10.45	10.45
Fixation L	1	5	4377974116	4378140991	166875	464.83	33.51	25	5	-1	9.94	9.94
Fixation R	1	5	4377974116	4378140991	166875	464.83	33.51	25	5	-1	10.53	10.53
Fixation L	1	6	4378149362	4378508108	358746	580.64	38.75	50	14	-1	9.75	9.75
Fixation R	1	6	4378149362	4378508108	358746	580.64	38.75	50	14	-1	10.40	10.40
Fixation L	1	7	4378574857	4378658355	83498	742.02	24.28	54	44	-1	9.93	9.93
Fixation R	1	7	4378574857	4378658355	83498	742.02	24.28	54	44	-1	10.71	10.71
Fixation L	1	8	4378666737	4379275850	609113	726.13	33.44	26	27	-1	10.02	10.02
Fixation R	1	8	4378666737	4379275850	609113	726.13	33.44	26	27	-1	10.55	10.55
Fixation L	1	9	4379292598	4379526221	233623	463.14	36.87	50	9	-1	10.16	10.16
Fixation R	1	9	4379292598	4379526221	233623	463.14	36.87	50	9	-1	10.67	10.67
Fixation L	1	10	4379542845	4379709715	166870	728.97	28.27	39	13	-1	10.21	10.21
Fixation R	1	10	4379542845	4379709715	166870	728.97	28.27	39	13	-1	10.62	10.62
Fixation L	1	11	4379718094	4380026838	308744	900.23	32.48	66	26	-1	10.13	10.13
Fixation R	1	11	4379718094	4380026838	308744	900.23	32.48	66	26	-1	10.54	10.54
Fixation L	1	12	4380085208	4380277206	191998	132.82	112.33	53	24	-1	9.94	9.94
Fixation R	1	12	4380085208	4380277206	191998	132.82	112.33	53	24	-1	10.67	10.67
Fixation L	1	13	4380377328	4380527576	150248	151.29	108.75	31	10	-1	10.08	10.08
Fixation R	1	13	4380377328	4380527576	150248	151.29	108.75	31	10	-1	10.57	10.57
Fixation L	1	14	4380535830	4380903072	367242	276.56	86.05	42	49	-1	10.10	10.10
Fixation R	1	14	4380535830	4380903072	367242	276.56	86.05	42	49	-1	10.68	10.68
Fixation L	1	15	4380944702	4381053194	108492	379.81	50.10	12	31	-1	10.13	10.13
Fixation R	1	15	4380944702	4381053194	108492	379.81	50.10	12	31	-1	10.52	10.52
Fixation R	1	16	4381161691	4381278565	116874	64.24	96.21	82	16	-1	10.62	10.62
Fixation L	1	16	4381170070	4381428687	258617	80.05	103.94	51	29	-1	10.05	10.05
Fixation R	1	17	4381286940	4381428687	141747	88.79	109.98	10	11	-1	10.73	10.73
Fixation L	1	17	4381437066	4381587310	150244	173.79	111.41	16	18	-1	10.43	10.43
Fixation R	1	18	4381437066	4381587310	150244	173.79	111.41	16	18	-1	10.93	10.93
Fixation L	1	18	4381595694	4381845940	250246	310.63	99.31	31	15	-1	10.33	10.33
Fixation R	1	19	4381595694	4381845940	250246	310.63	99.31	31	15	-1	10.78	10.78
Fixation L	1	19	4381854306	4382288175	433869	407.40	87.95	76	14	-1	10.33	10.33
Fixation R	1	20	4381854306	4382288175	433869	407.40	87.95	76	14	-1	10.70	10.70
Fixation L	1	20	4382296556	4382571925	275369	493.92	89.06	23	6	-1	10.33	10.33
Fixation R	1	21	4382296556	4382571925	275369	493.92	89.06	23	6	-1	10.61	10.61
Fixation L	1	21	4382580294	4382922419	342125	615.06	83.03	66	28	-1	10.29	10.29
Fixation R	1	22	4382580294	4382922419	342125	615.06	83.03	66	28	-1	10.64	10.64
Fixation L	1	22	4382930790	4383156041	225251	695.73	103.12	53	3	-1	10.26	10.26
Fixation R	1	23	4382930790	4383156041	225251	695.73	103.12	53	3	-1	10.53	10.53
Fixation L	1	23	4383164410	4383564907	400497	821.44	98.56	35	20	-1	10.14	10.14
Fixation R	1	24	4383164410	4383564907	400497	821.44	98.56	35	20	-1	10.44	10.44
Fixation L	1	24	4383573281	4383740156	166875	702.94	102.08	41	2	-1	10.08	10.08
Fixation R	1	25	4383573281	4383740156	166875	702.94	102.08	41	2	-1	10.43	10.43
Fixation L	1	25	4383748536	4383982152	233616	826.07	98.33	62	12	-1	10.13	10.13
Fixation R	1	26	4383748536	4383982152	233616	826.07	98.33	62	12	-1	10.54	10.54
Fixation L	1	26	4384032273	4384407770	375497	131.77	142.75	32	29	-1	9.90	9.90
Fixation R	1	27	4384032273	4384407770	375497	131.77	142.75	32	29	-1	10.69	10.69
Fixation L	1	27	4384416142	4384557894	141752	322.59	149.36	86	12	-1	10.04	10.04
Fixation R	1	28	4384416142	4384557894	141752	322.59	149.36	86	12	-1	10.47	10.47
Fixation L	1	28	4384566266	4384708138	141872	376.97	145.32	89	10	-1	10.03	10.03
Fixation R	1	29	4384566266	4384708138	141872	376.97	145.32	89	10	-1	10.42	10.42
Fixation L	1	29	4384716515	4384808269	91754	409.55	151.07	22	3	-1	10.02	10.02
Fixation R	1	30	4384716515	4384808269	91754	409.55	151.07	22	3	-1	10.44	10.44
Fixation L	1	30	4384816636	4385317253	500617	516.32	149.61	57	12	-1	9.72	9.72
Fixation R	1	31	4384816636	4385317253	500617	516.32	149.61	57	12	-1	10.21	10.21
Fixation L	1	31	4385325631	4385826249	500618	636.40	137.51	40	31	-1	9.63	9.63
Fixation R	1	32	4385325631	4385826249	500618	636.40	137.51	40	31	-1	10.16	10.16
Fixation L	1	32	4385918126	4386627362	709236	748.04	166.13	61	34	-1	9.87	9.87
Fixation R	1	33	4385918126	4386627362	709236	748.04	166.13	61	34	-1	10.38	10.38
Fixation L	1	33	4386635733	4386902737	267004	783.85	153.80	67	23	-1	9.83	9.83
Fixation R	1	34	4386635733	4386902737	267004	783.85	153.80	67	23	-1	10.21	10.21
Fixation L	1	34	4386911107	4387044606	133499	878.23	153.43	89	9	-1	9.84	9.84
Fixation R	1	35	4386911107	4387044606	133499	878.23	153.43	89	9	-1	10.11	10.11
Fixation L	1	35	4387052985	4387294973	241988	902.41	166.06	77	20	-1	9.77	9.77
Fixation R	1	36	4387052985	4387294973	241988	902.41	166.06	77	20	-1	10.10	10.10
Fixation L	1	36	4387370098	4387620343	250245	132.64	209.33	76	21	-1	9.67	9.67
Fixation R	1	37	4387370098	4387620343	250245	132.64	209.33	76	21	-1	10.45	10.45
Fixation L	1	37	4387703849	4387987588	283739	312.07	214.14	49	40	-1	9.75	9.75
Fixation R	1	38	4387703849	4387987588	283739	312.07	214.14	49	40	-1	10.25	10.25
Fixation L	1	38	4387995839	4388129340	133501	404.86	200.29	62	17	-1	9.72	9.72
Fixation R	1	39	4387995839	4388129340	133501	404.86	200.29	62	17	-1	10.18	10.18
Fixation L	1	39	4388137712	4388379711	241999	500.03	210.63	23	22	-1	9.50	9.50
Fixation R	1	40	4388137712	4388379711	241999	500.03	210.63	23	22	-1	9.99	9.99
Fixation L	1	40	4388388082	4388821952	433870	634.35	209.54	76	22	-1	9.44	9.44
Fixation R	1	41	4388388082	4388821952	433870	634.35	209.54	76	22	-1	10.03	10.03
Fixation L	1	41	4388830330	4389205825	375495	664.97	201.55	63	36	-1	9.60	9.60
Fixation R	1	42	4388830330	4389205825	375495	664.97	201.55	63	36	-1	10.19	10.19
Fixation L	1	42	4389214195	4389873434	659239	635.28	199.92	28	50	-1	9.73	9.73
Fixation R	1	43	4389214195	4389873434	659239	635.28	199.92	28	50	-1	10.36	10.36
Fixation L	1	43	4389881689	4390198804	317115	729.90	206.91	70	22	-1	9.86	9.86
Fixation R	1	44	4389881689	4390198804	317115	729.90	206.91	70	22	-1	10.46	10.46
Fixation L	1	44	4390207187	4390424178	216991	849.28	212.04	17	13	-1	9.93	9.93
Fixation R	1	45	4390207187	4390424178	216991	849.28	212.04	17	13	-1	10.54	10.54
Fixation L	1	45	4390532678	4390632801	100123	145.37	282.06	67	31	-1	9.99	9.99
Fixation R	1	46	4390532678	4390632801	100123	145.37	282.06	67	31	-1	10.88	10.88
Fixation L	1	46	4390641047	4390757928	116881	134.31	292.10	10	10	-1	9.93	9.93
Fixation R	1	47	4390641047	4390757928	116881	134.31	292.10	10	10	-1	10.74	10.74
Fixation L	1	47	4390766297	4390983172	216875	283.63	275.19	66	14	-1	10.11	10.11
Fixation R	1	48	4390766297	4390983172	216875	283.63	275.19	66	14	-1	10.74	10.74
Fixation L	1	48	4390991543	4391158420	166877	436.25	273.17	24	4	-1	10.07	10.07
Fixation R	1	49	4390991543	4391158420	166877	436.25	273.17	24	4	-1	10.69	10.69
Fixation L	1	49	4391166791	4391375415	208624	540.23	281.12	18	12	-1	9.97	9.97
Fixation R	1	50	4391166791	4391375415	208624	540.23	281.12	18	12	-1	10.40	10.40
Fixation L	1	50	4391383791	4391600660	216869	687.23	271.53	23	21	-1	9.93	9.93
Fixation R	1	51	4391383791	4391600660	216869	687.23	271.53	23	21	-1	10.32	10.32
Fixation L	1	51	4391609040	4391926154	317114	610.04	278.78	65	22	-1	9.89	9.89
Fixation R	1	52	4391609040	4391926154	317114	610.04	278.78	65	22	-1	10.27	10.27
Fixation L	1	52	4391934531	4392126400	191869	818.96	265.94	49	22	-1	9.79	9.79
Fixation R	1	53	4391934531	4392126400	191869	818.96	265.94	49	22	-1	10.39	10.39
Fixation L	1	53	4392176527	4392426770	250243	135.27	339.29	58	24	-1	9.80	9.80
Fixation R	1	54	4392176527	4392426770	250243	135.27	339.29	58	24	-1	10.54	10.54
Fixation L	1	54	4392435151	4392677143	241992	265.66	331.14	55	17	-1	9.99	9.99
Fixation R	1	55	4392435151	4392677143	241992	265.66	331.14	55	17	-1	10.57	10.57
Fixation L	1	55	4392685520	4392985892	300372	386.09	330.86	81	13	-1	9.92	9.92
Fixation R	1	56	4392685520	4392985892	300372	386.09	330.86	81	13	-1	10.33	10.33
Fixation L	1	56	4392994263	4393319634	325371	489.68	332.31	28	11	-1	9.86	9.86
Fixation R	1	57	4392994263	4393319634	325371	489.68	332.31	28	11	-1	10.39	10.39
Fixation L	1	57	4393328006	4393503256	175250	660.68	337.03	47	10	-1	9.96	9.96
Fixation R	1	58	4393328006	4393503256	175250	660.68	337.03	47	10	-1	10.45	10.45
Fixation L	1	58	4393620129	4393878749	258620	807.58	327.58	60	10	-1	9.95	9.95
Fixation R	1	59	4393620129	4393878749	258620	807.58	327.58	60	10	-1	10.11	10.11
Fixation L	1	59	4393928875	4394162502	233627	113.72	410.95	51	36	-1	9.86	9.86
Fixation R	1	60	4393928875	4394162502	233627	113.72	410.95	51	36	-1	10.54	10.54
Fixation L	1	60	4394170870	4394304368	133498	154.39	390.39	31	13	-1	9.96	9.96
Fixation R	1	61	4394170870	4394304368	133498	154.39	390.39	31	13	-1	10.51	10.51
Fixation L	1	61	4394312746	4394679861	367115	284.19	387.47	36	14	-1	10.01	10.01
Fixation R	1	62	4394312746	4394679861	367115	284.19	387.47	36	14	-1	10.52	10.52
Fixation L	1	62	4394688244	4394971859	283615	422.83	388.97	21	6	-1	10.10	10.10
Fixation R	1	63	4394688244	4394971859	283615	422.83	388.97	21	6	-1	10.51	10.51
Fixation L	1	63	4394980232	4395263985	283753	609.78	392.43	47	13	-1	10.00	10.00
Fixation R	1	64	4394980232	4395263985	283753	609.78	392.43	47	13	-1	10.46	10.46
Fixation L	1	64	4395272354	4395622723	350369	777.16	389.72	49	12	-1	10.02	10.02
Fixation R	1	65	4395272354	4395622723	350369	777.16	389.72	49	12	-1	10.41	10.41
Fixation L	1	65	4395631096	4395914847	283751	934.93	391.87	46	9	-1	9.88	9.88
Fixation R	1	66	4395631096	4395914847	283751	934.93	391.87	46	9	-1	10.32	10.32
Fixation L	1	66	4395973218	4396248592	275374	126.50	467.24	63	33	-1	9.85	9.85
Fixation R	1	67	4395973218	4396248592	275374	126.50	467.24	63	33	-1	10.50	10.50
Fixation L	1	67	4396256964	4396490594	233630	73.85	476.41	22	20	-1	9.82	9.82
Fixation R	1	68	4396256964	4396490594	233630	73.85	476.41	22	20	-1	10.22	10.22
Fixation L	1	68	4396498962	4396724207	225245	221.87	454.36	15	23	-1	9.82	9.82
Fixation R	1	69	4396498962	4396724207	225245	221.87	454.36	15	23	-1	10.23	10.23
Fixation L	1	69	4396732582	4396949580	216998	366.25	445.79	59	16	-1	9.96	9.96
Fixation R	1	70	4396732582	4396949580	216998	366.25	445.79	59	16	-1	10.38	10.38
Fixation L	1	70	4396957951	4397333449	375498	489.49	451.36	72	14	-1	9.68	9.68
Fixation R	1	71	4396957951	4397333449	375498	489.49	451.36	72	14	-1	10.42	10.42
Fixation L	1	71	4397341703	4397792322	450619	595.91	453.64	58	12	-1	9.81	9.81
Fixation R	1	72	4397341703	4397792322	450619	595.91	453.64	58	12	-1	10.32	10.32
Fixation L	1	72	4397800691	4398126190	325499	721.59	450.59	81	10	-1	9.74	9.74
Fixation R	1	73	4397800691	4398126190	325499	721.59	450.59	81	10	-1	10.22	10.22
Fixation L	1	73	4398134434	4398676931	542497	859.31	442.08	69	22	-1	9.77	9.77
Fixation R	1	74	4398134434	4398676931	542497	859.31	442.08	69	22	-1	10.25	10.25
Fixation L	1	74	4398693558	4398852176	158618	577.45	434.88	47	8	-1	10.02	10.02
Fixation R	1	75	4398693558	4398852176	158618	577.45	434.88	47	8	-1	10.68	10.68
Fixation L	1	75	4398868805	4399177556	308751	857.65	450.30	17	11	-1	10.02	10.02
Fixation R	1	76	4398868805	4399177556	308751	857.65	450.30	17	11	-1	10.54	10.54
Fixation L	1	76	4399235922	4399653162	417240	103.03	505.45	45	44	-1	9.81	9.81
Fixation R	1	77	4399235922	4399653162	417240	103.03	505.45	45	44	-1	10.31	10.31
Fixation L	1	77	4399786662	4399978663	192001	326.67	429.39	22	29	-1	9.92	9.92
Fixation R	1	78	4399786662	4399978663	192001	326.67	429.39	22	29	-1	10.18	10.18
Fixation L	1	78	4399987035	4400195534	208499	250.06	492.28	50	29	-1	9.94	9.94
Fixation R	1	79	4399987035	4400195534	208499	250.06	492.28	50	29	-1	10.25	10.25
Fixation L	1	79	4400203908	4400354156	150248	403.22	500.00	11	6	-1	9.96	9.96
Fixation R	1	80	4400203908	4400354156	150248	403.22	500.00	11	6	-1	10.54	10.54
Fixation L	1	80	4400362527	4400954896	592369	290.08	504.02	61	16	-1	9.96	9.96
Fixation R	1	81	4400362527	4400954896	592369	290.08	504.02	61	16	-1	10.35	10.35
Fixation L	1	81	4400963267	4401372142	408875	365.97	503.60	67	14	-1	10.02	10.02
Fixation R	1	82	4400963267	4401372142	408875	365.97	503.60	67	14	-1	10.62	10.62
Fixation L	1	82	4401380510	4401731005	350495	564.54	504.25	78	7	-1	10.31	10.31
Fixation R	1	83	4401380510	4401731005	350495	564.54	504.25	78	7	-1	10.90	10.90
Fixation L	1	83	4401922886	4402014754	91868	682.57	475.72	66	32	-1	9.92	9.92
Fixation R	1	84	4401922886	4402014754	91868	682.57	475.72	66	32	-1	10.53	10.53
Fixation L	1	84	4402056375	4402423497	367122	818.60	504.54	47	15	-1	10.14	10.14
Fixation R	1	85	4402056375	4402423497	367122	818.60	504.54	47	15	-1	10.67	10.67
Fixation L	1	85	4402465244	4402548748	83504	171.24	567.78	42	54	-1	9.86	9.86
Fixation R	1	86	4402465244	4402548748	83504	171.24	567.78	42	54	-1	10.32	10.32
Fixation L	1	86	4402557119	4402698997	141878	139.41	577.04	62	7	-1	9.70	9.70
Fixation R	1	87	4402557119	4402698997	141878	139.41	577.04	62	7	-1	10.41	10.41
Fixation L	1	87	4402882491	4402982610	100119	169.20	554.68	64	33	-1	9.79	9.79
Fixation R	1	88	4402882491	4402982610	100119	169.20	554.68	64	33	-1	10.20	10.20
Fixation L	1	88	4402990989	4403124490	133501	266.78	546.21	89	10	-1	9.99	9.99
Fixation R	1	89	4402990989	4403124490	133501	266.78	546.21	89	10	-1	10.62	10.62
Fixation L	1	89	4403132862	4403491733	358871	236.07	558.35	84	13	-1	10.02	10.02
Fixation R	1	90	4403132862	4403491733	358871	236.07	558.35	84	13	-1	10.65	10.65
Fixation R	1	91	4403499983	4403675231	175248	323.32	541.64	27	10	-1	10.86	10.86
Fixation L	1	90	4403683604	4403917224	233620	455.62	569.73	61	24	-1	10.30	10.30
Fixation R	1	92	4403683604	4403917224	233620	455.62	569.73	61	24	-1	11.16	11.16
Fixation L	1	91	4403933975	4404192597	258622	615.00	568.67	56	9	-1	10.42	10.42
Fixation R	1	93	4403933975	4404192597	258622	615.00	568.67	56	9	-1	10.89	10.89
Fixation L	1	92	4404200976	4404743335	542359	769.57	564.75	80	8	-1	10.10	10.10
Fixation R	1	94	4404200976	4404743335	542359	769.57	564.75	80	8	-1	10.81	10.81
Fixation L	1	93	4404785084	4404935333	150249	176.73	636.51	34	30	-1	10.10	10.10
Fixation R	1	95	4404785084	4404935333	150249	176.73	636.51	34	30	-1	10.62	10.62
Fixation L	1	94	4404943582	4405110454	166872	99.31	647.49	32	6	-1	10.00	10.00
Fixation R	1	96	4404943582	4405110454	166872	99.31	647.49	32	6	-1	10.62	10.62
Fixation L	1	95	4405118832	4405302459	183627	256.65	632.22	44	21	-1	10.28	10.28
Fixation R	1	97	4405118832	4405302459	183627	256.65	632.22	44	21	-1	10.50	10.50
Fixation L	1	96	4405310828	4405477705	166877	381.31	629.90	35	4	-1	10.36	10.36
Fixation R	1	98	4405310828	4405477705	166877	381.31	629.90	35	4	-1	10.93	10.93
Fixation L	1	97	4405486073	4405828200	342127	529.22	633.64	49	11	-1	10.27	10.27
Fixation R	1	99	4405486073	4405828200	342127	529.22	633.64	49	11	-1	10.84	10.84
Fixation L	1	98	4405836444	4406053443	216999	652.39	630.79	30	11	-1	9.89	9.89
Fixation R	1	100	4405836444	4406053443	216999	652.39	630.79	30	11	-1	10.79	10.79
Fixation L	1	99	4406061817	4406220315	158498	558.14	630.13	28	10	-1	10.32	10.32
Fixation R	1	101	4406061817	4406220315	158498	558.14	630.13	28	10	-1	10.95	10.95
Fixation L	1	100	4406320435	4406453942	133507	476.09	605.10	54	26	-1	10.83	10.83
Fixation R	1	102	4406320435	4406453942	133507	476.09	605.10	54	26	-1	10.70	10.70
Fixation L	1	101	4406629188	4406754431	125243	554.28	607.40	19	67	-1	10.86	10.86
Fixation R	1	103	4406629188	4406754431	125243	554.28	607.40	19	67	-1	10.87	10.87
Fixation L	1	102	4406762683	4407071427	308744	601.39	626.68	43	25	-1	10.33	10.33
Fixation R	1	104	4406762683	4407071427	308744	601.39	626.68	43	25	-1	11.26	11.26
Fixation L	1	103	4407088179	4407655546	567367	822.84	622.70	80	18	-1	10.02	10.02
Fixation R	1	105	4407088179	4407655546	567367	822.84	622.70	80	18	-1	10.86	10.86
Fixation L	1	104	4407663919	4408314785	650866	870.07	628.79	17	8	-1	10.20	10.20
Fixation R	1	106	4407663919	4408314785	650866	870.07	628.79	17	8	-1	10.87	10.87
Fixation L	1	105	4408364911	4408523404	158493	169.28	709.28	81	13	-1	10.32	10.32
Fixation R	1	107	4408364911	4408523404	158493	169.28	709.28	81	13	-1	11.03	11.03
Fixation L	1	106	4408531784	4408690278	158494	98.89	717.00	27	10	-1	10.21	10.21
Fixation R	1	108	4408531784	4408690278	158494	98.89	717.00	27	10	-1	10.98	10.98
Fixation L	1	107	4408698652	4408898899	200247	294.11	695.08	54	31	-1	10.53	10.53
Fixation R	1	109	4408698652	4408898899	200247	294.11	695.08	54	31	-1	10.79	10.79
Fixation L	1	108	4408915653	4409074147	158494	549.26	697.06	38	4	-1	10.54	10.54
Fixation R	1	110	4408915653	4409074147	158494	549.26	697.06	38	4	-1	11.23	11.23
Fixation L	1	109	4409082527	4409241022	158495	730.03	695.88	91	2	-1	10.09	10.09
Fixation R	1	111	4409082527	4409241022	158495	730.03	695.88	91	2	-1	10.85	10.85
Fixation L	1	110	4409249390	4409633271	383881	856.04	691.53	43	21	-1	10.06	10.06
Fixation R	1	112	4409249390	4409633271	383881	856.04	691.53	43	21	-1	10.73	10.73
Fixation L	1	111	4409725011	4409866883	141872	154.00	48.00	37	62	-1	9.83	9.83
Fixation R	1	113	4409725011	4409866883	141872	154.00	48.00	37	62	-1	10.83	10.83

