[BeGaze]
Converted from:	C:\Program Files\SMI\Experiment Suite 360\Experiment Center 2\Results\Readability_First_01\P02-eye_data.idf
Date:	02.08.2013 11:27:25
Version:	BeGaze 3.2.28
Sample Rate:	120
Subject:	P02
Description:	Run2

Table Header for Fixations:
Event Type	Trial	Number	Start	End	Duration	Location X	Location Y	Dispersion X	Dispersion Y	Plane	Avg. Pupil Size X	Avg. Pupil Size Y


Fixation L	1	1	5117264089	5117622918	358829	128.86	81.13	56	7	-1	10.20	10.20
Fixation R	1	1	5117264089	5117622918	358829	128.86	81.13	56	7	-1	10.92	10.92
Fixation L	1	2	5117631171	5117856542	225371	278.98	56.61	15	30	-1	10.07	10.07
Fixation R	1	2	5117631171	5117856542	225371	278.98	56.61	15	30	-1	10.59	10.59
Fixation L	1	3	5117864915	5118106914	241999	420.64	41.74	65	22	-1	10.14	10.14
Fixation R	1	3	5117864915	5118106914	241999	420.64	41.74	65	22	-1	10.56	10.56
Fixation L	1	4	5118115160	5118348908	233748	577.62	29.42	24	4	-1	10.13	10.13
Fixation R	1	4	5118115160	5118348908	233748	577.62	29.42	24	4	-1	10.47	10.47
Fixation L	1	5	5118357158	5118457285	100127	738.74	29.61	91	5	-1	10.02	10.02
Fixation R	1	5	5118357158	5118457285	100127	738.74	29.61	91	5	-1	10.43	10.43
Fixation L	1	6	5118465656	5118874522	408866	857.18	41.58	53	22	-1	10.10	10.10
Fixation R	1	6	5118465656	5118874522	408866	857.18	41.58	53	22	-1	10.52	10.52
Fixation L	1	7	5118916275	5119049771	133496	169.04	112.14	72	26	-1	10.13	10.13
Fixation R	1	7	5118916275	5119049771	133496	169.04	112.14	72	26	-1	11.00	11.00
Fixation L	1	8	5119058150	5119216646	158496	110.09	117.73	70	18	-1	10.21	10.21
Fixation R	1	8	5119058150	5119216646	158496	110.09	117.73	70	18	-1	11.02	11.02
Fixation L	1	9	5119225018	5119450264	225246	283.82	101.88	31	42	-1	10.36	10.36
Fixation R	1	9	5119225018	5119450264	225246	283.82	101.88	31	42	-1	11.05	11.05
Fixation L	1	10	5119467020	5119684015	216995	458.07	96.31	74	25	-1	10.51	10.51
Fixation R	1	10	5119467020	5119684015	216995	458.07	96.31	74	25	-1	10.95	10.95
Fixation L	1	11	5119767387	5119942634	175247	732.93	117.44	80	17	-1	10.46	10.46
Fixation R	1	11	5119767387	5119942634	175247	732.93	117.44	80	17	-1	10.78	10.78
Fixation L	1	12	5119951008	5120101257	150249	674.64	94.96	13	21	-1	10.40	10.40
Fixation R	1	12	5119951008	5120101257	150249	674.64	94.96	13	21	-1	10.86	10.86
Fixation L	1	13	5120109508	5120376623	267115	814.15	90.10	62	15	-1	10.30	10.30
Fixation R	1	13	5120109508	5120376623	267115	814.15	90.10	62	15	-1	10.76	10.76
Fixation L	1	14	5120426622	5120651875	225253	148.69	174.30	72	25	-1	10.09	10.09
Fixation R	1	14	5120426622	5120651875	225253	148.69	174.30	72	25	-1	10.96	10.96
Fixation L	1	15	5120660247	5120918993	258746	114.02	190.80	30	41	-1	10.23	10.23
Fixation R	1	15	5120660247	5120918993	258746	114.02	190.80	30	41	-1	10.99	10.99
Fixation L	1	16	5120927366	5121069112	141746	224.46	187.23	28	33	-1	10.43	10.43
Fixation R	1	16	5120927366	5121069112	141746	224.46	187.23	28	33	-1	10.98	10.98
Fixation L	1	17	5121102489	5121311113	208624	744.73	90.82	68	16	-1	10.58	10.58
Fixation R	1	17	5121102489	5121311113	208624	744.73	90.82	68	16	-1	10.78	10.78
Fixation L	1	18	5121319484	5121661608	342124	661.86	95.70	33	13	-1	10.45	10.45
Fixation R	1	18	5121319484	5121661608	342124	661.86	95.70	33	13	-1	10.81	10.81
Fixation L	1	19	5121694983	5121903603	208620	248.45	164.30	59	28	-1	10.11	10.11
Fixation R	1	19	5121694983	5121903603	208620	248.45	164.30	59	28	-1	10.95	10.95
Fixation L	1	20	5121911984	5122078850	166866	361.40	160.04	36	10	-1	10.34	10.34
Fixation R	1	20	5121911984	5122078850	166866	361.40	160.04	36	10	-1	10.86	10.86
Fixation L	1	21	5122087229	5122320844	233615	481.63	161.70	24	6	-1	10.15	10.15
Fixation R	1	21	5122087229	5122320844	233615	481.63	161.70	24	6	-1	10.76	10.76
Fixation L	1	22	5122329220	5122562842	233622	594.54	159.83	61	18	-1	10.07	10.07
Fixation R	1	22	5122329220	5122562842	233622	594.54	159.83	61	18	-1	10.71	10.71
Fixation L	1	23	5122571215	5122813217	242002	702.33	145.66	68	15	-1	10.15	10.15
Fixation R	1	23	5122571215	5122813217	242002	702.33	145.66	68	15	-1	10.70	10.70
Fixation L	1	24	5122821464	5123030084	208620	834.73	152.15	81	12	-1	10.14	10.14
Fixation R	1	24	5122821464	5123030084	208620	834.73	152.15	81	12	-1	10.60	10.60
Fixation L	1	25	5123080207	5123347203	266996	146.49	228.30	83	16	-1	10.11	10.11
Fixation R	1	25	5123080207	5123347203	266996	146.49	228.30	83	16	-1	10.89	10.89
Fixation R	1	26	5123497451	5123772825	275374	328.92	214.89	46	20	-1	10.76	10.76
Fixation L	1	26	5123781073	5124064821	283748	499.65	225.40	85	9	-1	10.22	10.22
Fixation R	1	27	5123781073	5124064821	283748	499.65	225.40	85	9	-1	10.62	10.62
Fixation L	1	27	5124081568	5124323564	241996	651.04	221.64	39	6	-1	9.99	9.99
Fixation R	1	28	5124081568	5124323564	241996	651.04	221.64	39	6	-1	10.48	10.48
Fixation L	1	28	5124331813	5124548814	217001	834.61	216.61	88	8	-1	10.01	10.01
Fixation R	1	29	5124331813	5124548814	217001	834.61	216.61	88	8	-1	10.45	10.45
Fixation L	1	29	5124590567	5124774186	183619	195.81	276.83	36	35	-1	10.08	10.08
Fixation R	1	30	5124590567	5124774186	183619	195.81	276.83	36	35	-1	10.75	10.75
Fixation L	1	30	5124782432	5125024427	241995	115.18	289.16	51	14	-1	10.13	10.13
Fixation R	1	31	5124782432	5125024427	241995	115.18	289.16	51	14	-1	10.73	10.73
Fixation L	1	31	5125032804	5125199679	166875	259.60	283.05	30	10	-1	10.20	10.20
Fixation R	1	32	5125032804	5125199679	166875	259.60	283.05	30	10	-1	10.72	10.72
Fixation L	1	32	5125208051	5125416674	208623	405.64	284.63	61	12	-1	10.31	10.31
Fixation R	1	33	5125208051	5125416674	208623	405.64	284.63	61	12	-1	10.71	10.71
Fixation L	1	33	5125425048	5125616919	191871	558.36	277.91	60	6	-1	10.23	10.23
Fixation R	1	34	5125425048	5125616919	191871	558.36	277.91	60	6	-1	10.66	10.66
Fixation L	1	34	5125625294	5125758792	133498	627.58	283.31	56	12	-1	10.20	10.20
Fixation R	1	35	5125625294	5125758792	133498	627.58	283.31	56	12	-1	10.66	10.66
Fixation L	1	35	5125867294	5126017417	150123	755.76	273.16	60	17	-1	10.27	10.27
Fixation R	1	36	5125867294	5126017417	150123	755.76	273.16	60	17	-1	10.83	10.83
Fixation L	1	36	5126025788	5126259410	233622	888.02	276.62	36	19	-1	10.35	10.35
Fixation R	1	37	5126025788	5126259410	233622	888.02	276.62	36	19	-1	10.76	10.76
Fixation L	1	37	5126317910	5126601529	283619	119.19	360.43	36	37	-1	10.05	10.05
Fixation R	1	38	5126317910	5126601529	283619	119.19	360.43	36	37	-1	10.71	10.71
Fixation L	1	38	5126609902	5126902024	292122	288.56	347.05	35	21	-1	10.40	10.40
Fixation R	1	39	5126609902	5126902024	292122	288.56	347.05	35	21	-1	10.84	10.84
Fixation L	1	39	5126910275	5127077275	167000	186.58	365.47	23	14	-1	10.34	10.34
Fixation R	1	40	5126910275	5127077275	167000	186.58	365.47	23	14	-1	10.71	10.71
Fixation L	1	40	5127110651	5127302522	191871	700.78	274.37	66	12	-1	10.25	10.25
Fixation R	1	41	5127110651	5127302522	191871	700.78	274.37	66	12	-1	10.58	10.58
Fixation L	1	41	5127319271	5127628018	308747	861.96	283.04	62	23	-1	10.27	10.27
Fixation R	1	42	5127319271	5127628018	308747	861.96	283.04	62	23	-1	10.63	10.63
Fixation R	1	43	5127736390	5127895015	158625	197.95	359.29	72	25	-1	10.63	10.63
Fixation L	1	42	5127744766	5127895015	150249	199.07	359.57	72	25	-1	10.20	10.20
Fixation L	1	43	5127903388	5128212139	308751	119.66	358.34	53	23	-1	10.45	10.45
Fixation R	1	44	5127903388	5128212139	308751	119.66	358.34	53	23	-1	11.01	11.01
Fixation R	1	45	5128220386	5128370634	150248	235.59	360.04	12	18	-1	11.05	11.05
Fixation L	1	44	5128529128	5128754502	225374	261.00	319.61	85	13	-1	10.51	10.51
Fixation R	1	46	5128529128	5128754502	225374	261.00	319.61	85	13	-1	11.03	11.03
Fixation L	1	45	5128762876	5128921377	158501	278.14	333.64	7	14	-1	10.56	10.56
Fixation R	1	47	5128762876	5128921377	158501	278.14	333.64	7	14	-1	11.11	11.11
Fixation L	1	46	5128937997	5129163369	225372	457.23	338.63	66	14	-1	10.41	10.41
Fixation R	1	48	5128937997	5129163369	225372	457.23	338.63	66	14	-1	10.97	10.97
Fixation L	1	47	5129171747	5129555488	383741	604.89	338.25	39	14	-1	10.19	10.19
Fixation R	1	49	5129171747	5129555488	383741	604.89	338.25	39	14	-1	10.84	10.84
Fixation L	1	48	5129572242	5129797482	225240	856.91	335.97	81	15	-1	10.01	10.01
Fixation R	1	50	5129572242	5129797482	225240	856.91	335.97	81	15	-1	10.50	10.50
Fixation L	1	49	5129805858	5129922736	116878	909.13	330.36	34	4	-1	10.10	10.10
Fixation R	1	51	5129805858	5129922736	116878	909.13	330.36	34	4	-1	10.56	10.56
Fixation L	1	50	5129981103	5130189726	208623	107.69	408.54	35	31	-1	10.08	10.08
Fixation R	1	52	5129981103	5130189726	208623	107.69	408.54	35	31	-1	10.68	10.68
Fixation R	1	53	5130198102	5130440095	241993	264.10	400.32	52	7	-1	10.77	10.77
Fixation L	1	51	5130448474	5130656967	208493	417.30	395.77	19	15	-1	10.23	10.23
Fixation R	1	54	5130448474	5130656967	208493	417.30	395.77	19	15	-1	10.78	10.78
Fixation L	1	52	5130665344	5130773849	108505	516.90	397.34	91	7	-1	10.07	10.07
Fixation R	1	55	5130665344	5130773849	108505	516.90	397.34	91	7	-1	10.65	10.65
Fixation L	1	53	5130782218	5130965713	183495	318.64	405.23	32	14	-1	9.56	9.56
Fixation R	1	56	5130782218	5131015837	233619	307.13	403.76	81	14	-1	10.68	10.68
Fixation R	1	57	5131024219	5131165961	141742	248.80	401.19	35	13	-1	10.64	10.64
Fixation L	1	54	5131174343	5131391332	216989	408.29	415.05	50	18	-1	10.20	10.20
Fixation R	1	58	5131174343	5131391332	216989	408.29	415.05	50	18	-1	10.66	10.66
Fixation L	1	55	5131399711	5132167449	767738	507.53	404.62	42	28	-1	10.08	10.08
Fixation R	1	59	5131399711	5132167449	767738	507.53	404.62	42	28	-1	10.65	10.65
Fixation L	1	56	5132175700	5132442819	267119	638.43	403.29	75	13	-1	10.05	10.05
Fixation R	1	60	5132175700	5132442819	267119	638.43	403.29	75	13	-1	10.84	10.84
Fixation L	1	57	5132451068	5132643065	191997	773.29	399.43	10	11	-1	10.15	10.15
Fixation R	1	61	5132451068	5132643065	191997	773.29	399.43	10	11	-1	10.64	10.64
Fixation L	1	58	5132651316	5132843313	191997	911.30	390.33	55	11	-1	10.02	10.02
Fixation R	1	62	5132651316	5132843313	191997	911.30	390.33	55	11	-1	10.54	10.54
Fixation L	1	59	5132893312	5133051935	158623	172.25	447.69	73	19	-1	10.06	10.06
Fixation R	1	63	5132893312	5133051935	158623	172.25	447.69	73	19	-1	10.74	10.74
Fixation L	1	60	5133060309	5133193807	133498	89.12	453.42	18	2	-1	10.05	10.05
Fixation R	1	64	5133060309	5133193807	133498	89.12	453.42	18	2	-1	10.62	10.62
Fixation L	1	61	5133327309	5133419053	91744	130.13	467.15	60	39	-1	10.05	10.05
Fixation R	1	65	5133327309	5133419053	91744	130.13	467.15	60	39	-1	10.51	10.51
Fixation L	1	62	5133510803	5133827926	317123	290.25	450.54	71	8	-1	10.44	10.44
Fixation R	1	66	5133510803	5133827926	317123	290.25	450.54	71	8	-1	10.97	10.97
Fixation L	1	63	5133836297	5134053296	216999	393.15	457.41	28	7	-1	10.39	10.39
Fixation R	1	67	5133836297	5134053296	216999	393.15	457.41	28	7	-1	10.92	10.92
Fixation L	1	64	5134061543	5134462159	400616	271.64	460.00	87	12	-1	10.29	10.29
Fixation R	1	68	5134061543	5134462159	400616	271.64	460.00	87	12	-1	10.80	10.80
Fixation L	1	65	5134528917	5134770906	241989	400.33	457.29	70	20	-1	10.27	10.27
Fixation R	1	69	5134528917	5134770906	241989	400.33	457.29	70	20	-1	10.68	10.68
Fixation L	1	66	5134779285	5135004533	225248	536.84	465.27	43	13	-1	10.26	10.26
Fixation R	1	70	5134779285	5135004533	225248	536.84	465.27	43	13	-1	10.82	10.82
Fixation L	1	67	5135012903	5135338273	325370	696.54	450.23	82	11	-1	9.94	9.94
Fixation R	1	71	5135012903	5135338273	325370	696.54	450.23	82	11	-1	10.55	10.55
Fixation L	1	68	5135346650	5135613648	266998	888.68	445.67	25	8	-1	9.88	9.88
Fixation R	1	72	5135346650	5135613648	266998	888.68	445.67	25	8	-1	10.45	10.45
Fixation L	1	69	5135663768	5135830647	166879	153.83	519.42	60	30	-1	10.05	10.05
Fixation R	1	73	5135663768	5135830647	166879	153.83	519.42	60	30	-1	10.66	10.66
Fixation L	1	70	5135839016	5136064264	225248	101.09	524.07	36	8	-1	10.09	10.09
Fixation R	1	74	5135839016	5136064264	225248	101.09	524.07	36	8	-1	10.55	10.55
Fixation L	1	71	5136072638	5136590006	517368	216.78	515.70	58	15	-1	10.29	10.29
Fixation R	1	75	5136072638	5136590006	517368	216.78	515.70	58	15	-1	10.58	10.58
Fixation L	1	72	5136598381	5136865376	266995	293.67	509.01	55	16	-1	10.35	10.35
Fixation R	1	76	5136598381	5136865376	266995	293.67	509.01	55	16	-1	10.82	10.82
Fixation L	1	73	5136873750	5137123996	250246	401.36	518.72	21	6	-1	10.40	10.40
Fixation R	1	77	5136873750	5137123996	250246	401.36	518.72	21	6	-1	11.07	11.07
Fixation L	1	74	5137274244	5137532870	258626	432.60	497.08	65	27	-1	10.28	10.28
Fixation R	1	78	5137274244	5137532870	258626	432.60	497.08	65	27	-1	10.96	10.96
Fixation L	1	75	5137541242	5137808239	266997	511.66	513.85	63	16	-1	10.42	10.42
Fixation R	1	79	5137541242	5137808239	266997	511.66	513.85	63	16	-1	11.23	11.23
Fixation L	1	76	5137816613	5138016859	200246	661.84	514.81	62	16	-1	10.47	10.47
Fixation R	1	80	5137816613	5138016859	200246	661.84	514.81	62	16	-1	10.90	10.90
Fixation L	1	77	5138025231	5138283983	258752	752.44	511.46	18	12	-1	10.11	10.11
Fixation R	1	81	5138025231	5138283983	258752	752.44	511.46	18	12	-1	10.80	10.80
Fixation L	1	78	5138292230	5138659475	367245	900.14	507.06	64	8	-1	10.04	10.04
Fixation R	1	82	5138292230	5138659475	367245	900.14	507.06	64	8	-1	10.66	10.66
Fixation L	1	79	5138717845	5138943093	225248	111.63	572.00	55	40	-1	10.01	10.01
Fixation R	1	83	5138717845	5138943093	225248	111.63	572.00	55	40	-1	10.69	10.69
Fixation L	1	80	5138951467	5139059968	108501	78.99	585.32	21	7	-1	10.11	10.11
Fixation R	1	84	5138951467	5139059968	108501	78.99	585.32	21	7	-1	10.64	10.64
Fixation L	1	81	5139068339	5139176848	108509	191.70	575.55	85	13	-1	10.43	10.43
Fixation R	1	85	5139068339	5139176848	108509	191.70	575.55	85	13	-1	10.69	10.69
Fixation L	1	82	5139185094	5139610710	425616	342.72	570.85	87	10	-1	10.38	10.38
Fixation R	1	86	5139185094	5139610710	425616	342.72	570.85	87	10	-1	10.93	10.93
Fixation L	1	83	5139627459	5139777581	150122	487.26	581.04	45	4	-1	10.33	10.33
Fixation R	1	87	5139627459	5139777581	150122	487.26	581.04	45	4	-1	11.20	11.20
Fixation L	1	84	5139986207	5140086332	100125	557.45	515.46	52	41	-1	10.59	10.59
Fixation R	1	88	5139986207	5140086332	100125	557.45	515.46	52	41	-1	8.95	8.95
Fixation L	1	85	5140161452	5140370070	208618	785.63	563.26	28	22	-1	10.31	10.31
Fixation R	1	89	5140161452	5140370070	208618	785.63	563.26	28	22	-1	11.15	11.15
Fixation L	1	86	5140378447	5140670444	291997	937.38	572.57	27	13	-1	10.19	10.19
Fixation R	1	90	5140378447	5140670444	291997	937.38	572.57	27	13	-1	10.85	10.85
Fixation L	1	87	5140728815	5140970811	241996	127.43	618.62	30	41	-1	10.06	10.06
Fixation R	1	91	5140728815	5140970811	241996	127.43	618.62	30	41	-1	10.77	10.77
Fixation L	1	88	5140979186	5141271310	292124	191.80	632.39	52	20	-1	10.58	10.58
Fixation R	1	92	5140979186	5141271310	292124	191.80	632.39	52	20	-1	10.89	10.89
Fixation L	1	89	5141279559	5141796927	517368	229.51	635.68	85	12	-1	10.62	10.62
Fixation R	1	93	5141279559	5141796927	517368	229.51	635.68	85	12	-1	10.94	10.94
Fixation L	1	90	5141805301	5142114047	308746	419.36	636.30	62	8	-1	10.81	10.81
Fixation R	1	94	5141805301	5142114047	308746	419.36	636.30	62	8	-1	11.63	11.63
Fixation L	1	91	5142122423	5142339423	217000	611.91	628.70	44	14	-1	10.80	10.80
Fixation R	1	95	5142122423	5142339423	217000	611.91	628.70	44	14	-1	11.53	11.53
Fixation L	1	92	5142356043	5142748288	392245	837.41	629.17	81	8	-1	10.43	10.43
Fixation R	1	96	5142356043	5142748288	392245	837.41	629.17	81	8	-1	11.16	11.16
Fixation L	1	93	5142756538	5142948532	191994	897.24	634.79	18	5	-1	10.46	10.46
Fixation R	1	97	5142756538	5142948532	191994	897.24	634.79	18	5	-1	11.10	11.10
Fixation L	1	94	5143006906	5143223905	216999	130.44	719.37	32	25	-1	10.57	10.57
Fixation R	1	98	5143006906	5143223905	216999	130.44	719.37	32	25	-1	11.30	11.30
Fixation L	1	95	5143232278	5143507650	275372	314.12	694.04	55	22	-1	10.91	10.91
Fixation R	1	99	5143232278	5143507650	275372	314.12	694.04	55	22	-1	11.37	11.37
Fixation L	1	96	5143515902	5143716274	200372	511.86	693.37	79	4	-1	10.82	10.82
Fixation R	1	100	5143515902	5143716274	200372	511.86	693.37	79	4	-1	11.87	11.87
Fixation L	1	97	5143724520	5143849769	125249	617.45	697.94	87	5	-1	10.90	10.90
Fixation R	1	101	5143724520	5143849769	125249	617.45	697.94	87	5	-1	11.67	11.67
Fixation L	1	98	5143858018	5144125138	267120	730.79	691.37	45	13	-1	10.56	10.56
Fixation R	1	102	5143858018	5144125138	267120	730.79	691.37	45	13	-1	11.36	11.36
Fixation L	1	99	5144133389	5144500634	367245	862.76	694.73	62	4	-1	10.54	10.54
Fixation R	1	103	5144133389	5144500634	367245	862.76	694.73	62	4	-1	11.16	11.16
Fixation L	1	100	5144575758	5144717508	141750	509.44	44.93	31	62	-1	10.71	10.71
Fixation R	1	104	5144575758	5144717508	141750	509.44	44.93	31	62	-1	11.13	11.13
Fixation L	1	101	5144759255	5144976250	216995	731.87	658.42	42	57	-1	10.89	10.89
Fixation R	1	105	5144759255	5144976250	216995	731.87	658.42	42	57	-1	11.63	11.63
Fixation L	1	102	5144984626	5145284996	300370	693.92	700.14	58	16	-1	10.83	10.83
Fixation R	1	106	5144984626	5145284996	300370	693.92	700.14	58	16	-1	11.60	11.60
Fixation L	1	103	5145293380	5145602120	308740	577.42	706.72	34	6	-1	11.06	11.06
Fixation R	1	107	5145293380	5145602120	308740	577.42	706.72	34	6	-1	12.03	12.03
Fixation L	1	104	5145610370	5145693870	83500	835.72	708.19	88	8	-1	10.72	10.72
Fixation R	1	108	5145610370	5145693870	83500	835.72	708.19	88	8	-1	11.52	11.52
Fixation L	1	105	5145702243	5145952610	250367	851.66	697.58	10	63	-1	10.55	10.55
Fixation R	1	109	5145702243	5145952610	250367	851.66	697.58	10	63	-1	11.39	11.39

