[BeGaze]
Converted from:	C:\Program Files\SMI\Experiment Suite 360\Experiment Center 2\Results\Readability_First_01\P02-eye_data.idf
Date:	02.08.2013 11:27:28
Version:	BeGaze 3.2.28
Sample Rate:	120
Subject:	P02
Description:	Run2

Table Header for Fixations:
Event Type	Trial	Number	Start	End	Duration	Location X	Location Y	Dispersion X	Dispersion Y	Plane	Avg. Pupil Size X	Avg. Pupil Size Y


Fixation L	1	1	6729267043	6729450626	183583	279.88	174.31	31	32	-1	11.63	11.63
Fixation R	1	1	6729267043	6729450626	183583	279.88	174.31	31	32	-1	12.24	12.24
Fixation R	1	2	6729467247	6729625746	158499	182.30	37.24	72	19	-1	12.14	12.14
Fixation L	1	2	6729742617	6729867741	125124	117.45	77.03	9	10	-1	9.20	9.20
Fixation R	1	3	6729742617	6729867741	125124	117.45	77.03	9	10	-1	11.08	11.08
Fixation L	1	3	6729876119	6730209864	333745	266.36	69.56	67	4	-1	10.29	10.29
Fixation R	1	4	6729876119	6730385110	508991	257.50	69.16	67	9	-1	11.03	11.03
Fixation L	1	4	6730226611	6730385110	158499	239.44	68.25	20	9	-1	10.54	10.54
Fixation L	1	5	6730393483	6730768976	375493	324.38	50.53	48	51	-1	10.57	10.57
Fixation R	1	5	6730393483	6730768976	375493	324.38	50.53	48	51	-1	10.69	10.69
Fixation L	1	6	6730777355	6731027733	250378	314.80	81.79	70	21	-1	10.64	10.64
Fixation R	1	6	6730777355	6731027733	250378	314.80	81.79	70	21	-1	11.07	11.07
Fixation L	1	7	6731035971	6731169594	133623	368.04	33.44	25	37	-1	10.90	10.90
Fixation R	1	7	6731035971	6731169594	133623	368.04	33.44	25	37	-1	11.36	11.36
Fixation L	1	8	6731177848	6731436593	258745	483.27	37.16	31	27	-1	10.99	10.99
Fixation R	1	8	6731177848	6731436593	258745	483.27	37.16	31	27	-1	11.35	11.35
Fixation L	1	9	6731444966	6731695212	250246	579.15	44.14	54	18	-1	10.85	10.85
Fixation R	1	9	6731444966	6731695212	250246	579.15	44.14	54	18	-1	11.16	11.16
Fixation L	1	10	6731703592	6732087458	383866	715.65	38.42	75	22	-1	10.74	10.74
Fixation R	1	10	6731703592	6732087458	383866	715.65	38.42	75	22	-1	11.08	11.08
Fixation L	1	11	6732112461	6732312706	200245	796.68	40.01	45	53	-1	10.70	10.70
Fixation R	1	11	6732112461	6732312706	200245	796.68	40.01	45	53	-1	11.00	11.00
Fixation L	1	12	6732321079	6732471329	150250	875.65	57.80	70	23	-1	10.59	10.59
Fixation R	1	12	6732321079	6732471329	150250	875.65	57.80	70	23	-1	10.92	10.92
Fixation L	1	13	6732529709	6732679951	150242	119.23	120.60	34	62	-1	10.35	10.35
Fixation R	1	13	6732529709	6732679951	150242	119.23	120.60	34	62	-1	11.12	11.12
Fixation L	1	14	6732763325	6732980320	216995	245.73	119.90	32	46	-1	10.58	10.58
Fixation R	1	14	6732763325	6732980320	216995	245.73	119.90	32	46	-1	11.07	11.07
Fixation L	1	15	6732988691	6733222311	233620	427.98	117.93	75	16	-1	10.53	10.53
Fixation R	1	15	6732988691	6733222311	233620	427.98	117.93	75	16	-1	10.71	10.71
Fixation L	1	16	6733230701	6733464310	233609	591.63	102.60	41	29	-1	10.44	10.44
Fixation R	1	16	6733230701	6733464310	233609	591.63	102.60	41	29	-1	10.79	10.79
Fixation L	1	17	6733472690	6733681184	208494	700.63	111.78	37	25	-1	10.37	10.37
Fixation R	1	17	6733472690	6733681184	208494	700.63	111.78	37	25	-1	10.57	10.57
Fixation L	1	18	6733689556	6733873177	183621	830.41	92.64	32	38	-1	10.26	10.26
Fixation R	1	18	6733689556	6733873177	183621	830.41	92.64	32	38	-1	10.48	10.48
Fixation L	1	19	6733881430	6734098423	216993	910.28	99.42	49	11	-1	10.19	10.19
Fixation R	1	19	6733881430	6734098423	216993	910.28	99.42	49	11	-1	10.43	10.43
Fixation L	1	20	6734156930	6734574167	417237	110.26	159.30	59	26	-1	10.11	10.11
Fixation R	1	20	6734156930	6734574167	417237	110.26	159.30	59	26	-1	10.72	10.72
Fixation R	1	21	6734582421	6734882921	300500	222.80	167.03	33	24	-1	10.52	10.52
Fixation L	1	21	6734891164	6735108165	217001	384.18	153.16	52	15	-1	10.20	10.20
Fixation R	1	22	6734891164	6735108165	217001	384.18	153.16	52	15	-1	10.45	10.45
Fixation L	1	22	6735116536	6735350157	233621	512.99	152.49	70	16	-1	10.08	10.08
Fixation R	1	23	6735116536	6735350157	233621	512.99	152.49	70	16	-1	10.48	10.48
Fixation L	1	23	6735358537	6735592156	233619	643.63	149.08	65	14	-1	9.93	9.93
Fixation R	1	24	6735358537	6735592156	233619	643.63	149.08	65	14	-1	10.34	10.34
Fixation L	1	24	6735600528	6735817399	216871	813.42	158.20	23	10	-1	10.03	10.03
Fixation R	1	25	6735600528	6735817399	216871	813.42	158.20	23	10	-1	10.34	10.34
Fixation L	1	25	6735825775	6736042774	216999	906.62	170.81	27	16	-1	10.11	10.11
Fixation R	1	26	6735825775	6736042774	216999	906.62	170.81	27	16	-1	10.31	10.31
Fixation L	1	26	6736101147	6736376517	275370	136.39	231.86	53	29	-1	10.03	10.03
Fixation R	1	27	6736101147	6736376517	275370	136.39	231.86	53	29	-1	10.69	10.69
Fixation L	1	27	6736384894	6736676886	291992	252.69	216.77	60	14	-1	10.18	10.18
Fixation R	1	28	6736384894	6736676886	291992	252.69	216.77	60	14	-1	10.55	10.55
Fixation L	1	28	6736685264	6736918885	233621	369.52	225.97	88	7	-1	10.11	10.11
Fixation R	1	29	6736685264	6736918885	233621	369.52	225.97	88	7	-1	10.40	10.40
Fixation L	1	29	6736927259	6737160887	233628	462.88	209.89	24	11	-1	10.07	10.07
Fixation R	1	30	6736927259	6737160887	233628	462.88	209.89	24	11	-1	10.31	10.31
Fixation L	1	30	6737169257	6737561507	392250	573.22	221.55	76	14	-1	10.08	10.08
Fixation R	1	31	6737169257	6737561507	392250	573.22	221.55	76	14	-1	10.34	10.34
Fixation L	1	31	6737578129	6737761752	183623	746.22	220.17	22	5	-1	10.10	10.10
Fixation R	1	32	6737578129	6737761752	183623	746.22	220.17	22	5	-1	10.36	10.36
Fixation L	1	32	6737770122	6738003752	233630	890.15	219.48	56	12	-1	10.21	10.21
Fixation R	1	33	6737770122	6738003752	233630	890.15	219.48	56	12	-1	10.40	10.40
Fixation L	1	33	6738062123	6738345863	283740	133.66	295.10	70	28	-1	10.10	10.10
Fixation R	1	34	6738062123	6738345863	283740	133.66	295.10	70	28	-1	10.67	10.67
Fixation L	1	34	6738395863	6738679610	283747	296.31	273.67	23	26	-1	10.31	10.31
Fixation R	1	35	6738395863	6738679610	283747	296.31	273.67	23	26	-1	10.61	10.61
Fixation L	1	35	6738687984	6738963359	275375	390.53	270.33	49	16	-1	10.11	10.11
Fixation R	1	36	6738687984	6738963359	275375	390.53	270.33	49	16	-1	10.43	10.43
Fixation L	1	36	6738971728	6739130224	158496	489.70	267.97	33	5	-1	10.05	10.05
Fixation R	1	37	6738971728	6739130224	158496	489.70	267.97	33	5	-1	10.33	10.33
Fixation L	1	37	6739138603	6739338846	200243	590.47	266.47	44	5	-1	10.04	10.04
Fixation R	1	38	6739138603	6739338846	200243	590.47	266.47	44	5	-1	10.40	10.40
Fixation L	1	38	6739347219	6739589220	242001	729.41	257.20	65	13	-1	10.03	10.03
Fixation R	1	39	6739347219	6739589220	242001	729.41	257.20	65	13	-1	10.50	10.50
Fixation L	1	39	6739630842	6739922969	292127	128.95	332.75	64	33	-1	9.93	9.93
Fixation R	1	40	6739630842	6739922969	292127	128.95	332.75	64	33	-1	10.39	10.39
Fixation L	1	40	6739989710	6740098209	108499	286.28	342.68	80	15	-1	10.11	10.11
Fixation R	1	41	6739989710	6740098209	108499	286.28	342.68	80	15	-1	10.62	10.62
Fixation R	1	42	6740248330	6740482079	233749	376.09	316.20	79	9	-1	10.58	10.58
Fixation L	1	41	6740256705	6740482079	225374	374.03	316.07	59	8	-1	10.18	10.18
Fixation L	1	42	6740490332	6740782447	292115	537.53	329.73	37	16	-1	10.26	10.26
Fixation R	1	43	6740490332	6740782447	292115	537.53	329.73	37	16	-1	10.57	10.57
Fixation L	1	43	6740790828	6740991074	200246	630.63	326.66	28	13	-1	10.14	10.14
Fixation R	1	44	6740790828	6740991074	200246	630.63	326.66	28	13	-1	10.44	10.44
Fixation L	1	44	6740999445	6741266442	266997	762.20	329.34	23	12	-1	10.20	10.20
Fixation R	1	45	6740999445	6741266442	266997	762.20	329.34	23	12	-1	10.49	10.49
Fixation L	1	45	6741316445	6741533437	216992	146.54	398.61	48	34	-1	9.78	9.78
Fixation R	1	46	6741316445	6741525063	208618	146.92	398.82	48	34	-1	10.18	10.18
Fixation L	1	46	6741566816	6741825559	258743	302.45	393.80	38	8	-1	10.32	10.32
Fixation R	1	47	6741566816	6741825559	258743	302.45	393.80	38	8	-1	10.42	10.42
Fixation L	1	47	6741833807	6742192677	358870	446.91	402.30	63	19	-1	10.46	10.46
Fixation R	1	48	6741833807	6742192677	358870	446.91	402.30	63	19	-1	10.86	10.86
Fixation L	1	48	6742209302	6742434675	225373	650.97	393.19	48	10	-1	10.29	10.29
Fixation R	1	49	6742209302	6742434675	225373	650.97	393.19	48	10	-1	10.81	10.81
Fixation L	1	49	6742443056	6742668302	225246	789.51	390.78	28	10	-1	10.30	10.30
Fixation R	1	50	6742443056	6742668302	225246	789.51	390.78	28	10	-1	10.74	10.74
Fixation L	1	50	6742676673	6742927043	250370	923.19	387.10	70	15	-1	10.13	10.13
Fixation R	1	51	6742676673	6742927043	250370	923.19	387.10	70	15	-1	10.63	10.63
Fixation L	1	51	6743002041	6743352534	350493	112.29	458.48	23	25	-1	10.13	10.13
Fixation R	1	52	6743002041	6743352534	350493	112.29	458.48	23	25	-1	10.62	10.62
Fixation L	1	52	6743360909	6743602905	241996	301.96	459.59	76	12	-1	10.40	10.40
Fixation R	1	53	6743360909	6743602905	241996	301.96	459.59	76	12	-1	10.76	10.76
Fixation L	1	53	6743611279	6743803152	191873	470.68	461.54	54	9	-1	10.36	10.36
Fixation R	1	54	6743611279	6743803152	191873	470.68	461.54	54	9	-1	10.80	10.80
Fixation L	1	54	6743811526	6744061898	250372	612.09	459.36	28	11	-1	10.22	10.22
Fixation R	1	55	6743811526	6744061898	250372	612.09	459.36	28	11	-1	10.68	10.68
Fixation L	1	55	6744070152	6744387270	317118	787.63	454.14	85	12	-1	10.14	10.14
Fixation R	1	56	6744070152	6744387270	317118	787.63	454.14	85	12	-1	10.60	10.60
Fixation L	1	56	6744395648	6744545771	150123	882.18	457.11	22	3	-1	10.07	10.07
Fixation R	1	57	6744395648	6744545771	150123	882.18	457.11	22	3	-1	10.55	10.55
Fixation L	1	57	6744595896	6744804512	208616	125.13	519.10	65	32	-1	10.07	10.07
Fixation R	1	58	6744595896	6744804512	208616	125.13	519.10	65	32	-1	10.56	10.56
Fixation L	1	58	6744812886	6744954760	141874	92.30	526.02	37	12	-1	9.62	9.62
Fixation R	1	59	6744812886	6744954760	141874	92.30	526.02	37	12	-1	10.52	10.52
Fixation L	1	59	6744963009	6745388628	425619	258.18	514.14	41	24	-1	10.32	10.32
Fixation R	1	60	6744963009	6745388628	425619	258.18	514.14	41	24	-1	10.53	10.53
Fixation L	1	60	6745397008	6745563876	166868	355.49	513.56	15	9	-1	10.20	10.20
Fixation R	1	61	6745397008	6745563876	166868	355.49	513.56	15	9	-1	10.58	10.58
Fixation L	1	61	6745572254	6745814251	241997	486.80	512.40	88	5	-1	10.21	10.21
Fixation R	1	62	6745572254	6745814251	241997	486.80	512.40	88	5	-1	10.75	10.75
Fixation L	1	62	6745822498	6745914371	91873	577.91	512.83	70	2	-1	10.11	10.11
Fixation R	1	63	6745822498	6745914371	91873	577.91	512.83	70	2	-1	10.77	10.77
Fixation L	1	63	6745922620	6746156366	233746	660.85	511.44	16	7	-1	10.13	10.13
Fixation R	1	64	6745922620	6746156366	233746	660.85	511.44	16	7	-1	10.73	10.73
Fixation L	1	64	6746164616	6746448366	283750	780.40	514.01	13	6	-1	10.10	10.10
Fixation R	1	65	6746164616	6746448366	283750	780.40	514.01	13	6	-1	10.68	10.68
Fixation L	1	65	6746456738	6746832234	375496	922.50	506.15	67	14	-1	10.09	10.09
Fixation R	1	66	6746456738	6746832234	375496	922.50	506.15	67	14	-1	10.62	10.62
Fixation L	1	66	6746890605	6747132601	241996	116.82	592.49	19	20	-1	10.26	10.26
Fixation R	1	67	6746890605	6747132601	241996	116.82	592.49	19	20	-1	10.74	10.74
Fixation L	1	67	6747149355	6747533222	383867	278.39	571.90	58	21	-1	10.41	10.41
Fixation R	1	68	6747149355	6747533222	383867	278.39	571.90	58	21	-1	10.77	10.77
Fixation L	1	68	6747549851	6747933715	383864	425.24	572.84	24	16	-1	10.39	10.39
Fixation R	1	69	6747549851	6747933715	383864	425.24	572.84	24	16	-1	10.94	10.94
Fixation L	1	69	6747942089	6748309209	367120	569.03	578.48	83	13	-1	10.28	10.28
Fixation R	1	70	6747942089	6748309209	367120	569.03	578.48	83	13	-1	10.75	10.75
Fixation L	1	70	6748317586	6748709703	392117	507.78	573.56	74	15	-1	10.16	10.16
Fixation R	1	71	6748317586	6748709703	392117	507.78	573.56	74	15	-1	10.84	10.84
Fixation L	1	71	6748718078	6748976828	258750	657.87	572.18	34	5	-1	10.18	10.18
Fixation R	1	72	6748718078	6748976828	258750	657.87	572.18	34	5	-1	10.79	10.79
Fixation L	1	72	6748985077	6749168696	183619	775.79	568.69	35	7	-1	10.27	10.27
Fixation R	1	73	6748985077	6749168696	183619	775.79	568.69	35	7	-1	10.76	10.76
Fixation L	1	73	6749218697	6749393944	175247	127.27	636.42	29	27	-1	10.17	10.17
Fixation R	1	74	6749218697	6749393944	175247	127.27	636.42	29	27	-1	10.58	10.58
Fixation L	1	74	6749627692	6749719442	91750	120.30	613.51	54	44	-1	10.92	10.92
Fixation R	1	75	6749627692	6749719442	91750	120.30	613.51	54	44	-1	10.67	10.67
Fixation L	1	75	6749777816	6749978064	200248	227.70	615.28	38	40	-1	10.31	10.31
Fixation R	1	76	6749777816	6749978064	200248	227.70	615.28	38	40	-1	10.73	10.73
Fixation L	1	76	6749994812	6750245180	250368	355.81	630.77	12	9	-1	10.55	10.55
Fixation R	1	77	6749994812	6750245180	250368	355.81	630.77	12	9	-1	10.81	10.81
Fixation L	1	77	6750253433	6750420427	166994	456.40	633.63	60	8	-1	10.52	10.52
Fixation R	1	78	6750253433	6750420427	166994	456.40	633.63	60	8	-1	11.20	11.20
Fixation L	1	78	6750428685	6750645673	216988	623.37	629.92	22	10	-1	10.64	10.64
Fixation R	1	79	6750428685	6750645673	216988	623.37	629.92	22	10	-1	10.95	10.95
Fixation L	1	79	6750654051	6750879300	225249	726.66	631.41	81	7	-1	10.00	10.00
Fixation R	1	80	6750654051	6750879300	225249	726.66	631.41	81	7	-1	10.88	10.88
Fixation L	1	80	6750887674	6751079549	191875	810.69	627.06	12	5	-1	10.08	10.08
Fixation R	1	81	6750887674	6751079549	191875	810.69	627.06	12	5	-1	10.83	10.83
Fixation L	1	81	6751129674	6751363286	233612	118.55	715.21	37	25	-1	10.17	10.17
Fixation R	1	82	6751129674	6751363286	233612	118.55	715.21	37	25	-1	10.63	10.63
Fixation L	1	82	6751371662	6751655413	283751	287.14	700.29	68	19	-1	10.61	10.61
Fixation R	1	83	6751371662	6751655413	283751	287.14	700.29	68	19	-1	10.61	10.61
Fixation L	1	83	6751663657	6751864032	200375	459.28	695.85	59	6	-1	10.74	10.74
Fixation R	1	84	6751663657	6751864032	200375	459.28	695.85	59	6	-1	11.50	11.50
Fixation L	1	84	6751872279	6752047527	175248	626.71	693.96	32	5	-1	10.86	10.86
Fixation R	1	85	6751872279	6752047527	175248	626.71	693.96	32	5	-1	11.40	11.40
Fixation L	1	85	6752055904	6752264528	208624	770.70	685.65	29	33	-1	10.33	10.33
Fixation R	1	86	6752055904	6752264528	208624	770.70	685.65	29	33	-1	10.97	10.97

