[BeGaze]
Converted from:	C:\Program Files\SMI\Experiment Suite 360\Experiment Center 2\Results\Readability_First_01\P02-eye_data.idf
Date:	02.08.2013 11:27:25
Version:	BeGaze 3.2.28
Sample Rate:	120
Subject:	P02
Description:	Run2

Table Header for Fixations:
Event Type	Trial	Number	Start	End	Duration	Location X	Location Y	Dispersion X	Dispersion Y	Plane	Avg. Pupil Size X	Avg. Pupil Size Y


Fixation R	1	1	4980707614	4980807738	100124	227.21	38.10	22	15	-1	12.58	12.58
Fixation L	1	1	4980832738	4980991359	158621	151.91	58.11	71	26	-1	10.84	10.84
Fixation R	1	2	4980832738	4980991359	158621	151.91	58.11	71	26	-1	10.82	10.82
Fixation L	1	2	4980999614	4981149864	150250	112.62	69.12	27	17	-1	10.16	10.16
Fixation L	1	3	4981158232	4981258356	100124	262.96	57.00	74	25	-1	10.21	10.21
Fixation R	1	3	4981158232	4981258356	100124	262.96	57.00	74	25	-1	10.75	10.75
Fixation L	1	4	4981266729	4981350112	83383	269.25	46.97	35	1	-1	10.30	10.30
Fixation R	1	4	4981266729	4981350112	83383	269.25	46.97	35	1	-1	10.70	10.70
Fixation L	1	5	4981358480	4981491977	133497	407.49	43.02	17	6	-1	10.41	10.41
Fixation R	1	5	4981358480	4981491977	133497	407.49	43.02	17	6	-1	10.73	10.73
Fixation L	1	6	4981525357	4981700599	175242	509.75	53.37	11	11	-1	10.48	10.48
Fixation R	1	6	4981525357	4981700599	175242	509.75	53.37	11	11	-1	10.39	10.39
Fixation L	1	7	4981708973	4981892471	183498	683.42	49.35	75	5	-1	10.62	10.62
Fixation R	1	7	4981708973	4981892471	183498	683.42	49.35	75	5	-1	10.92	10.92
Fixation L	1	8	4981900849	4982051098	150249	758.05	52.92	28	3	-1	10.63	10.63
Fixation R	1	8	4981900849	4982051098	150249	758.05	52.92	28	3	-1	10.97	10.97
Fixation L	1	9	4982059469	4982251344	191875	833.79	62.18	54	26	-1	10.72	10.72
Fixation R	1	9	4982059469	4982251344	191875	833.79	62.18	54	26	-1	11.02	11.02
Fixation L	1	10	4982259716	4982393211	133495	934.64	74.33	11	7	-1	10.64	10.64
Fixation R	1	10	4982259716	4982393211	133495	934.64	74.33	11	7	-1	11.03	11.03
Fixation L	1	11	4982451590	4982726965	275375	149.32	125.09	76	16	-1	10.74	10.74
Fixation R	1	11	4982451590	4982726965	275375	149.32	125.09	76	16	-1	11.54	11.54
Fixation L	1	12	4982735333	4982985705	250372	346.49	113.88	12	19	-1	10.90	10.90
Fixation R	1	12	4982735333	4982985705	250372	346.49	113.88	12	19	-1	11.53	11.53
Fixation L	1	13	4982993952	4983252704	258752	509.01	111.74	76	10	-1	10.82	10.82
Fixation R	1	13	4982993952	4983252704	258752	509.01	111.74	76	10	-1	11.19	11.19
Fixation L	1	14	4983261074	4983436321	175247	599.35	101.32	49	22	-1	10.69	10.69
Fixation R	1	14	4983261074	4983436321	175247	599.35	101.32	49	22	-1	11.00	11.00
Fixation L	1	15	4983452949	4983711696	258747	788.60	95.68	45	29	-1	10.68	10.68
Fixation R	1	15	4983452949	4983711696	258747	788.60	95.68	45	29	-1	10.95	10.95
Fixation L	1	16	4983719944	4983936940	216996	889.77	112.39	30	3	-1	10.59	10.59
Fixation R	1	16	4983719944	4983936940	216996	889.77	112.39	30	3	-1	10.86	10.86
Fixation L	1	17	4983953691	4984095437	141746	551.83	94.61	36	19	-1	10.61	10.61
Fixation R	1	17	4983953691	4984095437	141746	551.83	94.61	36	19	-1	11.17	11.17
Fixation L	1	18	4984128816	4984470930	342114	140.10	162.41	48	48	-1	10.65	10.65
Fixation R	1	18	4984128816	4984470930	342114	140.10	162.41	48	48	-1	11.40	11.40
Fixation L	1	19	4984487682	4984637930	150248	270.08	180.45	15	20	-1	10.71	10.71
Fixation R	1	19	4984487682	4984637930	150248	270.08	180.45	15	20	-1	11.27	11.27
Fixation L	1	20	4984646188	4985046802	400614	388.86	173.23	88	10	-1	10.76	10.76
Fixation R	1	20	4984646188	4985046802	400614	388.86	173.23	88	10	-1	11.10	11.10
Fixation L	1	21	4985055051	4985238674	183623	437.96	175.19	39	7	-1	10.60	10.60
Fixation R	1	21	4985055051	4985238674	183623	437.96	175.19	39	7	-1	10.88	10.88
Fixation L	1	22	4985247052	4985697664	450612	335.62	174.68	46	17	-1	10.49	10.49
Fixation R	1	22	4985247052	4985697664	450612	335.62	174.68	46	17	-1	10.88	10.88
Fixation L	1	23	4985706041	4986081537	375496	466.80	163.95	83	6	-1	10.50	10.50
Fixation R	1	23	4985706041	4986081537	375496	466.80	163.95	83	6	-1	10.87	10.87
Fixation L	1	24	4986089783	4986615523	525740	550.79	166.19	21	10	-1	10.42	10.42
Fixation R	1	24	4986089783	4986615523	525740	550.79	166.19	21	10	-1	10.85	10.85
Fixation L	1	25	4986623898	4986840898	217000	435.12	162.82	30	13	-1	10.43	10.43
Fixation R	1	25	4986623898	4986840898	217000	435.12	162.82	30	13	-1	10.83	10.83
Fixation L	1	26	4986849149	4987016017	166868	622.75	147.80	81	16	-1	10.44	10.44
Fixation R	1	26	4986849149	4987016017	166868	622.75	147.80	81	16	-1	10.84	10.84
Fixation R	1	27	4987032772	4987224641	191869	332.63	141.40	76	23	-1	10.93	10.93
Fixation R	1	28	4987274763	4987441638	166875	220.77	135.23	33	14	-1	11.03	11.03
Fixation R	1	29	4987475013	4987591885	116872	211.28	135.43	6	10	-1	10.99	10.99
Fixation R	1	30	4987600134	4987742009	141875	119.13	162.04	26	36	-1	10.99	10.99
Fixation R	1	31	4987758760	4987842133	83373	295.81	173.44	30	7	-1	10.88	10.88
Fixation L	1	27	4987959007	4988292752	333745	563.47	163.25	69	29	-1	10.54	10.54
Fixation R	1	32	4987959007	4988292752	333745	563.47	163.25	69	29	-1	10.94	10.94
Fixation L	1	28	4988342877	4988693369	350492	679.21	154.12	70	13	-1	10.28	10.28
Fixation R	1	33	4988342877	4988693369	350492	679.21	154.12	70	13	-1	10.68	10.68
Fixation L	1	29	4988701617	4988893616	191999	791.37	141.37	33	10	-1	10.26	10.26
Fixation R	1	34	4988701617	4988893616	191999	791.37	141.37	33	10	-1	10.54	10.54
Fixation L	1	30	4988910243	4988993740	83497	470.21	153.35	88	10	-1	10.33	10.33
Fixation R	1	35	4988910243	4988993740	83497	470.21	153.35	88	10	-1	10.79	10.79
Fixation L	1	31	4989002114	4989118862	116748	450.28	159.83	47	5	-1	10.28	10.28
Fixation R	1	36	4989002114	4989118862	116748	450.28	159.83	47	5	-1	10.85	10.85
Fixation L	1	32	4989143986	4989435986	292000	110.58	240.85	39	44	-1	10.15	10.15
Fixation R	1	37	4989143986	4989435986	292000	110.58	240.85	39	44	-1	10.86	10.86
Fixation L	1	33	4989444358	4989594480	150122	219.61	228.09	38	26	-1	10.33	10.33
Fixation R	1	38	4989444358	4989594480	150122	219.61	228.09	38	26	-1	10.79	10.79
Fixation L	1	34	4989602853	4989769728	166875	321.80	220.68	20	3	-1	10.37	10.37
Fixation R	1	39	4989602853	4989769728	166875	321.80	220.68	20	3	-1	10.78	10.78
Fixation L	1	35	4989778103	4990070223	292120	461.31	216.69	80	8	-1	10.44	10.44
Fixation R	1	40	4989778103	4990070223	292120	461.31	216.69	80	8	-1	10.85	10.85
Fixation L	1	36	4990078471	4990453964	375493	582.31	214.09	80	18	-1	10.34	10.34
Fixation R	1	41	4990078471	4990453964	375493	582.31	214.09	80	18	-1	10.81	10.81
Fixation L	1	37	4990495716	4990712717	217001	778.18	201.53	29	16	-1	10.36	10.36
Fixation R	1	42	4990495716	4990712717	217001	778.18	201.53	29	16	-1	10.82	10.82
Fixation L	1	38	4990762717	4990979713	216996	148.13	274.78	33	27	-1	10.31	10.31
Fixation R	1	43	4990762717	4990979713	216996	148.13	274.78	33	27	-1	10.93	10.93
Fixation L	1	39	4990988092	4991071456	83364	216.09	280.53	42	5	-1	10.38	10.38
Fixation R	1	44	4990988092	4991071456	83364	216.09	280.53	42	5	-1	10.98	10.98
Fixation L	1	40	4991238456	4991455325	216869	392.21	282.23	86	13	-1	10.56	10.56
Fixation R	1	45	4991238456	4991455325	216869	392.21	282.23	86	13	-1	10.99	10.99
Fixation L	1	41	4991463708	4991688955	225247	524.77	284.20	31	15	-1	10.62	10.62
Fixation R	1	46	4991463708	4991688955	225247	524.77	284.20	31	15	-1	11.10	11.10
Fixation L	1	42	4991697324	4991905944	208620	671.93	273.51	22	10	-1	10.26	10.26
Fixation R	1	47	4991697324	4991905944	208620	671.93	273.51	22	10	-1	10.84	10.84
Fixation L	1	43	4991914326	4992373316	458990	521.30	280.74	80	8	-1	10.24	10.24
Fixation R	1	48	4991914326	4992373316	458990	521.30	280.74	80	8	-1	10.77	10.77
Fixation L	1	44	4992381564	4992723682	342118	662.46	274.42	58	9	-1	10.22	10.22
Fixation R	1	49	4992381564	4992723682	342118	662.46	274.42	58	9	-1	10.75	10.75
Fixation L	1	45	4992732059	4992823808	91749	846.64	273.40	91	7	-1	10.27	10.27
Fixation R	1	50	4992732059	4992823808	91749	846.64	273.40	91	7	-1	10.78	10.78
Fixation L	1	46	4992832178	4992974054	141876	848.77	269.02	6	3	-1	10.24	10.24
Fixation R	1	51	4992832178	4992974054	141876	848.77	269.02	6	3	-1	10.65	10.65
Fixation L	1	47	4993024178	4993216057	191879	160.05	349.31	69	30	-1	10.25	10.25
Fixation R	1	52	4993024178	4993216057	191879	160.05	349.31	69	30	-1	10.92	10.92
Fixation L	1	48	4993224428	4993700045	475617	118.83	361.01	44	27	-1	10.29	10.29
Fixation R	1	53	4993224428	4993700045	475617	118.83	361.01	44	27	-1	10.84	10.84
Fixation L	1	49	4993708417	4993958668	250251	212.79	348.43	20	19	-1	10.46	10.46
Fixation R	1	54	4993708417	4993958668	250251	212.79	348.43	20	19	-1	10.86	10.86
Fixation L	1	50	4993967042	4994159037	191995	362.82	340.95	48	8	-1	10.49	10.49
Fixation R	1	55	4993967042	4994159037	191995	362.82	340.95	48	8	-1	10.86	10.86
Fixation L	1	51	4994167293	4994359285	191992	548.28	341.36	59	9	-1	10.36	10.36
Fixation R	1	56	4994167293	4994359285	191992	548.28	341.36	59	9	-1	10.75	10.75
Fixation L	1	52	4994367665	4994684657	316992	646.90	339.97	54	13	-1	10.17	10.17
Fixation R	1	57	4994367665	4994684657	316992	646.90	339.97	54	13	-1	10.62	10.62
Fixation L	1	53	4994701405	4994935030	233625	830.70	324.84	24	37	-1	10.13	10.13
Fixation R	1	58	4994701405	4994935030	233625	830.70	324.84	24	37	-1	10.51	10.51
Fixation L	1	54	4994985147	4995444016	458869	185.98	404.68	84	14	-1	10.24	10.24
Fixation R	1	59	4994985147	4995444016	458869	185.98	404.68	84	14	-1	10.72	10.72
Fixation L	1	55	4995452390	4995669393	217003	117.45	411.45	39	10	-1	10.19	10.19
Fixation R	1	60	4995452390	4995669393	217003	117.45	411.45	39	10	-1	10.57	10.57
Fixation L	1	56	4995677637	4995844638	167001	350.84	388.98	69	21	-1	10.46	10.46
Fixation R	1	61	4995677637	4995844638	167001	350.84	388.98	69	21	-1	10.84	10.84
Fixation R	1	62	4995969764	4996078255	108491	378.79	391.46	83	16	-1	10.80	10.80
Fixation L	1	57	4995986381	4996086631	100250	390.58	389.79	48	5	-1	10.55	10.55
Fixation L	1	58	4996094883	4996328626	233743	543.26	399.19	71	17	-1	10.59	10.59
Fixation R	1	63	4996094883	4996328626	233743	543.26	399.19	71	17	-1	10.93	10.93
Fixation L	1	59	4996336875	4996587248	250373	671.42	397.43	30	10	-1	10.33	10.33
Fixation R	1	64	4996336875	4996587248	250373	671.42	397.43	30	10	-1	10.93	10.93
Fixation L	1	60	4996595626	4996895995	300369	582.49	399.21	74	7	-1	10.35	10.35
Fixation R	1	65	4996595626	4996895995	300369	582.49	399.21	74	7	-1	10.80	10.80
Fixation L	1	61	4996904377	4997213113	308736	734.15	401.32	54	12	-1	10.28	10.28
Fixation R	1	66	4996904377	4997213113	308736	734.15	401.32	54	12	-1	10.78	10.78
Fixation L	1	62	4997221495	4997671989	450494	906.59	398.85	60	13	-1	10.29	10.29
Fixation R	1	67	4997221495	4997671989	450494	906.59	398.85	60	13	-1	10.90	10.90
Fixation L	1	63	4997722112	4997972484	250372	157.46	449.54	74	24	-1	10.43	10.43
Fixation R	1	68	4997722112	4997972484	250372	157.46	449.54	74	24	-1	10.94	10.94
Fixation L	1	64	4998030852	4998189349	158497	341.19	457.62	31	8	-1	10.74	10.74
Fixation R	1	69	4998030852	4998189349	158497	341.19	457.62	31	8	-1	11.31	11.31
Fixation L	1	65	4998197725	4998372976	175251	440.08	459.96	71	8	-1	10.64	10.64
Fixation R	1	70	4998197725	4998372976	175251	440.08	459.96	71	8	-1	11.37	11.37
Fixation L	1	66	4998381346	4998606596	225250	556.48	464.65	93	4	-1	10.64	10.64
Fixation R	1	71	4998381346	4998606596	225250	556.48	464.65	93	4	-1	11.19	11.19
Fixation L	1	67	4998614967	4998706718	91751	638.99	461.61	72	6	-1	10.53	10.53
Fixation R	1	72	4998614967	4998706718	91751	638.99	461.61	72	6	-1	11.18	11.18
Fixation L	1	68	4998715090	4999040587	325497	745.81	451.33	73	23	-1	10.51	10.51
Fixation R	1	73	4998715090	4999040587	325497	745.81	451.33	73	23	-1	11.08	11.08
Fixation L	1	69	4999048844	4999207464	158620	845.68	447.70	45	6	-1	10.46	10.46
Fixation R	1	74	4999048844	4999207464	158620	845.68	447.70	45	6	-1	11.01	11.01
Fixation L	1	70	4999249213	4999374336	125123	163.67	505.60	55	44	-1	10.26	10.26
Fixation R	1	75	4999249213	4999374336	125123	163.67	505.60	55	44	-1	10.81	10.81
Fixation L	1	71	4999382704	4999624710	242006	130.53	514.77	42	18	-1	10.32	10.32
Fixation R	1	76	4999382704	4999624710	242006	130.53	514.77	42	18	-1	10.86	10.86
Fixation L	1	72	4999632955	4999874956	242001	264.26	513.36	46	12	-1	10.60	10.60
Fixation R	1	77	4999632955	4999874956	242001	264.26	513.36	46	12	-1	10.99	10.99
Fixation L	1	73	4999883324	5000025202	141878	425.74	504.19	9	22	-1	10.80	10.80
Fixation R	1	78	4999883324	5000025202	141878	425.74	504.19	9	22	-1	11.21	11.21
Fixation L	1	74	5000058570	5000250445	191875	268.05	80.00	52	45	-1	10.38	10.38
Fixation R	1	79	5000058570	5000250445	191875	268.05	80.00	52	45	-1	10.85	10.85
Fixation L	1	75	5000258820	5000342316	83496	244.28	51.81	10	5	-1	10.33	10.33
Fixation R	1	80	5000258820	5000342316	83496	244.28	51.81	10	5	-1	10.96	10.96
Fixation L	1	76	5000350692	5000592563	241871	481.35	53.10	84	10	-1	10.41	10.41
Fixation R	1	81	5000350692	5000592563	241871	481.35	53.10	84	10	-1	10.82	10.82
Fixation L	1	77	5000609316	5000767810	158494	680.90	25.61	42	19	-1	10.31	10.31
Fixation R	1	82	5000609316	5000767810	158494	680.90	25.61	42	19	-1	10.73	10.73
Fixation L	1	78	5000776191	5001093306	317115	828.14	46.85	53	44	-1	10.35	10.35
Fixation R	1	83	5000776191	5001093306	317115	828.14	46.85	53	44	-1	10.72	10.72
Fixation L	1	79	5001210181	5001518925	308744	254.47	520.39	46	51	-1	10.91	10.91
Fixation R	1	84	5001210181	5001518925	308744	254.47	520.39	46	51	-1	11.37	11.37
Fixation L	1	80	5001535550	5001844295	308745	394.71	529.97	77	15	-1	10.86	10.86
Fixation R	1	85	5001535550	5001844295	308745	394.71	529.97	77	15	-1	11.59	11.59
Fixation L	1	81	5001852668	5002002795	150127	541.32	518.27	15	7	-1	10.77	10.77
Fixation R	1	86	5001852668	5002002795	150127	541.32	518.27	15	7	-1	11.49	11.49
Fixation L	1	82	5002136413	5002511785	375372	706.22	498.75	59	21	-1	10.55	10.55
Fixation R	1	87	5002136413	5002511785	375372	706.22	498.75	59	21	-1	11.04	11.04
Fixation L	1	83	5002520158	5002645407	125249	779.64	502.54	54	5	-1	10.23	10.23
Fixation R	1	88	5002520158	5002645407	125249	779.64	502.54	54	5	-1	10.95	10.95
Fixation L	1	84	5002687155	5002904039	216884	148.38	575.57	63	35	-1	10.31	10.31
Fixation R	1	89	5002687155	5002904039	216884	148.38	575.57	63	35	-1	10.71	10.71
Fixation L	1	85	5002912406	5003012529	100123	102.29	586.99	12	5	-1	10.41	10.41
Fixation R	1	90	5002912406	5003012529	100123	102.29	586.99	12	5	-1	10.79	10.79
Fixation L	1	86	5003020901	5003246148	225247	276.34	573.64	74	18	-1	10.79	10.79
Fixation R	1	91	5003020901	5003246148	225247	276.34	573.64	74	18	-1	11.06	11.06
Fixation L	1	87	5003254537	5003529897	275360	423.41	575.43	37	9	-1	10.80	10.80
Fixation R	1	92	5003254537	5003529897	275360	423.41	575.43	37	9	-1	11.46	11.46
Fixation L	1	88	5003538270	5003788641	250371	531.86	572.78	48	9	-1	10.72	10.72
Fixation R	1	93	5003538270	5003788641	250371	531.86	572.78	48	9	-1	11.39	11.39
Fixation L	1	89	5003796892	5004005518	208626	695.86	568.50	49	7	-1	10.44	10.44
Fixation R	1	94	5003796892	5004005518	208626	695.86	568.50	49	7	-1	11.16	11.16
Fixation L	1	90	5004013889	5004230760	216871	819.67	563.90	18	8	-1	10.40	10.40
Fixation R	1	95	5004013889	5004230760	216871	819.67	563.90	18	8	-1	11.03	11.03
Fixation L	1	91	5004280885	5004589628	308743	121.47	640.28	32	14	-1	10.37	10.37
Fixation R	1	96	5004280885	5004589628	308743	121.47	640.28	32	14	-1	10.80	10.80
Fixation L	1	92	5004598005	5004823251	225246	249.18	627.78	74	12	-1	10.76	10.76
Fixation R	1	97	5004598005	5004823251	225246	249.18	627.78	74	12	-1	10.76	10.76
Fixation L	1	93	5004831628	5005674485	842857	405.32	629.54	53	25	-1	10.83	10.83
Fixation R	1	98	5004831628	5005674485	842857	405.32	629.54	53	25	-1	11.48	11.48
Fixation R	1	99	5005682738	5005933110	250372	473.67	634.93	26	19	-1	11.69	11.69
Fixation L	1	94	5005941485	5006091731	150246	630.98	634.68	39	8	-1	10.80	10.80
Fixation R	1	100	5005941485	5006091731	150246	630.98	634.68	39	8	-1	11.65	11.65
Fixation L	1	95	5006099982	5006333604	233622	729.03	634.25	90	6	-1	10.59	10.59
Fixation R	1	101	5006099982	5006333604	233622	729.03	634.25	90	6	-1	11.44	11.44
Fixation L	1	96	5006367103	5006642347	275244	135.77	721.42	66	29	-1	10.52	10.52
Fixation R	1	102	5006367103	5006642347	275244	135.77	721.42	66	29	-1	11.00	11.00
Fixation L	1	97	5006650722	5006867720	216998	315.64	703.03	44	24	-1	10.75	10.75
Fixation R	1	103	5006650722	5006867720	216998	315.64	703.03	44	24	-1	10.95	10.95
Fixation L	1	98	5006876095	5007109720	233625	482.37	706.39	83	6	-1	11.00	11.00
Fixation R	1	104	5006876095	5007109720	233625	482.37	706.39	83	6	-1	11.79	11.79
Fixation L	1	99	5007126343	5007435088	308745	611.81	699.13	29	11	-1	10.99	10.99
Fixation R	1	105	5007126343	5007435088	308745	611.81	699.13	29	11	-1	11.73	11.73
Fixation L	1	100	5007443460	5007818957	375497	760.59	704.47	64	13	-1	10.72	10.72
Fixation R	1	106	5007443460	5007818957	375497	760.59	704.47	64	13	-1	11.50	11.50
Fixation L	1	101	5007827331	5008060955	233624	885.35	710.76	87	4	-1	10.67	10.67
Fixation R	1	107	5007827331	5008060955	233624	885.35	710.76	87	4	-1	11.26	11.26
Fixation L	1	102	5008077702	5008486572	408870	599.82	705.85	54	13	-1	10.93	10.93
Fixation R	1	108	5008077702	5008486572	408870	599.82	705.85	54	13	-1	11.97	11.97
Fixation L	1	103	5008511573	5008761962	250389	898.26	714.06	33	10	-1	10.77	10.77
Fixation R	1	109	5008511573	5008761962	250389	898.26	714.06	33	10	-1	11.27	11.27

