[BeGaze]
Converted from:	C:\Program Files\SMI\Experiment Suite 360\Experiment Center 2\Results\Readability_First_01\P02-eye_data.idf
Date:	02.08.2013 11:27:28
Version:	BeGaze 3.2.28
Sample Rate:	120
Subject:	P02
Description:	Run2

Table Header for Fixations:
Event Type	Trial	Number	Start	End	Duration	Location X	Location Y	Dispersion X	Dispersion Y	Plane	Avg. Pupil Size X	Avg. Pupil Size Y


Fixation L	1	1	6539653503	6539962118	308615	107.76	31.02	34	40	-1	9.66	9.66
Fixation R	1	1	6539653503	6539962118	308615	107.76	31.02	34	40	-1	10.18	10.18
Fixation L	1	2	6539970497	6540204116	233619	228.23	26.09	9	18	-1	9.69	9.69
Fixation R	1	2	6539970497	6540204116	233619	228.23	26.09	9	18	-1	10.10	10.10
Fixation L	1	3	6540212490	6540596239	383749	317.95	12.27	82	15	-1	9.61	9.61
Fixation R	1	3	6540212490	6540596239	383749	317.95	12.27	82	15	-1	9.94	9.94
Fixation L	1	4	6540604610	6540746488	141878	230.51	15.50	59	4	-1	9.56	9.56
Fixation R	1	4	6540604610	6540746488	141878	230.51	15.50	59	4	-1	9.87	9.87
Fixation L	1	5	6540754858	6540913354	158496	336.19	25.06	19	13	-1	9.70	9.70
Fixation R	1	5	6540754858	6540913354	158496	336.19	25.06	19	13	-1	10.01	10.01
Fixation L	1	6	6540921734	6541155348	233614	501.80	27.79	32	9	-1	9.89	9.89
Fixation R	1	6	6540921734	6541155348	233614	501.80	27.79	32	9	-1	10.12	10.12
Fixation L	1	7	6541163725	6541322229	158504	608.81	23.28	44	18	-1	9.87	9.87
Fixation R	1	7	6541163725	6541322229	158504	608.81	23.28	44	18	-1	10.18	10.18
Fixation L	1	8	6541330603	6541973091	642488	477.85	21.74	67	17	-1	9.80	9.80
Fixation R	1	8	6541330603	6541973091	642488	477.85	21.74	67	17	-1	10.19	10.19
Fixation L	1	9	6541989837	6542281833	291996	730.13	11.02	72	18	-1	9.88	9.88
Fixation R	1	9	6541989837	6542281833	291996	730.13	11.02	72	18	-1	10.05	10.05
Fixation L	1	10	6542298588	6542590579	291991	847.72	14.68	48	8	-1	9.72	9.72
Fixation R	1	10	6542298588	6542590579	291991	847.72	14.68	48	8	-1	9.99	9.99
Fixation L	1	11	6542640705	6543057943	417238	113.87	85.01	62	32	-1	9.60	9.60
Fixation R	1	11	6542640705	6543057943	417238	113.87	85.01	62	32	-1	10.18	10.18
Fixation L	1	12	6543066319	6543233069	166750	271.26	60.07	80	18	-1	9.70	9.70
Fixation R	1	12	6543066319	6543233069	166750	271.26	60.07	80	18	-1	10.08	10.08
Fixation L	1	13	6543241443	6543358316	116873	258.56	8.70	27	66	-1	9.52	9.52
Fixation R	1	13	6543241443	6543358316	116873	258.56	8.70	27	66	-1	10.06	10.06
Fixation L	1	14	6543366690	6543692060	325370	152.87	11.84	48	49	-1	9.49	9.49
Fixation R	1	14	6543366690	6543692060	325370	152.87	11.84	48	49	-1	9.90	9.90
Fixation L	1	15	6543700443	6543833940	133497	135.73	40.82	8	13	-1	9.53	9.53
Fixation R	1	15	6543700443	6543833940	133497	135.73	40.82	8	13	-1	10.02	10.02
Fixation L	1	16	6543842311	6544092682	250371	314.51	23.54	64	27	-1	9.64	9.64
Fixation R	1	16	6543842311	6544092682	250371	314.51	23.54	64	27	-1	9.91	9.91
Fixation L	1	17	6544100941	6544401429	300488	420.59	46.06	20	38	-1	9.51	9.51
Fixation R	1	17	6544100941	6544401429	300488	420.59	46.06	20	38	-1	9.78	9.78
Fixation L	1	18	6544409678	6544643423	233745	573.84	52.25	41	22	-1	9.39	9.39
Fixation R	1	18	6544409678	6544643423	233745	573.84	52.25	41	22	-1	9.74	9.74
Fixation L	1	19	6544660049	6544852049	192000	738.14	50.32	58	7	-1	9.51	9.51
Fixation R	1	19	6544660049	6544852049	192000	738.14	50.32	58	7	-1	9.74	9.74
Fixation L	1	20	6544860296	6545144043	283747	880.73	58.94	61	35	-1	9.37	9.37
Fixation R	1	20	6544860296	6545144043	283747	880.73	58.94	61	35	-1	9.73	9.73
Fixation L	1	21	6545152420	6545269165	116745	949.34	72.79	14	4	-1	9.38	9.38
Fixation R	1	21	6545152420	6545269165	116745	949.34	72.79	14	4	-1	9.76	9.76
Fixation L	1	22	6545335916	6545744908	408992	96.23	154.70	31	39	-1	9.30	9.30
Fixation R	1	22	6545335916	6545744908	408992	96.23	154.70	31	39	-1	9.86	9.86
Fixation L	1	23	6545761531	6545970149	208618	257.31	116.54	64	30	-1	9.34	9.34
Fixation R	1	23	6545761531	6545970149	208618	257.31	116.54	64	30	-1	9.76	9.76
Fixation L	1	24	6545978529	6546245520	266991	358.35	122.45	23	30	-1	9.36	9.36
Fixation R	1	24	6545978529	6546245520	266991	358.35	122.45	23	30	-1	9.69	9.69
Fixation L	1	25	6546253903	6546637769	383866	463.17	106.54	41	55	-1	9.28	9.28
Fixation R	1	25	6546253903	6546637769	383866	463.17	106.54	41	55	-1	9.52	9.52
Fixation L	1	26	6546646016	6546921387	275371	611.30	126.60	62	9	-1	9.24	9.24
Fixation R	1	26	6546646016	6546921387	275371	611.30	126.60	62	9	-1	9.63	9.63
Fixation L	1	27	6546929768	6547188507	258739	767.02	117.53	56	19	-1	9.17	9.17
Fixation R	1	27	6546929768	6547188507	258739	767.02	117.53	56	19	-1	9.70	9.70
Fixation L	1	28	6547196759	6547397130	200371	872.14	111.57	44	29	-1	9.20	9.20
Fixation R	1	28	6547196759	6547397130	200371	872.14	111.57	44	29	-1	9.67	9.67
Fixation L	1	29	6547455508	6547764249	308741	124.01	173.05	45	51	-1	9.26	9.26
Fixation R	1	29	6547455508	6547764249	308741	124.01	173.05	45	51	-1	9.99	9.99
Fixation L	1	30	6547772625	6547856006	83381	174.29	183.91	93	2	-1	9.39	9.39
Fixation R	1	30	6547772625	6547856006	83381	174.29	183.91	93	2	-1	9.88	9.88
Fixation L	1	31	6547864373	6548022871	158498	261.54	172.75	21	19	-1	9.32	9.32
Fixation R	1	31	6547864373	6548022871	158498	261.54	172.75	21	19	-1	9.91	9.91
Fixation L	1	32	6548031251	6548206498	175247	463.07	166.90	78	12	-1	9.31	9.31
Fixation R	1	32	6548031251	6548206498	175247	463.07	166.90	78	12	-1	9.76	9.76
Fixation L	1	33	6548214868	6548648737	433869	602.94	168.06	59	14	-1	9.11	9.11
Fixation R	1	33	6548214868	6548648737	433869	602.94	168.06	59	14	-1	9.60	9.60
Fixation L	1	34	6548657117	6549015856	358739	806.97	174.17	75	17	-1	9.15	9.15
Fixation R	1	34	6548657117	6549015856	358739	806.97	174.17	75	17	-1	9.67	9.67
Fixation L	1	35	6549024228	6549224477	200249	872.52	167.65	26	13	-1	9.07	9.07
Fixation R	1	35	6549024228	6549224477	200249	872.52	167.65	26	13	-1	9.53	9.53
Fixation L	1	36	6549274600	6549549972	275372	126.00	253.58	55	40	-1	8.97	8.97
Fixation R	1	36	6549274600	6549549972	275372	126.00	253.58	55	40	-1	9.55	9.55
Fixation L	1	37	6549558229	6549750220	191991	67.22	257.22	59	6	-1	9.12	9.12
Fixation R	1	37	6549558229	6549750220	191991	67.22	257.22	59	6	-1	9.56	9.56
Fixation L	1	38	6549758599	6550300963	542364	171.25	238.43	54	35	-1	9.12	9.12
Fixation R	1	38	6549758599	6550300963	542364	171.25	238.43	54	35	-1	9.47	9.47
Fixation L	1	39	6550309342	6550551335	241993	325.03	234.17	79	10	-1	9.18	9.18
Fixation R	1	39	6550309342	6550551335	241993	325.03	234.17	79	10	-1	9.62	9.62
Fixation L	1	40	6550559712	6550818331	258619	449.16	223.08	32	18	-1	9.20	9.20
Fixation R	1	40	6550559712	6550818331	258619	449.16	223.08	32	18	-1	9.59	9.59
Fixation L	1	41	6550826703	6551018579	191876	606.50	209.37	77	20	-1	9.13	9.13
Fixation R	1	41	6550826703	6551018579	191876	606.50	209.37	77	20	-1	9.51	9.51
Fixation L	1	42	6551035333	6551210578	175245	756.28	213.23	19	18	-1	9.10	9.10
Fixation R	1	42	6551035333	6551210578	175245	756.28	213.23	19	18	-1	9.61	9.61
Fixation L	1	43	6551218825	6551410823	191998	911.24	231.35	62	9	-1	9.13	9.13
Fixation R	1	43	6551218825	6551410823	191998	911.24	231.35	62	9	-1	9.58	9.58
Fixation L	1	44	6551469198	6551794688	325490	95.79	318.16	45	20	-1	9.23	9.23
Fixation R	1	44	6551469198	6551794688	325490	95.79	318.16	45	20	-1	9.79	9.79
Fixation L	1	45	6551802937	6552003311	200374	227.13	301.24	37	19	-1	9.45	9.45
Fixation R	1	45	6551802937	6552003311	200374	227.13	301.24	37	19	-1	9.85	9.85
Fixation L	1	46	6552011563	6552353678	342115	408.50	295.08	89	9	-1	9.34	9.34
Fixation R	1	46	6552011563	6552353678	342115	408.50	295.08	89	9	-1	9.87	9.87
Fixation L	1	47	6552387056	6552679173	292117	652.70	297.18	14	19	-1	9.21	9.21
Fixation R	1	47	6552387056	6552679173	292117	652.70	297.18	14	19	-1	9.73	9.73
Fixation L	1	48	6552695800	6552979546	283746	830.19	293.14	43	18	-1	9.32	9.32
Fixation R	1	48	6552695800	6552979546	283746	830.19	293.14	43	18	-1	9.85	9.85
Fixation L	1	49	6552987924	6553096418	108494	968.49	298.91	31	7	-1	9.30	9.30
Fixation R	1	49	6552987924	6553096418	108494	968.49	298.91	31	7	-1	9.82	9.82
Fixation L	1	50	6553154792	6553330044	175252	151.46	342.29	69	20	-1	9.30	9.30
Fixation R	1	50	6553154792	6553330044	175252	151.46	342.29	69	20	-1	9.89	9.89
Fixation R	1	51	6553338420	6553572036	233616	69.39	386.74	51	28	-1	10.01	10.01
Fixation L	1	51	6553580291	6553830655	250364	183.45	374.83	80	11	-1	9.52	9.52
Fixation R	1	52	6553580291	6553830655	250364	183.45	374.83	80	11	-1	9.95	9.95
Fixation L	1	52	6553839038	6554147777	308739	310.99	377.68	33	20	-1	9.49	9.49
Fixation R	1	53	6553839038	6554147777	308739	310.99	377.68	33	20	-1	9.74	9.74
Fixation L	1	53	6554156155	6554431524	275369	499.51	375.72	73	11	-1	9.55	9.55
Fixation R	1	54	6554156155	6554431524	275369	499.51	375.72	73	11	-1	10.01	10.01
Fixation L	1	54	6554439904	6554656772	216868	593.32	375.30	41	6	-1	9.41	9.41
Fixation R	1	55	6554439904	6554656772	216868	593.32	375.30	41	6	-1	10.02	10.02
Fixation L	1	55	6554665151	6554832017	166866	792.36	375.84	88	10	-1	9.38	9.38
Fixation R	1	56	6554665151	6554832017	166866	792.36	375.84	88	10	-1	10.02	10.02
Fixation L	1	56	6554890518	6555124141	233623	934.38	367.60	29	13	-1	9.33	9.33
Fixation R	1	57	6554890518	6555124141	233623	934.38	367.60	29	13	-1	9.90	9.90
Fixation L	1	57	6555182512	6555441265	258753	137.65	442.94	18	20	-1	9.38	9.38
Fixation R	1	58	6555182512	6555441265	258753	137.65	442.94	18	20	-1	9.90	9.90
Fixation L	1	58	6555449508	6555741635	292127	300.98	427.94	18	18	-1	9.50	9.50
Fixation R	1	59	6555449508	6555741635	292127	300.98	427.94	18	18	-1	9.99	9.99
Fixation L	1	59	6555750002	6556100377	350375	497.25	427.00	82	13	-1	9.42	9.42
Fixation R	1	60	6555750002	6556100377	350375	497.25	427.00	82	13	-1	9.70	9.70
Fixation L	1	60	6556117125	6556300747	183622	640.76	434.45	85	13	-1	9.41	9.41
Fixation R	1	61	6556117125	6556300747	183622	640.76	434.45	85	13	-1	10.01	10.01
Fixation L	1	61	6556308999	6556759612	450613	730.49	440.09	63	10	-1	9.41	9.41
Fixation R	1	62	6556308999	6556759612	450613	730.49	440.09	63	10	-1	9.98	9.98
Fixation L	1	62	6556767994	6557151856	383862	517.38	439.67	77	15	-1	9.35	9.35
Fixation R	1	63	6556767994	6557151856	383862	517.38	439.67	77	15	-1	9.88	9.88
Fixation L	1	63	6557160231	6557402102	241871	607.80	441.32	32	8	-1	9.47	9.47
Fixation R	1	64	6557160231	6557402102	241871	607.80	441.32	32	8	-1	9.93	9.93
Fixation L	1	64	6557410478	6557577351	166873	749.12	434.08	42	7	-1	9.38	9.38
Fixation R	1	65	6557410478	6557577351	166873	749.12	434.08	42	7	-1	9.97	9.97
Fixation L	1	65	6557585724	6557819350	233626	880.08	431.33	73	5	-1	9.31	9.31
Fixation R	1	66	6557585724	6557819350	233626	880.08	431.33	73	5	-1	9.83	9.83
Fixation L	1	66	6557827720	6557977969	150249	970.89	439.55	10	7	-1	9.35	9.35
Fixation R	1	67	6557827720	6557977969	150249	970.89	439.55	10	7	-1	9.96	9.96
Fixation L	1	67	6558036346	6558236588	200242	133.89	502.55	55	29	-1	9.41	9.41
Fixation R	1	68	6558036346	6558236588	200242	133.89	502.55	55	29	-1	9.93	9.93
Fixation L	1	68	6558244970	6558386838	141868	65.32	516.85	29	9	-1	9.40	9.40
Fixation R	1	69	6558244970	6558386838	141868	65.32	516.85	29	9	-1	9.87	9.87
Fixation L	1	69	6558403463	6558578711	175248	266.95	489.08	33	21	-1	9.67	9.67
Fixation R	1	70	6558403463	6558578711	175248	266.95	489.08	33	21	-1	9.98	9.98
Fixation L	1	70	6558587084	6558753955	166871	342.67	490.91	46	16	-1	9.64	9.64
Fixation L	1	71	6558762334	6559104455	342121	508.40	491.80	55	19	-1	9.65	9.65
Fixation R	1	71	6558762334	6559104455	342121	508.40	491.80	55	19	-1	10.23	10.23
Fixation L	1	72	6559112829	6559338075	225246	689.53	495.77	79	10	-1	9.59	9.59
Fixation R	1	72	6559112829	6559338075	225246	689.53	495.77	79	10	-1	10.15	10.15
Fixation L	1	73	6559346453	6559630194	283741	833.08	493.84	73	9	-1	9.58	9.58
Fixation R	1	73	6559346453	6559630194	283741	833.08	493.84	73	9	-1	10.17	10.17
Fixation L	1	74	6559671824	6559847072	175248	147.19	548.93	35	45	-1	9.56	9.56
Fixation R	1	74	6559671824	6559847072	175248	147.19	548.93	35	45	-1	9.94	9.94
Fixation L	1	75	6559855442	6560013939	158497	89.21	570.45	27	16	-1	9.62	9.62
Fixation R	1	75	6559855442	6560013939	158497	89.21	570.45	27	16	-1	10.07	10.07
Fixation L	1	76	6560022320	6560381182	358862	224.89	561.34	38	12	-1	9.71	9.71
Fixation R	1	76	6560022320	6560381182	358862	224.89	561.34	38	12	-1	9.85	9.85
Fixation L	1	77	6560389556	6560656555	266999	382.36	570.26	77	21	-1	9.73	9.73
Fixation R	1	77	6560656555	6560923555	267000	493.54	558.14	52	25	-1	10.49	10.49
Fixation L	1	78	6560664930	6560931927	266997	496.72	557.82	65	25	-1	9.82	9.82
Fixation L	1	79	6560940303	6561190548	250245	641.92	566.17	39	13	-1	9.84	9.84
Fixation R	1	78	6560940303	6561190548	250245	641.92	566.17	39	13	-1	10.31	10.31
Fixation L	1	80	6561198923	6561449294	250371	749.59	561.68	74	17	-1	9.67	9.67
Fixation R	1	79	6561198923	6561449294	250371	749.59	561.68	74	17	-1	10.17	10.17
Fixation L	1	81	6561457546	6561549421	91875	804.40	567.92	4	9	-1	9.59	9.59
Fixation R	1	80	6561457546	6561549421	91875	804.40	567.92	4	9	-1	10.06	10.06
Fixation L	1	82	6561591168	6561699541	108373	165.17	603.96	54	44	-1	9.45	9.45
Fixation R	1	81	6561591168	6561699541	108373	165.17	603.96	54	44	-1	9.74	9.74
Fixation L	1	83	6561707916	6561866539	158623	114.36	617.55	76	22	-1	9.44	9.44
Fixation R	1	82	6561707916	6561866539	158623	114.36	617.55	76	22	-1	9.68	9.68
Fixation L	1	84	6561958290	6562133533	175243	357.03	609.51	35	23	-1	9.64	9.64
Fixation R	1	83	6561958290	6562133533	175243	357.03	609.51	35	23	-1	10.27	10.27
Fixation L	1	85	6562141908	6562383902	241994	461.77	622.60	24	21	-1	9.37	9.37
Fixation L	1	86	6562400533	6562709275	308742	666.48	622.52	16	15	-1	9.78	9.78
Fixation R	1	84	6562400533	6562709275	308742	666.48	622.52	16	15	-1	10.20	10.20
Fixation L	1	87	6562717649	6562959647	241998	791.33	626.10	21	9	-1	9.53	9.53
Fixation R	1	85	6562717649	6562959647	241998	791.33	626.10	21	9	-1	10.03	10.03
Fixation L	1	88	6563001396	6563101520	100124	159.59	676.21	45	52	-1	9.61	9.61
Fixation R	1	86	6563001396	6563101520	100124	159.59	676.21	45	52	-1	9.78	9.78
Fixation L	1	89	6563109769	6563318391	208622	112.23	690.87	65	33	-1	9.51	9.51
Fixation R	1	87	6563109769	6563318391	208622	112.23	690.87	65	33	-1	9.82	9.82
Fixation L	1	90	6563410264	6563710637	300373	266.11	659.83	30	45	-1	9.75	9.75
Fixation R	1	88	6563410264	6563710637	300373	266.11	659.83	30	45	-1	9.58	9.58
Fixation R	1	89	6563727265	6563894253	166988	421.70	658.04	34	18	-1	10.45	10.45
Fixation L	1	91	6563902506	6564069504	166998	505.99	676.95	30	17	-1	9.84	9.84
Fixation R	1	90	6563902506	6564069504	166998	505.99	676.95	30	17	-1	10.54	10.54
Fixation L	1	92	6564077759	6564428253	350494	646.24	685.52	75	15	-1	10.05	10.05
Fixation R	1	91	6564077759	6564428253	350494	646.24	685.52	75	15	-1	10.41	10.41
Fixation R	1	92	6564436625	6564603497	166872	772.56	690.16	85	7	-1	10.22	10.22
Fixation L	1	93	6564603497	6564820493	216996	884.07	687.91	58	8	-1	9.57	9.57
Fixation R	1	93	6564611873	6564820493	208620	885.94	687.78	19	8	-1	9.98	9.98

