[BeGaze]
Converted from:	C:\Program Files\SMI\Experiment Suite 360\Experiment Center 2\Results\Readability_First_01\P02-eye_data.idf
Date:	02.08.2013 11:27:25
Version:	BeGaze 3.2.28
Sample Rate:	120
Subject:	P02
Description:	Run2

Table Header for Fixations:
Event Type	Trial	Number	Start	End	Duration	Location X	Location Y	Dispersion X	Dispersion Y	Plane	Avg. Pupil Size X	Avg. Pupil Size Y


Fixation L	1	1	4806132683	4806291129	158446	363.47	84.39	10	13	-1	11.27	11.27
Fixation R	1	1	4806132683	4806291129	158446	363.47	84.39	10	13	-1	11.53	11.53
Fixation L	1	2	4806299514	4806449760	150246	200.19	70.25	85	7	-1	11.09	11.09
Fixation R	1	2	4806299514	4806449760	150246	200.19	70.25	85	7	-1	11.70	11.70
Fixation L	1	3	4806458131	4806725129	266998	140.04	80.43	36	8	-1	10.08	10.08
Fixation R	1	3	4806458131	4806725129	266998	140.04	80.43	36	8	-1	10.67	10.67
Fixation L	1	4	4806733505	4806833623	100118	265.69	72.32	29	15	-1	9.90	9.90
Fixation R	1	4	4806733505	4806833623	100118	265.69	72.32	29	15	-1	10.32	10.32
Fixation L	1	5	4806883623	4807100624	217001	412.01	47.42	72	21	-1	9.75	9.75
Fixation R	1	5	4806883623	4807100624	217001	412.01	47.42	72	21	-1	10.38	10.38
Fixation L	1	6	4807108995	4807234120	125125	480.80	39.40	29	4	-1	10.42	10.42
Fixation R	1	6	4807108995	4807234120	125125	480.80	39.40	29	4	-1	10.73	10.73
Fixation L	1	7	4807242493	4807634613	392120	632.73	33.70	44	15	-1	10.52	10.52
Fixation R	1	7	4807242493	4807634613	392120	632.73	33.70	44	15	-1	10.81	10.81
Fixation L	1	8	4807642986	4807884982	241996	760.63	29.88	50	14	-1	10.61	10.61
Fixation R	1	8	4807642986	4807884982	241996	760.63	29.88	50	14	-1	10.92	10.92
Fixation L	1	9	4807893358	4808227102	333744	580.54	35.91	38	20	-1	10.68	10.68
Fixation R	1	9	4807893358	4808227102	333744	580.54	35.91	38	20	-1	11.10	11.10
Fixation L	1	10	4808235477	4808761220	525743	738.55	34.04	69	28	-1	10.82	10.82
Fixation R	1	10	4808235477	4808761220	525743	738.55	34.04	69	28	-1	11.08	11.08
Fixation L	1	11	4808777845	4809153344	375499	904.53	51.18	56	19	-1	10.68	10.68
Fixation R	1	11	4808777845	4809153344	375499	904.53	51.18	56	19	-1	10.88	10.88
Fixation L	1	12	4809203469	4809487206	283737	148.01	112.37	41	29	-1	10.51	10.51
Fixation R	1	12	4809203469	4809487206	283737	148.01	112.37	41	29	-1	11.27	11.27
Fixation L	1	13	4809495456	4809946073	450617	255.39	122.08	67	29	-1	10.59	10.59
Fixation R	1	13	4809495456	4809946073	450617	255.39	122.08	67	29	-1	11.07	11.07
Fixation L	1	14	4809954458	4810129699	175241	221.85	117.94	14	6	-1	10.39	10.39
Fixation R	1	14	4809954458	4810129699	175241	221.85	117.94	14	6	-1	10.85	10.85
Fixation L	1	15	4810138072	4810304951	166879	357.59	106.06	77	12	-1	10.54	10.54
Fixation R	1	15	4810138072	4810304951	166879	357.59	106.06	77	12	-1	10.81	10.81
Fixation L	1	16	4810313197	4810521816	208619	473.43	108.44	20	13	-1	10.59	10.59
Fixation R	1	16	4810313197	4810521816	208619	473.43	108.44	20	13	-1	10.88	10.88
Fixation L	1	17	4810530192	4810922435	392243	580.32	116.25	82	15	-1	10.65	10.65
Fixation R	1	17	4810530192	4810922435	392243	580.32	116.25	82	15	-1	10.96	10.96
Fixation R	1	18	4811030935	4811239560	208625	469.79	114.77	26	72	-1	11.09	11.09
Fixation L	1	18	4811080937	4811247806	166869	471.98	126.26	33	31	-1	10.08	10.08
Fixation L	1	19	4811256187	4811431431	175244	606.90	122.76	32	11	-1	10.67	10.67
Fixation R	1	19	4811256187	4811431431	175244	606.90	122.76	32	11	-1	11.08	11.08
Fixation L	1	20	4811439801	4812099042	659241	726.46	116.75	53	25	-1	10.60	10.60
Fixation R	1	20	4811439801	4812099042	659241	726.46	116.75	53	25	-1	10.92	10.92
Fixation L	1	21	4812107294	4812215790	108496	648.19	114.97	7	15	-1	10.70	10.70
Fixation R	1	21	4812107294	4812215790	108496	648.19	114.97	7	15	-1	11.05	11.05
Fixation L	1	22	4812224166	4812341038	116872	781.27	112.80	53	5	-1	10.67	10.67
Fixation R	1	22	4812224166	4812341038	116872	781.27	112.80	53	5	-1	10.96	10.96
Fixation L	1	23	4812391037	4812699782	308745	140.08	179.58	40	11	-1	10.54	10.54
Fixation R	1	23	4812391037	4812699782	308745	140.08	179.58	40	11	-1	11.25	11.25
Fixation L	1	24	4812708163	4812883406	175243	295.65	173.81	90	6	-1	10.70	10.70
Fixation R	1	24	4812708163	4812883406	175243	295.65	173.81	90	6	-1	11.11	11.11
Fixation L	1	25	4812891654	4813041904	150250	383.76	164.56	15	8	-1	10.51	10.51
Fixation R	1	25	4812891654	4813041904	150250	383.76	164.56	15	8	-1	10.82	10.82
Fixation L	1	26	4813050281	4813308906	258625	533.50	163.49	46	12	-1	10.46	10.46
Fixation R	1	26	4813050281	4813308906	258625	533.50	163.49	46	12	-1	10.84	10.84
Fixation L	1	27	4813317277	4813475898	158621	650.59	162.45	37	17	-1	10.43	10.43
Fixation R	1	27	4813317277	4813475898	158621	650.59	162.45	37	17	-1	10.86	10.86
Fixation L	1	28	4813484149	4813742894	258745	758.46	153.51	21	9	-1	10.38	10.38
Fixation R	1	28	4813484149	4813742894	258745	758.46	153.51	21	9	-1	10.81	10.81
Fixation L	1	29	4813751144	4813943143	191999	847.20	155.90	17	8	-1	10.41	10.41
Fixation R	1	29	4813751144	4813943143	191999	847.20	155.90	17	8	-1	10.67	10.67
Fixation L	1	30	4813993142	4814268509	275367	154.14	234.88	70	17	-1	10.21	10.21
Fixation R	1	30	4813993142	4814268509	275367	154.14	234.88	70	17	-1	11.04	11.04
Fixation L	1	31	4814276883	4814535631	258748	244.64	216.05	68	21	-1	10.38	10.38
Fixation R	1	31	4814276883	4814535631	258748	244.64	216.05	68	21	-1	10.90	10.90
Fixation L	1	32	4814543879	4814785876	241997	361.13	218.07	23	8	-1	10.39	10.39
Fixation R	1	32	4814543879	4814785876	241997	361.13	218.07	23	8	-1	10.84	10.84
Fixation L	1	33	4814794250	4815011253	217003	520.55	206.07	60	9	-1	10.29	10.29
Fixation R	1	33	4814794250	4815011253	217003	520.55	206.07	60	9	-1	10.76	10.76
Fixation L	1	34	4815019624	4815286621	266997	673.17	201.40	89	7	-1	10.14	10.14
Fixation R	1	34	4815019624	4815286621	266997	673.17	201.40	89	7	-1	10.63	10.63
Fixation L	1	35	4815294994	4815453488	158494	811.42	194.86	16	6	-1	10.05	10.05
Fixation R	1	35	4815294994	4815453488	158494	811.42	194.86	16	6	-1	10.49	10.49
Fixation L	1	36	4815461870	4815687118	225248	924.05	213.65	40	26	-1	10.22	10.22
Fixation R	1	36	4815461870	4815687118	225248	924.05	213.65	40	26	-1	10.41	10.41
Fixation L	1	37	4815745486	4815904110	158624	187.25	274.23	58	30	-1	10.21	10.21
Fixation R	1	37	4815745486	4815904110	158624	187.25	274.23	58	30	-1	10.93	10.93
Fixation L	1	38	4815912490	4816146109	233619	116.81	280.93	31	14	-1	10.33	10.33
Fixation R	1	38	4815912490	4816146109	233619	116.81	280.93	31	14	-1	10.87	10.87
Fixation L	1	39	4816154480	4816838724	684244	311.80	271.43	68	20	-1	10.47	10.47
Fixation R	1	39	4816154480	4816838724	684244	311.80	271.43	68	20	-1	10.82	10.82
Fixation L	1	40	4816846972	4817305965	458993	436.61	272.27	45	19	-1	10.33	10.33
Fixation R	1	40	4816846972	4817305965	458993	436.61	272.27	45	19	-1	10.76	10.76
Fixation L	1	41	4817314341	4817572958	258617	551.28	261.99	24	11	-1	10.17	10.17
Fixation R	1	41	4817314341	4817572958	258617	551.28	261.99	24	11	-1	10.59	10.59
Fixation L	1	42	4817581335	4817840080	258745	694.13	264.40	57	9	-1	10.21	10.21
Fixation R	1	42	4817581335	4817840080	258745	694.13	264.40	57	9	-1	10.54	10.54
Fixation L	1	43	4817848330	4818015210	166880	775.01	262.76	18	5	-1	10.17	10.17
Fixation R	1	43	4817848330	4818015210	166880	775.01	262.76	18	5	-1	10.54	10.54
Fixation L	1	44	4818056951	4818240577	183626	155.65	341.06	79	16	-1	10.08	10.08
Fixation R	1	44	4818056951	4818240577	183626	155.65	341.06	79	16	-1	10.72	10.72
Fixation L	1	45	4818248947	4818365703	116756	109.19	352.23	14	21	-1	10.07	10.07
Fixation R	1	45	4818248947	4818365703	116756	109.19	352.23	14	21	-1	10.65	10.65
Fixation R	1	46	4818440824	4818524324	83500	207.22	362.73	69	30	-1	10.77	10.77
Fixation L	1	46	4818449196	4818599318	150122	222.46	354.52	58	29	-1	10.54	10.54
Fixation L	1	47	4818616073	4818999940	383867	391.35	336.15	25	11	-1	10.49	10.49
Fixation R	1	47	4818616073	4818999940	383867	391.35	336.15	25	11	-1	10.96	10.96
Fixation L	1	48	4819008313	4819166815	158502	527.65	330.23	75	13	-1	10.38	10.38
Fixation R	1	48	4819008313	4819166815	158502	527.65	330.23	75	13	-1	10.77	10.77
Fixation L	1	49	4819175190	4819467187	291997	658.25	330.43	19	12	-1	10.32	10.32
Fixation R	1	49	4819175190	4819467187	291997	658.25	330.43	19	12	-1	10.61	10.61
Fixation L	1	50	4819475557	4819734179	258622	769.61	328.64	88	9	-1	10.29	10.29
Fixation R	1	50	4819475557	4819734179	258622	769.61	328.64	88	9	-1	10.65	10.65
Fixation L	1	51	4819742557	4819926176	183619	842.97	323.13	78	11	-1	10.28	10.28
Fixation R	1	51	4819742557	4819926176	183619	842.97	323.13	78	11	-1	10.70	10.70
Fixation L	1	52	4819976173	4820243296	267123	141.90	415.93	76	17	-1	10.27	10.27
Fixation R	1	52	4819976173	4820243296	267123	141.90	415.93	76	17	-1	10.82	10.82
Fixation L	1	53	4820251556	4820468549	216993	226.98	396.75	30	18	-1	10.39	10.39
Fixation R	1	53	4820251556	4820468549	216993	226.98	396.75	30	18	-1	10.74	10.74
Fixation L	1	54	4820485295	4820760664	275369	411.22	383.91	55	12	-1	10.54	10.54
Fixation R	1	54	4820485295	4820760664	275369	411.22	383.91	55	12	-1	10.87	10.87
Fixation L	1	55	4820768919	4821069415	300496	597.62	400.05	80	13	-1	10.47	10.47
Fixation R	1	55	4820768919	4821069415	300496	597.62	400.05	80	13	-1	10.83	10.83
Fixation L	1	56	4821077657	4821278031	200374	707.58	393.77	11	12	-1	10.35	10.35
Fixation R	1	56	4821077657	4821278031	200374	707.58	393.77	11	12	-1	10.70	10.70
Fixation L	1	57	4821286291	4821611772	325481	789.54	389.40	32	9	-1	10.23	10.23
Fixation R	1	57	4821286291	4821611772	325481	789.54	389.40	32	9	-1	10.60	10.60
Fixation L	1	58	4821620154	4821803645	183491	883.58	393.08	17	4	-1	10.27	10.27
Fixation R	1	58	4821620154	4821803645	183491	883.58	393.08	17	4	-1	10.57	10.57
Fixation L	1	59	4821812022	4822003894	191872	976.60	391.22	46	4	-1	10.21	10.21
Fixation R	1	59	4821812022	4822003894	191872	976.60	391.22	46	4	-1	10.45	10.45
Fixation L	1	60	4822062392	4822237641	175249	157.46	454.97	58	38	-1	10.15	10.15
Fixation R	1	60	4822062392	4822237641	175249	157.46	454.97	58	38	-1	10.77	10.77
Fixation L	1	61	4822245891	4822396139	150248	114.38	459.44	29	7	-1	10.29	10.29
Fixation R	1	61	4822245891	4822396139	150248	114.38	459.44	29	7	-1	10.70	10.70
Fixation L	1	62	4822404513	4822563010	158497	204.25	453.01	38	9	-1	10.38	10.38
Fixation R	1	62	4822404513	4822563010	158497	204.25	453.01	38	9	-1	10.60	10.60
Fixation L	1	63	4822571390	4822796634	225244	380.02	448.37	30	11	-1	10.53	10.53
Fixation R	1	63	4822571390	4822796634	225244	380.02	448.37	30	11	-1	10.85	10.85
Fixation L	1	64	4822805005	4823105376	300371	522.11	451.81	66	12	-1	10.30	10.30
Fixation R	1	64	4822805005	4823105376	300371	522.11	451.81	66	12	-1	10.88	10.88
Fixation L	1	65	4823113751	4823455872	342121	638.13	447.24	39	18	-1	10.20	10.20
Fixation R	1	65	4823113751	4823455872	342121	638.13	447.24	39	18	-1	10.65	10.65
Fixation L	1	66	4823464243	4823756240	291997	808.32	450.43	74	12	-1	10.27	10.27
Fixation R	1	66	4823464243	4823756240	291997	808.32	450.43	74	12	-1	10.65	10.65
Fixation L	1	67	4823764617	4823889862	125245	919.89	449.97	22	1	-1	10.21	10.21
Fixation R	1	67	4823764617	4823889862	125245	919.89	449.97	22	1	-1	10.62	10.62
Fixation L	1	68	4823914863	4824206857	291994	465.50	463.64	52	21	-1	10.31	10.31
Fixation R	1	68	4823914863	4824206857	291994	465.50	463.64	52	21	-1	11.07	11.07
Fixation L	1	69	4824215235	4824507353	292118	325.77	460.71	76	14	-1	10.21	10.21
Fixation R	1	69	4824215235	4824507353	292118	325.77	460.71	76	14	-1	10.67	10.67
Fixation L	1	70	4824532358	4824682605	150247	686.96	451.30	73	8	-1	10.35	10.35
Fixation R	1	70	4824532358	4824682605	150247	686.96	451.30	73	8	-1	10.64	10.64
Fixation L	1	71	4824690850	4825041347	350497	899.17	455.31	67	10	-1	10.50	10.50
Fixation R	1	71	4824690850	4825041347	350497	899.17	455.31	67	10	-1	10.64	10.64
Fixation L	1	72	4825091469	4825241596	150127	186.36	510.70	54	39	-1	10.67	10.67
Fixation R	1	72	4825091469	4825241596	150127	186.36	510.70	54	39	-1	10.83	10.83
Fixation L	1	73	4825249970	4825475222	225252	109.67	532.29	66	18	-1	10.71	10.71
Fixation R	1	73	4825249970	4825475222	225252	109.67	532.29	66	18	-1	10.91	10.91
Fixation L	1	74	4825491967	4825708961	216994	328.09	518.37	51	21	-1	10.86	10.86
Fixation R	1	74	4825491967	4825708961	216994	328.09	518.37	51	21	-1	11.11	11.11
Fixation L	1	75	4825717211	4825867459	150248	413.99	520.80	25	8	-1	10.98	10.98
Fixation R	1	75	4825717211	4825867459	150248	413.99	520.80	25	8	-1	11.36	11.36
Fixation L	1	76	4825875841	4826084457	208616	556.31	525.30	64	11	-1	11.00	11.00
Fixation R	1	76	4825875841	4826084457	208616	556.31	525.30	64	11	-1	11.29	11.29
Fixation L	1	77	4826092703	4826343079	250376	670.76	525.50	22	6	-1	10.73	10.73
Fixation R	1	77	4826092703	4826343079	250376	670.76	525.50	22	6	-1	11.10	11.10
Fixation L	1	78	4826351452	4826710325	358873	795.16	513.57	22	14	-1	10.66	10.66
Fixation R	1	78	4826351452	4826710325	358873	795.16	513.57	22	14	-1	10.99	10.99
Fixation L	1	79	4826751950	4826910571	158621	194.13	568.26	46	34	-1	10.47	10.47
Fixation R	1	79	4826751950	4826910571	158621	194.13	568.26	46	34	-1	10.88	10.88
Fixation L	1	80	4826918816	4827019065	100249	108.57	583.39	43	18	-1	10.34	10.34
Fixation R	1	80	4826918816	4827019065	100249	108.57	583.39	43	18	-1	10.84	10.84
Fixation L	1	81	4827152441	4827235941	83500	161.54	591.07	68	30	-1	10.29	10.29
Fixation R	1	81	4827152441	4827235941	83500	161.54	591.07	68	30	-1	10.64	10.64
Fixation L	1	82	4827244316	4827369436	125120	194.64	568.82	9	9	-1	10.68	10.68
Fixation R	1	82	4827244316	4827369436	125120	194.64	568.82	9	9	-1	10.81	10.81
Fixation L	1	83	4827377816	4827569682	191866	336.92	574.10	32	4	-1	10.88	10.88
Fixation R	1	83	4827377816	4827569682	191866	336.92	574.10	32	4	-1	11.30	11.30
Fixation L	1	84	4827578065	4827820053	241988	458.08	571.00	27	12	-1	10.70	10.70
Fixation R	1	84	4827578065	4827820053	241988	458.08	571.00	27	12	-1	11.22	11.22
Fixation L	1	85	4827828436	4828162174	333738	625.32	578.08	78	12	-1	10.78	10.78
Fixation R	1	85	4827828436	4828162174	333738	625.32	578.08	78	12	-1	11.07	11.07
Fixation L	1	86	4828170551	4828345797	175246	739.32	572.03	26	10	-1	10.50	10.50
Fixation R	1	86	4828170551	4828345797	175246	739.32	572.03	26	10	-1	10.90	10.90
Fixation R	1	87	4828354173	4828671164	316991	840.89	574.67	33	11	-1	10.61	10.61
Fixation L	1	87	4828437545	4828671164	233619	844.44	574.13	26	9	-1	10.45	10.45
Fixation L	1	88	4828679548	4828771416	91868	938.83	570.88	22	13	-1	10.49	10.49
Fixation R	1	88	4828679548	4828771416	91868	938.83	570.88	22	13	-1	10.00	10.00
Fixation L	1	89	4828829796	4829196907	367111	116.64	642.27	56	32	-1	10.60	10.60
Fixation R	1	89	4828829796	4829196907	367111	116.64	642.27	56	32	-1	10.91	10.91
Fixation L	1	90	4829205282	4829539029	333747	245.44	642.94	51	11	-1	10.86	10.86
Fixation R	1	90	4829205282	4829539029	333747	245.44	642.94	51	11	-1	10.81	10.81
Fixation L	1	91	4829547407	4829764399	216992	393.99	651.62	12	10	-1	10.88	10.88
Fixation R	1	91	4829547407	4829764399	216992	393.99	651.62	12	10	-1	11.42	11.42
Fixation L	1	92	4829772651	4829964648	191997	534.69	638.49	33	20	-1	10.37	10.37
Fixation R	1	92	4829772651	4829964648	191997	534.69	638.49	33	20	-1	11.31	11.31
Fixation L	1	93	4829973021	4830173268	200247	652.76	637.81	16	8	-1	10.67	10.67
Fixation R	1	93	4829973021	4830173268	200247	652.76	637.81	16	8	-1	11.12	11.12
Fixation L	1	94	4830181656	4830473637	291981	814.78	638.25	42	8	-1	10.44	10.44
Fixation R	1	94	4830181656	4830473637	291981	814.78	638.25	42	8	-1	10.94	10.94
Fixation L	1	95	4830482024	4830724010	241986	923.50	634.81	31	10	-1	10.34	10.34
Fixation R	1	95	4830482024	4830724010	241986	923.50	634.81	31	10	-1	10.82	10.82
Fixation L	1	96	4830774011	4831016007	241996	148.38	706.02	40	16	-1	10.40	10.40
Fixation R	1	96	4830774011	4831016007	241996	148.38	706.02	40	16	-1	10.91	10.91
Fixation L	1	97	4831024382	4831416626	392244	299.32	703.29	75	19	-1	10.77	10.77
Fixation R	1	97	4831024382	4831416626	392244	299.32	703.29	75	19	-1	11.12	11.12
Fixation L	1	98	4831433256	4831625245	191989	523.82	712.35	46	12	-1	10.99	10.99
Fixation R	1	98	4831433256	4831625245	191989	523.82	712.35	46	12	-1	11.78	11.78
Fixation L	1	99	4831633503	4831858868	225365	668.19	703.75	19	15	-1	11.09	11.09
Fixation R	1	99	4831633503	4831858868	225365	668.19	703.75	19	15	-1	11.62	11.62
Fixation L	1	100	4831867118	4832192614	325496	794.14	700.99	63	25	-1	10.86	10.86
Fixation R	1	100	4831867118	4832192614	325496	794.14	700.99	63	25	-1	11.41	11.41
Fixation L	1	101	4832267737	4832417861	150124	173.52	121.20	35	13	-1	10.58	10.58
Fixation R	1	101	4832267737	4832417861	150124	173.52	121.20	35	13	-1	11.31	11.31

