[BeGaze]
Converted from:	C:\Program Files\SMI\Experiment Suite 360\Experiment Center 2\Results\Readability_First_01\P02-eye_data.idf
Date:	02.08.2013 11:27:26
Version:	BeGaze 3.2.28
Sample Rate:	120
Subject:	P02
Description:	Run2

Table Header for Fixations:
Event Type	Trial	Number	Start	End	Duration	Location X	Location Y	Dispersion X	Dispersion Y	Plane	Avg. Pupil Size X	Avg. Pupil Size Y


Fixation L	1	1	5804657799	5804916507	258708	131.77	71.79	12	14	-1	10.06	10.06
Fixation R	1	1	5804657799	5804916507	258708	131.77	71.79	12	14	-1	10.64	10.64
Fixation L	1	2	5804924756	5805200126	275370	285.26	62.92	72	26	-1	10.19	10.19
Fixation R	1	2	5804924756	5805200126	275370	285.26	62.92	72	26	-1	10.57	10.57
Fixation L	1	3	5805208508	5805467246	258738	404.46	47.11	23	11	-1	10.28	10.28
Fixation R	1	3	5805208508	5805467246	258738	404.46	47.11	23	11	-1	10.56	10.56
Fixation L	1	4	5805475495	5805675871	200376	529.87	35.42	20	8	-1	10.39	10.39
Fixation R	1	4	5805475495	5805675871	200376	529.87	35.42	20	8	-1	10.61	10.61
Fixation L	1	5	5805684124	5805851116	166992	688.17	42.80	77	12	-1	10.37	10.37
Fixation R	1	5	5805684124	5805851116	166992	688.17	42.80	77	12	-1	10.71	10.71
Fixation L	1	6	5805901115	5806042987	141872	849.47	38.01	45	52	-1	10.69	10.69
Fixation R	1	6	5805901115	5806042987	141872	849.47	38.01	45	52	-1	10.74	10.74
Fixation L	1	7	5806051362	5806418487	367125	848.99	49.13	63	13	-1	10.66	10.66
Fixation R	1	7	5806051362	5806418487	367125	848.99	49.13	63	13	-1	10.85	10.85
Fixation L	1	8	5806468611	5806643732	175121	140.38	133.30	49	49	-1	10.49	10.49
Fixation R	1	8	5806468611	5806643732	175121	140.38	133.30	49	49	-1	11.14	11.14
Fixation L	1	9	5806652103	5806827354	175251	125.25	131.92	26	22	-1	10.57	10.57
Fixation R	1	9	5806652103	5806827354	175251	125.25	131.92	26	22	-1	11.11	11.11
Fixation L	1	10	5806835727	5807027599	191872	196.94	114.54	87	9	-1	10.73	10.73
Fixation R	1	10	5806835727	5807027599	191872	196.94	114.54	87	9	-1	11.05	11.05
Fixation L	1	11	5807035975	5807369726	333751	273.59	109.50	38	24	-1	10.95	10.95
Fixation R	1	11	5807052723	5807369726	317003	273.63	109.33	38	24	-1	11.15	11.15
Fixation R	1	12	5807453215	5807820342	367127	357.20	97.85	40	57	-1	11.44	11.44
Fixation L	1	12	5807478216	5807828712	350496	356.03	100.45	76	14	-1	11.26	11.26
Fixation R	1	13	5807828712	5808012333	183621	281.61	116.77	20	18	-1	11.41	11.41
Fixation L	1	13	5807837086	5808020583	183497	277.73	117.53	81	16	-1	11.16	11.16
Fixation R	1	14	5808020583	5808245961	225378	193.28	123.45	17	10	-1	11.14	11.14
Fixation L	1	14	5808028957	5808245961	217004	192.78	123.56	7	10	-1	10.70	10.70
Fixation L	1	15	5808262579	5808713196	450617	412.53	120.28	27	11	-1	10.66	10.66
Fixation R	1	15	5808262579	5808713196	450617	412.53	120.28	27	11	-1	10.97	10.97
Fixation L	1	16	5808721571	5808863445	141874	521.12	108.36	11	6	-1	10.58	10.58
Fixation R	1	16	5808721571	5808863445	141874	521.12	108.36	11	6	-1	10.78	10.78
Fixation L	1	17	5808871825	5809097070	225245	665.91	110.36	93	5	-1	10.38	10.38
Fixation R	1	17	5808871825	5809097070	225245	665.91	110.36	93	5	-1	10.58	10.58
Fixation L	1	18	5809105448	5809272312	166864	744.80	103.69	44	6	-1	10.32	10.32
Fixation R	1	18	5809105448	5809272312	166864	744.80	103.69	44	6	-1	10.63	10.63
Fixation L	1	19	5809280696	5809455943	175247	855.24	98.49	46	6	-1	10.21	10.21
Fixation R	1	19	5809280696	5809455943	175247	855.24	98.49	46	6	-1	10.45	10.45
Fixation L	1	20	5809505941	5809722933	216992	127.67	184.91	30	30	-1	10.01	10.01
Fixation R	1	20	5809505941	5809722933	216992	127.67	184.91	30	30	-1	10.76	10.76
Fixation L	1	21	5809731309	5809939931	208622	259.07	172.80	20	27	-1	10.34	10.34
Fixation R	1	21	5809731309	5809939931	208622	259.07	172.80	20	27	-1	10.87	10.87
Fixation L	1	22	5809948182	5810106808	158626	398.08	157.30	50	10	-1	10.57	10.57
Fixation R	1	22	5809948182	5810106808	158626	398.08	157.30	50	10	-1	10.88	10.88
Fixation L	1	23	5810115050	5810340422	225372	545.90	168.06	58	16	-1	10.37	10.37
Fixation R	1	23	5810115050	5810340422	225372	545.90	168.06	58	16	-1	10.71	10.71
Fixation L	1	24	5810357060	5810582427	225367	687.61	150.12	46	36	-1	10.35	10.35
Fixation R	1	24	5810357060	5810582427	225367	687.61	150.12	46	36	-1	10.55	10.55
Fixation L	1	25	5810590795	5810816042	225247	819.89	141.08	57	9	-1	10.32	10.32
Fixation R	1	25	5810590795	5810816042	225247	819.89	141.08	57	9	-1	10.49	10.49
Fixation L	1	26	5810824414	5811058044	233630	912.37	167.96	39	54	-1	10.21	10.21
Fixation R	1	26	5810824414	5811058044	233630	912.37	167.96	39	54	-1	10.38	10.38
Fixation L	1	27	5811124786	5811283290	158504	72.85	252.67	23	26	-1	10.04	10.04
Fixation R	1	27	5811124786	5811283290	158504	72.85	252.67	23	26	-1	10.75	10.75
Fixation L	1	28	5811291658	5811466912	175254	153.12	237.24	40	24	-1	10.14	10.14
Fixation R	1	28	5811291658	5811466912	175254	153.12	237.24	40	24	-1	10.62	10.62
Fixation L	1	29	5811475281	5811625529	150248	242.79	232.34	79	7	-1	10.34	10.34
Fixation R	1	29	5811475281	5811625529	150248	242.79	232.34	79	7	-1	10.67	10.67
Fixation L	1	30	5811633778	5811842399	208621	328.45	235.12	45	10	-1	10.21	10.21
Fixation R	1	30	5811633778	5811842399	208621	328.45	235.12	45	10	-1	10.59	10.59
Fixation L	1	31	5811850774	5812117770	266996	444.46	225.75	46	11	-1	10.09	10.09
Fixation R	1	31	5811850774	5812117770	266996	444.46	225.75	46	11	-1	10.35	10.35
Fixation L	1	32	5812126146	5812209651	83505	512.95	220.14	44	3	-1	9.93	9.93
Fixation R	1	32	5812126146	5812209651	83505	512.95	220.14	44	3	-1	10.39	10.39
Fixation L	1	33	5812226269	5812468267	241998	315.74	224.79	89	9	-1	9.91	9.91
Fixation R	1	33	5812226269	5812468267	241998	315.74	224.79	89	9	-1	10.38	10.38
Fixation L	1	34	5812501640	5812743635	241995	516.40	219.65	49	9	-1	10.15	10.15
Fixation R	1	34	5812501640	5812743635	241995	516.40	219.65	49	9	-1	10.44	10.44
Fixation L	1	35	5812752015	5813027381	275366	657.82	210.75	54	13	-1	10.08	10.08
Fixation R	1	35	5812752015	5813027381	275366	657.82	210.75	54	13	-1	10.39	10.39
Fixation L	1	36	5813035631	5813277630	241999	760.61	207.56	72	9	-1	9.99	9.99
Fixation R	1	36	5813035631	5813277630	241999	760.61	207.56	72	9	-1	10.24	10.24
Fixation L	1	37	5813286011	5813377879	91868	511.13	201.59	81	9	-1	10.05	10.05
Fixation R	1	37	5813286011	5813377879	91868	511.13	201.59	81	9	-1	10.46	10.46
Fixation L	1	38	5813386135	5813469624	83489	673.82	213.28	75	22	-1	10.10	10.10
Fixation R	1	38	5813386135	5813469624	83489	673.82	213.28	75	22	-1	10.53	10.53
Fixation L	1	39	5813478003	5814020369	542366	637.18	231.85	75	24	-1	10.03	10.03
Fixation R	1	39	5813478003	5814020369	542366	637.18	231.85	75	24	-1	10.47	10.47
Fixation L	1	40	5814028741	5814162246	133505	601.01	213.82	87	12	-1	9.89	9.89
Fixation R	1	40	5814028741	5814162246	133505	601.01	213.82	87	12	-1	10.26	10.26
Fixation L	1	41	5814170491	5814596110	425619	592.61	221.18	81	10	-1	9.88	9.88
Fixation R	1	41	5814170491	5814596110	425619	592.61	221.18	81	10	-1	10.32	10.32
Fixation L	1	42	5814604482	5814829732	225250	687.50	218.23	45	12	-1	9.94	9.94
Fixation R	1	42	5814604482	5814829732	225250	687.50	218.23	45	12	-1	10.23	10.23
Fixation L	1	43	5814838108	5814979979	141871	802.16	213.22	27	6	-1	9.98	9.98
Fixation R	1	43	5814838108	5814979979	141871	802.16	213.22	27	6	-1	10.15	10.15
Fixation L	1	44	5815038355	5815347102	308747	121.49	309.17	28	32	-1	9.89	9.89
Fixation R	1	44	5815038355	5815347102	308747	121.49	309.17	28	32	-1	10.47	10.47
Fixation L	1	45	5815355472	5815539094	183622	275.13	289.50	50	34	-1	10.00	10.00
Fixation R	1	45	5815355472	5815539094	183622	275.13	289.50	50	34	-1	10.44	10.44
Fixation L	1	46	5815547348	5815814470	267122	456.84	278.38	67	4	-1	10.03	10.03
Fixation R	1	46	5815547348	5815814470	267122	456.84	278.38	67	4	-1	10.30	10.30
Fixation L	1	47	5815822714	5816039715	217001	649.28	270.34	80	12	-1	9.88	9.88
Fixation R	1	47	5815822714	5816039715	217001	649.28	270.34	80	12	-1	10.25	10.25
Fixation L	1	48	5816048086	5816206582	158496	753.97	269.14	35	6	-1	9.95	9.95
Fixation R	1	48	5816048086	5816206582	158496	753.97	269.14	35	6	-1	10.25	10.25
Fixation L	1	49	5816214961	5816381829	166868	883.46	269.65	48	10	-1	9.94	9.94
Fixation R	1	49	5816214961	5816381829	166868	883.46	269.65	48	10	-1	10.22	10.22
Fixation L	1	50	5816431956	5816582080	150124	201.48	329.59	58	26	-1	9.93	9.93
Fixation R	1	50	5816431956	5816582080	150124	201.48	329.59	58	26	-1	10.49	10.49
Fixation L	1	51	5816590464	5816957572	367108	119.48	359.22	17	34	-1	10.11	10.11
Fixation R	1	51	5816590464	5816957572	367108	119.48	359.22	17	34	-1	10.56	10.56
Fixation L	1	52	5816965955	5817124568	158613	233.62	341.90	29	19	-1	10.19	10.19
Fixation R	1	52	5816965955	5817124568	158613	233.62	341.90	29	19	-1	10.50	10.50
Fixation L	1	53	5817132819	5817358193	225374	374.84	333.43	13	11	-1	10.33	10.33
Fixation R	1	53	5817132819	5817358193	225374	374.84	333.43	13	11	-1	10.61	10.61
Fixation L	1	54	5817366572	5817566820	200248	540.51	326.95	70	8	-1	10.33	10.33
Fixation R	1	54	5817366572	5817566820	200248	540.51	326.95	70	8	-1	10.68	10.68
Fixation L	1	55	5817575066	5817775439	200373	680.55	323.21	36	7	-1	10.13	10.13
Fixation R	1	55	5817575066	5817775439	200373	680.55	323.21	36	7	-1	10.40	10.40
Fixation L	1	56	5817783688	5817900560	116872	833.13	329.10	54	3	-1	10.04	10.04
Fixation R	1	56	5817783688	5817900560	116872	833.13	329.10	54	3	-1	10.46	10.46
Fixation L	1	57	5817908935	5818100809	191874	908.15	326.13	71	7	-1	9.91	9.91
Fixation R	1	57	5817908935	5818100809	191874	908.15	326.13	71	7	-1	10.37	10.37
Fixation L	1	58	5818150928	5818392928	242000	139.16	393.22	47	36	-1	10.08	10.08
Fixation R	1	58	5818150928	5818392928	242000	139.16	393.22	47	36	-1	10.48	10.48
Fixation L	1	59	5818401179	5818618178	216999	266.05	386.14	23	8	-1	10.15	10.15
Fixation R	1	59	5818401179	5818618178	216999	266.05	386.14	23	8	-1	10.47	10.47
Fixation L	1	60	5818626547	5819327412	700865	396.34	388.48	83	14	-1	10.09	10.09
Fixation R	1	60	5818626547	5819327412	700865	396.34	388.48	83	14	-1	10.54	10.54
Fixation L	1	61	5819335787	5819561157	225370	465.48	389.65	79	4	-1	10.04	10.04
Fixation R	1	61	5819335787	5819561157	225370	465.48	389.65	79	4	-1	10.28	10.28
Fixation L	1	62	5819569413	5819736404	166991	289.60	392.83	26	12	-1	10.03	10.03
Fixation R	1	62	5819569413	5819736404	166991	289.60	392.83	26	12	-1	10.34	10.34
Fixation L	1	63	5819753032	5819978401	225369	528.54	386.88	35	13	-1	10.10	10.10
Fixation R	1	63	5819753032	5819978401	225369	528.54	386.88	35	13	-1	10.49	10.49
Fixation L	1	64	5820086773	5820403898	317125	632.62	394.10	80	17	-1	10.30	10.30
Fixation R	1	64	5820086773	5820403898	317125	632.62	394.10	80	17	-1	10.58	10.58
Fixation L	1	65	5820412269	5820595893	183624	780.05	396.96	64	8	-1	10.12	10.12
Fixation R	1	65	5820412269	5820595893	183624	780.05	396.96	64	8	-1	10.61	10.61
Fixation L	1	66	5820604143	5820762763	158620	874.89	388.04	72	7	-1	10.05	10.05
Fixation R	1	66	5820604143	5820762763	158620	874.89	388.04	72	7	-1	10.54	10.54
Fixation L	1	67	5820812763	5820971400	158637	174.35	444.06	46	37	-1	10.02	10.02
Fixation R	1	67	5820812763	5820971400	158637	174.35	444.06	46	37	-1	10.56	10.56
Fixation L	1	68	5820979642	5821129885	150243	115.84	460.37	42	7	-1	10.19	10.19
Fixation R	1	68	5820979642	5821129885	150243	115.84	460.37	42	7	-1	10.51	10.51
Fixation L	1	69	5821138262	5821305136	166874	288.57	448.94	74	16	-1	10.40	10.40
Fixation R	1	69	5821138262	5821305136	166874	288.57	448.94	74	16	-1	10.69	10.69
Fixation L	1	70	5821313508	5821463631	150123	410.93	449.25	22	13	-1	10.49	10.49
Fixation R	1	70	5821313508	5821463631	150123	410.93	449.25	22	13	-1	10.83	10.83
Fixation L	1	71	5821472009	5821797503	325494	522.09	464.82	68	12	-1	10.42	10.42
Fixation R	1	71	5821472009	5821797503	325494	522.09	464.82	68	12	-1	10.93	10.93
Fixation L	1	72	5821805754	5822072874	267120	637.64	459.99	23	6	-1	10.26	10.26
Fixation R	1	72	5821805754	5822072874	267120	637.64	459.99	23	6	-1	10.76	10.76
Fixation L	1	73	5822081121	5822298120	216999	807.46	453.18	29	15	-1	10.04	10.04
Fixation R	1	73	5822081121	5822298120	216999	807.46	453.18	29	15	-1	10.61	10.61
Fixation L	1	74	5822306495	5822448370	141875	890.49	448.33	39	3	-1	9.97	9.97
Fixation R	1	74	5822306495	5822448370	141875	890.49	448.33	39	3	-1	10.47	10.47
Fixation L	1	75	5822498369	5822656990	158621	174.99	496.93	32	25	-1	9.99	9.99
Fixation R	1	75	5822498369	5822656990	158621	174.99	496.93	32	25	-1	10.45	10.45
Fixation L	1	76	5822665238	5822840486	175248	107.72	514.14	16	21	-1	9.97	9.97
Fixation R	1	76	5822665238	5822840486	175248	107.72	514.14	16	21	-1	10.50	10.50
Fixation L	1	77	5822848864	5823074235	225371	238.02	506.23	61	19	-1	10.29	10.29
Fixation R	1	77	5822848864	5823074235	225371	238.02	506.23	61	19	-1	10.63	10.63
Fixation L	1	78	5823082482	5823257727	175245	336.01	506.42	44	7	-1	10.42	10.42
Fixation R	1	78	5823082482	5823257727	175245	336.01	506.42	44	7	-1	11.01	11.01
Fixation L	1	79	5823266104	5823499729	233625	460.74	516.98	74	13	-1	10.52	10.52
Fixation R	1	79	5823266104	5823499729	233625	460.74	516.98	74	13	-1	11.29	11.29
Fixation L	1	80	5823508102	5823800099	291997	588.80	521.81	12	5	-1	10.52	10.52
Fixation R	1	80	5823508102	5823800099	291997	588.80	521.81	12	5	-1	11.17	11.17
Fixation L	1	81	5823816846	5823941969	125123	468.69	526.74	3	6	-1	9.67	9.67
Fixation R	1	81	5823816846	5824000470	183624	468.79	527.31	3	6	-1	10.27	10.27
Fixation L	1	82	5823967090	5824142216	175126	465.31	527.13	11	5	-1	9.82	9.82
Fixation R	1	82	5824017090	5824142216	125126	463.83	526.44	11	4	-1	9.09	9.09
Fixation L	1	83	5824150592	5824400963	250371	614.86	520.90	59	8	-1	10.14	10.14
Fixation R	1	83	5824150592	5824400963	250371	614.86	520.90	59	8	-1	10.73	10.73
Fixation L	1	84	5824409334	5824592830	183496	689.73	520.77	23	4	-1	10.04	10.04
Fixation R	1	84	5824409334	5824592830	183496	689.73	520.77	23	4	-1	10.57	10.57
Fixation L	1	85	5824601212	5824818202	216990	813.12	511.20	33	13	-1	9.99	9.99
Fixation R	1	85	5824601212	5824818202	216990	813.12	511.20	33	13	-1	10.84	10.84
Fixation L	1	86	5824868202	5825076826	208624	148.38	576.84	61	36	-1	10.03	10.03
Fixation R	1	86	5824868202	5825076826	208624	148.38	576.84	61	36	-1	11.00	11.00
Fixation L	1	87	5825085199	5825243697	158498	100.01	597.64	11	12	-1	10.21	10.21
Fixation R	1	87	5825085199	5825243697	158498	100.01	597.64	11	12	-1	10.99	10.99
Fixation L	1	88	5825252076	5825677693	425617	218.52	589.87	53	17	-1	10.37	10.37
Fixation R	1	88	5825252076	5825677693	425617	218.52	589.87	53	17	-1	10.96	10.96
Fixation L	1	89	5825686064	5825953065	267001	341.03	587.50	91	7	-1	10.48	10.48
Fixation R	1	89	5825686064	5825953065	267001	341.03	587.50	91	7	-1	11.16	11.16
Fixation L	1	90	5825961435	5826245056	283621	427.96	589.18	41	5	-1	10.43	10.43
Fixation R	1	90	5825961435	5826245056	283621	427.96	589.18	41	5	-1	11.36	11.36
Fixation R	1	91	5826253438	5826628934	375496	595.88	587.06	37	7	-1	11.14	11.14
Fixation L	1	91	5826286809	5826628934	342125	595.08	587.08	25	7	-1	10.31	10.31
Fixation L	1	92	5826637299	5826879300	242001	750.63	577.47	55	16	-1	10.03	10.03
Fixation R	1	92	5826637299	5826879300	242001	750.63	577.47	55	16	-1	10.98	10.98
Fixation L	1	93	5826887673	5827062796	175123	824.21	579.84	18	3	-1	10.02	10.02
Fixation R	1	93	5826887673	5827062796	175123	824.21	579.84	18	3	-1	10.95	10.95
Fixation L	1	94	5827104551	5827213040	108489	204.13	638.70	60	38	-1	10.21	10.21
Fixation R	1	94	5827104551	5827213040	108489	204.13	638.70	60	38	-1	11.05	11.05
Fixation L	1	95	5827221415	5827304803	83388	170.88	647.78	87	12	-1	10.15	10.15
Fixation R	1	95	5827221415	5827304803	83388	170.88	647.78	87	12	-1	11.08	11.08
Fixation L	1	96	5827313169	5827521786	208617	107.61	671.35	30	38	-1	10.26	10.26
Fixation R	1	96	5827313169	5827521786	208617	107.61	671.35	30	38	-1	11.13	11.13
Fixation L	1	97	5827713783	5827897282	183499	488.69	634.65	51	15	-1	10.52	10.52
Fixation R	1	97	5827713783	5827897282	183499	488.69	634.65	51	15	-1	11.45	11.45
Fixation R	1	98	5827905662	5828089278	183616	431.04	639.01	34	17	-1	11.58	11.58
Fixation L	1	98	5828097527	5828356279	258752	582.97	640.62	30	5	-1	10.34	10.34
Fixation R	1	99	5828097527	5828356279	258752	582.97	640.62	30	5	-1	11.08	11.08
Fixation L	1	99	5828364652	5828907021	542369	723.95	631.48	83	12	-1	10.09	10.09
Fixation R	1	100	5828364652	5828907021	542369	723.95	631.48	83	12	-1	10.86	10.86
Fixation L	1	100	5828915390	5829324260	408870	820.83	630.75	60	13	-1	10.04	10.04
Fixation R	1	101	5828915390	5829324260	408870	820.83	630.75	60	13	-1	10.95	10.95
Fixation L	1	101	5829516132	5829791503	275371	797.47	625.34	39	29	-1	10.33	10.33
Fixation R	1	102	5829516132	5830050250	534118	792.09	629.03	39	32	-1	11.13	11.13
Fixation L	1	102	5829866631	5830175372	308741	810.38	635.69	69	13	-1	10.25	10.25
Fixation R	1	103	5830058499	5830175372	116873	847.81	639.05	14	4	-1	10.79	10.79
Fixation L	1	103	5830225370	5830400622	175252	164.53	696.46	61	27	-1	10.23	10.23
Fixation R	1	104	5830225370	5830400622	175252	164.53	696.46	61	27	-1	10.63	10.63
Fixation L	1	104	5830409000	5830567621	158621	130.33	689.43	39	18	-1	9.90	9.90
Fixation R	1	105	5830409000	5830567621	158621	130.33	689.43	39	18	-1	10.66	10.66
Fixation L	1	105	5830575869	5830759490	183621	343.81	700.02	61	23	-1	10.73	10.73
Fixation R	1	106	5830575869	5830759490	183621	343.81	700.02	61	23	-1	10.84	10.84
Fixation L	1	106	5830767871	5831001485	233614	447.11	710.31	82	7	-1	10.84	10.84
Fixation R	1	107	5830767871	5831001485	233614	447.11	710.31	82	7	-1	11.36	11.36
Fixation L	1	107	5831018111	5831276858	258747	561.65	700.89	35	12	-1	10.73	10.73
Fixation R	1	108	5831018111	5831276858	258747	561.65	700.89	35	12	-1	11.14	11.14
Fixation L	1	108	5831285239	5831510476	225237	694.22	693.70	18	23	-1	10.52	10.52
Fixation R	1	109	5831285239	5831510476	225237	694.22	693.70	18	23	-1	11.00	11.00

