[BeGaze]
Converted from:	C:\Program Files\SMI\Experiment Suite 360\Experiment Center 2\Results\Readability_First_01\P02-eye_data.idf
Date:	02.08.2013 11:27:25
Version:	BeGaze 3.2.28
Sample Rate:	120
Subject:	P02
Description:	Run2

Table Header for Fixations:
Event Type	Trial	Number	Start	End	Duration	Location X	Location Y	Dispersion X	Dispersion Y	Plane	Avg. Pupil Size X	Avg. Pupil Size Y


Fixation L	1	1	5095651808	5096027249	375441	133.23	69.89	36	44	-1	10.59	10.59
Fixation R	1	1	5095651808	5096027249	375441	133.23	69.89	36	44	-1	11.20	11.20
Fixation L	1	2	5096043867	5096310991	267124	295.03	39.63	61	24	-1	9.73	9.73
Fixation R	1	2	5096043867	5096310991	267124	295.03	39.63	61	24	-1	10.24	10.24
Fixation L	1	3	5096319240	5096444487	125247	215.85	31.32	5	4	-1	9.74	9.74
Fixation R	1	3	5096319240	5096444487	125247	215.85	31.32	5	4	-1	10.32	10.32
Fixation L	1	4	5096461111	5096711483	250372	474.10	25.18	90	7	-1	10.25	10.25
Fixation R	1	4	5096461111	5096711483	250372	474.10	25.18	90	7	-1	10.69	10.69
Fixation L	1	5	5096719859	5096819982	100123	575.46	14.46	56	6	-1	10.50	10.50
Fixation R	1	5	5096719859	5096819982	100123	575.46	14.46	56	6	-1	11.00	11.00
Fixation L	1	6	5096828357	5097053604	225247	704.77	23.47	50	16	-1	10.47	10.47
Fixation R	1	6	5096828357	5097053604	225247	704.77	23.47	50	16	-1	10.97	10.97
Fixation L	1	7	5097061978	5097345598	283620	838.00	34.57	75	21	-1	10.52	10.52
Fixation R	1	7	5097061978	5097345598	283620	838.00	34.57	75	21	-1	10.90	10.90
Fixation L	1	8	5097353977	5097612718	258741	700.29	35.44	78	20	-1	10.42	10.42
Fixation R	1	8	5097353977	5097612718	258741	700.29	35.44	78	20	-1	10.96	10.96
Fixation L	1	9	5097679475	5097871338	191863	839.64	25.21	87	11	-1	10.74	10.74
Fixation R	1	9	5097679475	5097871338	191863	839.64	25.21	87	11	-1	11.10	11.10
Fixation L	1	10	5097913093	5098088339	175246	159.45	87.21	69	23	-1	10.70	10.70
Fixation R	1	10	5097913093	5098088339	175246	159.45	87.21	69	23	-1	11.52	11.52
Fixation L	1	11	5098096711	5098205087	108376	119.89	110.33	19	19	-1	10.76	10.76
Fixation R	1	11	5098096711	5098205087	108376	119.89	110.33	19	19	-1	11.40	11.40
Fixation L	1	12	5098213460	5098405459	191999	321.40	111.81	42	18	-1	10.93	10.93
Fixation R	1	12	5098213460	5098405459	191999	321.40	111.81	42	18	-1	11.36	11.36
Fixation L	1	13	5098413706	5098622327	208621	434.36	98.81	36	37	-1	10.89	10.89
Fixation R	1	13	5098413706	5098622327	208621	434.36	98.81	36	37	-1	11.18	11.18
Fixation L	1	14	5098630709	5098864325	233616	546.98	83.01	24	15	-1	10.75	10.75
Fixation R	1	14	5098630709	5098864325	233616	546.98	83.01	24	15	-1	11.12	11.12
Fixation L	1	15	5098872699	5099064570	191871	668.92	92.33	49	19	-1	10.22	10.22
Fixation R	1	15	5098872699	5099064570	191871	668.92	92.33	49	19	-1	11.01	11.01
Fixation L	1	16	5099072946	5099281574	208628	793.96	93.63	81	16	-1	10.63	10.63
Fixation R	1	16	5099072946	5099281574	208628	793.96	93.63	81	16	-1	10.97	10.97
Fixation L	1	17	5099289945	5099415070	125125	874.33	87.11	68	15	-1	10.61	10.61
Fixation R	1	17	5099289945	5099415070	125125	874.33	87.11	68	15	-1	10.97	10.97
Fixation L	1	18	5099465193	5099740565	275372	142.86	173.73	24	49	-1	10.63	10.63
Fixation R	1	18	5099465193	5099740565	275372	142.86	173.73	24	49	-1	11.37	11.37
Fixation L	1	19	5099748939	5099965810	216871	242.84	172.79	45	52	-1	10.89	10.89
Fixation R	1	19	5099748939	5099965810	216871	242.84	172.79	45	52	-1	11.41	11.41
Fixation L	1	20	5099990934	5100091061	100127	421.11	150.02	82	17	-1	10.75	10.75
Fixation R	1	20	5099990934	5100091061	100127	421.11	150.02	82	17	-1	11.22	11.22
Fixation L	1	21	5100099309	5100224555	125246	423.75	169.17	6	11	-1	10.71	10.71
Fixation R	1	21	5100099309	5100224555	125246	423.75	169.17	6	11	-1	11.10	11.10
Fixation L	1	22	5100266306	5100374678	108372	575.67	159.35	65	34	-1	10.58	10.58
Fixation R	1	22	5100266306	5100374678	108372	575.67	159.35	65	34	-1	11.10	11.10
Fixation L	1	23	5100383059	5100524927	141868	576.98	172.69	11	2	-1	10.03	10.03
Fixation R	1	23	5100383059	5100524927	141868	576.98	172.69	11	2	-1	11.18	11.18
Fixation L	1	24	5100533305	5100975544	442239	725.45	174.23	64	16	-1	10.53	10.53
Fixation R	1	24	5100533305	5100975544	442239	725.45	174.23	64	16	-1	11.02	11.02
Fixation L	1	25	5101017300	5101159169	141869	187.11	227.07	55	34	-1	10.33	10.33
Fixation R	1	25	5101017300	5101159169	141869	187.11	227.07	55	34	-1	11.23	11.23
Fixation L	1	26	5101167418	5101342664	175246	128.10	240.53	34	12	-1	10.34	10.34
Fixation R	1	26	5101167418	5101342664	175246	128.10	240.53	34	12	-1	11.15	11.15
Fixation L	1	27	5101359414	5101492914	133500	317.64	227.67	23	22	-1	10.44	10.44
Fixation R	1	27	5101359414	5101492914	133500	317.64	227.67	23	22	-1	11.16	11.16
Fixation L	1	28	5101501285	5101718161	216876	434.51	221.65	59	17	-1	10.48	10.48
Fixation R	1	28	5101501285	5101718161	216876	434.51	221.65	59	17	-1	10.95	10.95
Fixation L	1	29	5101726531	5101885034	158503	566.13	228.75	30	5	-1	10.34	10.34
Fixation R	1	29	5101726531	5101885034	158503	566.13	228.75	30	5	-1	10.73	10.73
Fixation L	1	30	5102001905	5102143776	141871	658.15	222.20	72	15	-1	10.40	10.40
Fixation R	1	30	5102001905	5102143776	141871	658.15	222.20	72	15	-1	10.93	10.93
Fixation L	1	31	5102152023	5102394149	242126	748.48	226.14	71	21	-1	10.59	10.59
Fixation R	1	31	5102152023	5102394149	242126	748.48	226.14	71	21	-1	11.21	11.21
Fixation L	1	32	5102402397	5102644393	241996	585.87	234.47	9	18	-1	10.36	10.36
Fixation R	1	32	5102402397	5102644393	241996	585.87	234.47	9	18	-1	11.00	11.00
Fixation R	1	33	5102652766	5102794643	141877	575.63	139.92	22	40	-1	10.91	10.91
Fixation L	1	33	5102803017	5102928138	125121	593.69	225.54	29	22	-1	10.30	10.30
Fixation R	1	34	5102803017	5102928138	125121	593.69	225.54	29	22	-1	10.93	10.93
Fixation L	1	34	5102936517	5103111764	175247	660.40	123.00	48	28	-1	10.54	10.54
Fixation R	1	35	5102936517	5103111764	175247	660.40	123.00	48	28	-1	10.84	10.84
Fixation L	1	35	5103120010	5103362010	242000	765.46	113.61	13	21	-1	10.59	10.59
Fixation R	1	36	5103120010	5103362010	242000	765.46	113.61	13	21	-1	10.95	10.95
Fixation L	1	36	5103370383	5103520629	150246	646.82	206.87	48	45	-1	10.46	10.46
Fixation R	1	37	5103370383	5103520629	150246	646.82	206.87	48	45	-1	11.15	11.15
Fixation L	1	37	5103529006	5103804374	275368	576.43	221.20	52	16	-1	10.66	10.66
Fixation R	1	38	5103529006	5103804374	275368	576.43	221.20	52	16	-1	11.18	11.18
Fixation L	1	38	5103812627	5104013000	200373	733.22	224.57	15	10	-1	10.60	10.60
Fixation R	1	39	5103812627	5104013000	200373	733.22	224.57	15	10	-1	11.10	11.10
Fixation L	1	39	5104021248	5104313370	292122	866.88	226.52	77	17	-1	10.40	10.40
Fixation R	1	40	5104021248	5104313370	292122	866.88	226.52	77	17	-1	10.83	10.83
Fixation L	1	40	5104363370	5104480240	116870	164.36	289.66	51	48	-1	10.36	10.36
Fixation R	1	41	5104363370	5104480240	116870	164.36	289.66	51	48	-1	11.30	11.30
Fixation L	1	41	5104488619	5104688868	200249	133.70	303.11	31	10	-1	10.51	10.51
Fixation R	1	42	5104488619	5104688868	200249	133.70	303.11	31	10	-1	11.19	11.19
Fixation L	1	42	5104697245	5104872486	175241	244.97	294.51	25	19	-1	10.70	10.70
Fixation R	1	43	5104697245	5104872486	175241	244.97	294.51	25	19	-1	11.14	11.14
Fixation L	1	43	5104880733	5105131105	250372	340.80	280.35	65	11	-1	10.45	10.45
Fixation R	1	44	5104880733	5105131105	250372	340.80	280.35	65	11	-1	10.93	10.93
Fixation L	1	44	5105139484	5105523354	383870	467.22	274.48	17	16	-1	10.24	10.24
Fixation R	1	45	5105139484	5105523354	383870	467.22	274.48	17	16	-1	10.72	10.72
Fixation L	1	45	5105531596	5105773596	242000	609.94	269.61	88	4	-1	10.22	10.22
Fixation R	1	46	5105531596	5105773596	242000	609.94	269.61	88	4	-1	10.59	10.59
Fixation L	1	46	5105781969	5106032342	250373	717.75	274.15	52	10	-1	10.29	10.29
Fixation R	1	47	5105781969	5106032342	250373	717.75	274.15	52	10	-1	10.72	10.72
Fixation L	1	47	5106040719	5106332711	291992	845.74	274.38	85	8	-1	10.19	10.19
Fixation R	1	48	5106040719	5106332711	291992	845.74	274.38	85	8	-1	10.71	10.71
Fixation L	1	48	5106382835	5106482960	100125	133.23	357.14	50	48	-1	10.06	10.06
Fixation R	1	49	5106382835	5106482960	100125	133.23	357.14	50	48	-1	10.92	10.92
Fixation L	1	49	5106491217	5106616462	125245	126.61	361.08	83	3	-1	10.09	10.09
Fixation R	1	50	5106491217	5106616462	125245	126.61	361.08	83	3	-1	10.88	10.88
Fixation L	1	50	5106624835	5106783333	158498	281.14	339.72	69	24	-1	10.40	10.40
Fixation R	1	51	5106624835	5106783333	158498	281.14	339.72	69	24	-1	10.98	10.98
Fixation L	1	51	5106791710	5106941835	150125	451.96	320.75	21	11	-1	10.20	10.20
Fixation R	1	52	5106791710	5106941835	150125	451.96	320.75	21	11	-1	10.89	10.89
Fixation L	1	52	5106950205	5107225577	275372	573.18	328.65	89	9	-1	10.10	10.10
Fixation R	1	53	5106950205	5107225577	275372	573.18	328.65	89	9	-1	10.67	10.67
Fixation L	1	53	5107283948	5107634442	350494	786.72	330.16	85	12	-1	10.21	10.21
Fixation R	1	54	5107283948	5107634442	350494	786.72	330.16	85	12	-1	10.66	10.66
Fixation L	1	54	5107684564	5107868065	183501	170.13	397.04	26	67	-1	10.08	10.08
Fixation R	1	55	5107684564	5107868065	183501	170.13	397.04	26	67	-1	10.88	10.88
Fixation L	1	55	5107876439	5107968187	91748	142.57	415.00	21	10	-1	10.16	10.16
Fixation R	1	56	5107876439	5107968187	91748	142.57	415.00	21	10	-1	10.82	10.82
Fixation L	1	56	5107976563	5108143440	166877	333.48	393.49	53	31	-1	10.35	10.35
Fixation R	1	57	5107976563	5108143440	166877	333.48	393.49	53	31	-1	10.81	10.81
Fixation L	1	57	5108160184	5108343811	183627	484.89	383.17	28	8	-1	10.22	10.22
Fixation R	1	58	5108160184	5108343811	183627	484.89	383.17	28	8	-1	10.79	10.79
Fixation L	1	58	5108352055	5108502310	150255	582.90	389.55	10	11	-1	10.27	10.27
Fixation R	1	59	5108352055	5108502310	150255	582.90	389.55	10	11	-1	10.78	10.78
Fixation L	1	59	5108510679	5108710926	200247	671.67	389.26	10	11	-1	10.15	10.15
Fixation R	1	60	5108510679	5108710926	200247	671.67	389.26	10	11	-1	10.72	10.72
Fixation L	1	60	5108719303	5108936173	216870	823.52	385.68	81	12	-1	10.17	10.17
Fixation R	1	61	5108719303	5108936173	216870	823.52	385.68	81	12	-1	10.60	10.60
Fixation L	1	61	5108944553	5109053045	108492	901.29	384.56	32	5	-1	10.05	10.05
Fixation R	1	62	5108944553	5109053045	108492	901.29	384.56	32	5	-1	10.58	10.58
Fixation L	1	62	5109111419	5109311666	200247	189.49	453.09	46	31	-1	10.17	10.17
Fixation R	1	63	5109211543	5109311666	100123	184.35	444.55	34	19	-1	10.78	10.78
Fixation L	1	63	5109320044	5109445294	125250	130.86	461.40	50	27	-1	10.26	10.26
Fixation R	1	64	5109320044	5109445294	125250	130.86	461.40	50	27	-1	10.70	10.70
Fixation L	1	64	5109453543	5109603789	150246	349.50	451.23	26	19	-1	10.31	10.31
Fixation R	1	65	5109453543	5109603789	150246	349.50	451.23	26	19	-1	10.87	10.87
Fixation L	1	65	5109845787	5110062781	216994	616.62	446.43	55	14	-1	10.56	10.56
Fixation R	1	66	5109845787	5110062781	216994	616.62	446.43	55	14	-1	11.09	11.09
Fixation L	1	66	5110071036	5110338150	267114	740.50	447.23	85	14	-1	10.31	10.31
Fixation R	1	67	5110071036	5110338150	267114	740.50	447.23	85	14	-1	10.85	10.85
Fixation L	1	67	5110379778	5110605145	225367	149.50	501.54	23	37	-1	10.10	10.10
Fixation R	1	68	5110379778	5110605145	225367	149.50	501.54	23	37	-1	10.58	10.58
Fixation L	1	68	5110621781	5110813773	191992	321.32	504.00	15	10	-1	10.38	10.38
Fixation R	1	69	5110621781	5110813773	191992	321.32	504.00	15	10	-1	10.95	10.95
Fixation L	1	69	5110822025	5110980642	158617	451.62	511.40	65	9	-1	10.36	10.36
Fixation R	1	70	5110822025	5110980642	158617	451.62	511.40	65	9	-1	10.99	10.99
Fixation L	1	70	5110989015	5111397889	408874	623.21	519.93	50	8	-1	10.24	10.24
Fixation R	1	71	5110989015	5111397889	408874	623.21	519.93	50	8	-1	10.88	10.88
Fixation L	1	71	5111406137	5111648136	241999	815.13	507.80	71	10	-1	10.27	10.27
Fixation R	1	72	5111406137	5111648136	241999	815.13	507.80	71	10	-1	10.85	10.85
Fixation L	1	72	5111790007	5112007004	216997	137.48	585.93	25	33	-1	10.23	10.23
Fixation R	1	73	5111790007	5112007004	216997	137.48	585.93	25	33	-1	10.74	10.74
Fixation L	1	73	5112015378	5112257374	241996	239.47	573.41	39	12	-1	10.45	10.45
Fixation R	1	74	5112015378	5112257374	241996	239.47	573.41	39	12	-1	10.81	10.81
Fixation L	1	74	5112265625	5112549372	283747	416.13	570.33	83	8	-1	10.41	10.41
Fixation R	1	75	5112265625	5112549372	283747	416.13	570.33	83	8	-1	11.23	11.23
Fixation L	1	75	5112566121	5112757992	191871	243.08	577.26	72	7	-1	10.44	10.44
Fixation R	1	76	5112566121	5112757992	191871	243.08	577.26	72	7	-1	10.79	10.79
Fixation L	1	76	5112766367	5112974992	208625	180.35	585.46	17	6	-1	10.55	10.55
Fixation R	1	77	5112766367	5112974992	208625	180.35	585.46	17	6	-1	10.79	10.79
Fixation L	1	77	5112991613	5113175239	183626	377.12	575.66	27	14	-1	10.59	10.59
Fixation R	1	78	5112991613	5113175239	183626	377.12	575.66	27	14	-1	11.33	11.33
Fixation L	1	78	5113183613	5113425613	242000	535.48	577.47	22	4	-1	10.60	10.60
Fixation R	1	79	5113183613	5113425613	242000	535.48	577.47	22	4	-1	11.31	11.31
Fixation L	1	79	5113433858	5113592478	158620	637.14	582.76	22	4	-1	10.58	10.58
Fixation R	1	80	5113433858	5113592478	158620	637.14	582.76	22	4	-1	11.29	11.29
Fixation L	1	80	5113600856	5113776104	175248	724.51	580.43	13	7	-1	10.41	10.41
Fixation R	1	81	5113600856	5113776104	175248	724.51	580.43	13	7	-1	11.16	11.16
Fixation L	1	81	5113784354	5113976350	191996	838.97	573.21	43	9	-1	10.32	10.32
Fixation R	1	82	5113784354	5113976350	191996	838.97	573.21	43	9	-1	11.04	11.04
Fixation L	1	82	5114017972	5114218220	200248	180.05	650.01	70	20	-1	10.27	10.27
Fixation R	1	83	5114017972	5114218220	200248	180.05	650.01	70	20	-1	10.89	10.89
Fixation L	1	83	5114226598	5114435214	208616	117.00	659.80	32	9	-1	10.34	10.34
Fixation R	1	84	5114226598	5114435214	208616	117.00	659.80	32	9	-1	10.81	10.81
Fixation L	1	84	5114451967	5114627216	175249	352.10	649.35	33	14	-1	10.59	10.59
Fixation R	1	85	5114451967	5114627216	175249	352.10	649.35	33	14	-1	11.13	11.13
Fixation L	1	85	5114635586	5114902583	266997	468.94	641.58	15	12	-1	10.62	10.62
Fixation R	1	86	5114635586	5114902583	266997	468.94	641.58	15	12	-1	11.45	11.45
Fixation L	1	86	5114910830	5115144577	233747	609.12	639.73	68	10	-1	10.67	10.67
Fixation R	1	87	5114910830	5115144577	233747	609.12	639.73	68	10	-1	11.18	11.18
Fixation L	1	87	5115152829	5115353201	200372	740.74	637.79	16	10	-1	10.36	10.36
Fixation R	1	88	5115152829	5115353201	200372	740.74	637.79	16	10	-1	11.07	11.07
Fixation L	1	88	5115361450	5115620197	258747	889.02	641.08	88	11	-1	10.40	10.40
Fixation R	1	89	5115361450	5115620197	258747	889.02	641.08	88	11	-1	10.97	10.97
Fixation L	1	89	5115720321	5115962321	242000	144.08	699.83	40	37	-1	10.50	10.50
Fixation R	1	90	5115720321	5115962321	242000	144.08	699.83	40	37	-1	11.15	11.15
Fixation L	1	90	5115978949	5116212695	233746	352.40	701.46	23	8	-1	10.92	10.92
Fixation R	1	91	5115978949	5116212695	233746	352.40	701.46	23	8	-1	11.73	11.73
Fixation L	1	91	5116220938	5116396184	175246	479.52	704.35	39	4	-1	11.03	11.03
Fixation R	1	92	5116220938	5116396184	175246	479.52	704.35	39	4	-1	11.88	11.88
Fixation L	1	92	5116404561	5116663305	258744	642.29	703.09	49	10	-1	10.97	10.97
Fixation R	1	93	5116404561	5116663305	258744	642.29	703.09	49	10	-1	11.67	11.67
Fixation L	1	93	5116679937	5117038803	358866	846.71	701.02	60	25	-1	10.55	10.55
Fixation R	1	94	5116679937	5117038803	358866	846.71	701.02	60	25	-1	11.18	11.18
Fixation L	1	94	5117113800	5117255695	141895	131.60	63.61	59	18	-1	10.26	10.26
Fixation R	1	95	5117113800	5117255695	141895	131.60	63.61	59	18	-1	11.02	11.02

