[BeGaze]
Converted from:	C:\Program Files\SMI\Experiment Suite 360\Experiment Center 2\Results\Readability_First_01\P02-eye_data.idf
Date:	02.08.2013 11:27:25
Version:	BeGaze 3.2.28
Sample Rate:	120
Subject:	P02
Description:	Run2

Table Header for Fixations:
Event Type	Trial	Number	Start	End	Duration	Location X	Location Y	Dispersion X	Dispersion Y	Plane	Avg. Pupil Size X	Avg. Pupil Size Y


Fixation L	1	1	5146077776	5146252985	175209	493.26	21.36	7	7	-1	10.44	10.44
Fixation R	1	1	5146077776	5146252985	175209	493.26	21.36	7	7	-1	11.01	11.01
Fixation L	1	2	5146277982	5146469857	191875	190.64	56.11	49	44	-1	10.33	10.33
Fixation R	1	2	5146277982	5146469857	191875	190.64	56.11	49	44	-1	11.04	11.04
Fixation L	1	3	5146478229	5146945604	467375	116.77	76.68	55	20	-1	9.94	9.94
Fixation R	1	3	5146478229	5146945604	467375	116.77	76.68	55	20	-1	10.51	10.51
Fixation L	1	4	5146953847	5147120849	167002	310.84	59.61	64	35	-1	10.10	10.10
Fixation R	1	4	5146953847	5147120849	167002	310.84	59.61	64	35	-1	10.49	10.49
Fixation L	1	5	5147129094	5147212592	83498	315.77	41.73	8	7	-1	10.05	10.05
Fixation R	1	5	5147129094	5147212592	83498	315.77	41.73	8	7	-1	10.60	10.60
Fixation L	1	6	5147220976	5147446219	225243	428.41	36.38	24	9	-1	10.26	10.26
Fixation R	1	6	5147220976	5147446219	225243	428.41	36.38	24	9	-1	10.69	10.69
Fixation L	1	7	5147454589	5147688210	233621	588.50	39.80	57	11	-1	10.22	10.22
Fixation R	1	7	5147454589	5147688210	233621	588.50	39.80	57	11	-1	10.70	10.70
Fixation L	1	8	5147704963	5147913458	208495	716.28	25.92	30	22	-1	10.07	10.07
Fixation R	1	8	5147704963	5147913458	208495	716.28	25.92	30	22	-1	10.64	10.64
Fixation L	1	9	5147955206	5148230582	275376	150.77	97.09	38	60	-1	9.90	9.90
Fixation R	1	9	5147955206	5148230582	275376	150.77	97.09	38	60	-1	10.68	10.68
Fixation L	1	10	5148238951	5148447577	208626	190.68	99.59	76	14	-1	9.98	9.98
Fixation R	1	10	5148238951	5148447577	208626	190.68	99.59	76	14	-1	10.61	10.61
Fixation L	1	11	5148455948	5148606071	150123	362.94	85.60	15	9	-1	10.09	10.09
Fixation R	1	11	5148455948	5148606071	150123	362.94	85.60	15	9	-1	10.52	10.52
Fixation L	1	12	5148706197	5149006692	300495	514.68	84.13	74	22	-1	10.36	10.36
Fixation R	1	12	5148706197	5149006692	300495	514.68	84.13	74	22	-1	10.83	10.83
Fixation L	1	13	5149014939	5149181937	166998	583.99	98.66	55	8	-1	10.50	10.50
Fixation R	1	13	5149014939	5149181937	166998	583.99	98.66	55	8	-1	10.93	10.93
Fixation L	1	14	5149190189	5149373813	183624	743.63	102.92	32	3	-1	10.13	10.13
Fixation R	1	14	5149190189	5149373813	183624	743.63	102.92	32	3	-1	10.45	10.45
Fixation L	1	15	5149382185	5149816051	433866	844.44	105.73	69	20	-1	9.81	9.81
Fixation R	1	15	5149382185	5149816051	433866	844.44	105.73	69	20	-1	10.43	10.43
Fixation L	1	16	5149824431	5150141551	317120	912.60	116.06	50	32	-1	9.94	9.94
Fixation R	1	16	5149824431	5150141551	317120	912.60	116.06	50	32	-1	10.37	10.37
Fixation L	1	17	5150191547	5150525296	333749	154.66	176.09	60	17	-1	9.65	9.65
Fixation R	1	17	5150191547	5150525296	333749	154.66	176.09	60	17	-1	10.66	10.66
Fixation L	1	18	5150533670	5150742299	208629	241.06	163.45	34	16	-1	10.00	10.00
Fixation R	1	18	5150533670	5150742299	208629	241.06	163.45	34	16	-1	10.60	10.60
Fixation L	1	19	5150850793	5151026038	175245	382.49	159.30	73	19	-1	10.03	10.03
Fixation R	1	19	5150850793	5151026038	175245	382.49	159.30	73	19	-1	10.54	10.54
Fixation L	1	20	5151034409	5151351410	317001	465.36	152.33	52	11	-1	10.14	10.14
Fixation R	1	20	5151034409	5151351410	317001	465.36	152.33	52	11	-1	10.64	10.64
Fixation L	1	21	5151359780	5151768647	408867	632.79	151.45	56	12	-1	10.01	10.01
Fixation R	1	21	5151359780	5151768647	408867	632.79	151.45	56	12	-1	10.64	10.64
Fixation L	1	22	5151777026	5151893896	116870	757.28	148.99	64	7	-1	10.08	10.08
Fixation R	1	22	5151777026	5151893896	116870	757.28	148.99	64	7	-1	10.56	10.56
Fixation L	1	23	5151902153	5152202646	300493	863.83	151.78	90	7	-1	10.13	10.13
Fixation R	1	23	5151902153	5152202646	300493	863.83	151.78	90	7	-1	10.53	10.53
Fixation L	1	24	5152344519	5152619885	275366	114.94	243.32	26	26	-1	9.94	9.94
Fixation R	1	24	5152344519	5152619885	275366	114.94	243.32	26	26	-1	10.74	10.74
Fixation L	1	25	5152628139	5152795007	166868	228.54	231.57	50	14	-1	10.08	10.08
Fixation R	1	25	5152628139	5152795007	166868	228.54	231.57	50	14	-1	10.73	10.73
Fixation L	1	26	5152803387	5153020380	216993	317.38	221.73	47	9	-1	10.03	10.03
Fixation R	1	26	5152803387	5153020380	216993	317.38	221.73	47	9	-1	10.56	10.56
Fixation L	1	27	5153028759	5153229006	200247	202.58	223.63	10	10	-1	9.78	9.78
Fixation R	1	27	5153028759	5153229006	200247	202.58	223.63	10	10	-1	10.46	10.46
Fixation L	1	28	5153245632	5153446000	200368	487.41	222.63	63	12	-1	9.88	9.88
Fixation R	1	28	5153245632	5153446000	200368	487.41	222.63	63	12	-1	10.41	10.41
Fixation L	1	29	5153454255	5153679622	225367	622.04	218.89	83	15	-1	9.88	9.88
Fixation R	1	29	5153454255	5153679622	225367	622.04	218.89	83	15	-1	10.42	10.42
Fixation L	1	30	5153687873	5153938244	250371	579.15	211.36	93	5	-1	9.72	9.72
Fixation R	1	30	5153687873	5153938244	250371	579.15	211.36	93	5	-1	10.25	10.25
Fixation L	1	31	5154013370	5154330487	317117	840.01	206.19	44	26	-1	9.78	9.78
Fixation R	1	31	5154013370	5154330487	317117	840.01	206.19	44	26	-1	10.30	10.30
Fixation L	1	32	5154338863	5154463985	125122	914.25	210.46	30	9	-1	9.80	9.80
Fixation R	1	32	5154338863	5154463985	125122	914.25	210.46	30	9	-1	10.33	10.33
Fixation L	1	33	5154522359	5154730980	208621	120.92	308.64	22	21	-1	9.72	9.72
Fixation R	1	33	5154522359	5154730980	208621	120.92	308.64	22	21	-1	10.60	10.60
Fixation L	1	34	5154739357	5154847856	108499	227.54	295.07	43	26	-1	9.91	9.91
Fixation R	1	34	5154739357	5154847856	108499	227.54	295.07	43	26	-1	10.57	10.57
Fixation L	1	35	5154856232	5155106485	250253	402.10	275.38	61	14	-1	9.90	9.90
Fixation R	1	35	5154856232	5155106485	250253	402.10	275.38	61	14	-1	10.36	10.36
Fixation L	1	36	5155114849	5155473719	358870	558.58	279.95	37	10	-1	9.73	9.73
Fixation R	1	36	5155114849	5155473719	358870	558.58	279.95	37	10	-1	10.20	10.20
Fixation L	1	37	5155481970	5155632218	150248	762.20	273.78	66	9	-1	9.65	9.65
Fixation R	1	37	5155481970	5155632218	150248	762.20	273.78	66	9	-1	10.15	10.15
Fixation L	1	38	5155648845	5155915961	267116	771.71	102.15	61	33	-1	9.75	9.75
Fixation R	1	38	5155648845	5155915961	267116	771.71	102.15	61	33	-1	10.08	10.08
Fixation L	1	39	5155924210	5156024459	100249	719.72	111.74	8	6	-1	9.89	9.89
Fixation R	1	39	5155924210	5156024459	100249	719.72	111.74	8	6	-1	10.35	10.35
Fixation L	1	40	5156032712	5156316457	283745	887.25	97.79	75	18	-1	9.84	9.84
Fixation R	1	40	5156032712	5156316457	283745	887.25	97.79	75	18	-1	10.20	10.20
Fixation L	1	41	5156366584	5156500078	133494	205.12	160.44	16	26	-1	9.71	9.71
Fixation R	1	41	5156366584	5156500078	133494	205.12	160.44	16	26	-1	10.59	10.59
Fixation L	1	42	5156508331	5156742073	233742	104.84	169.46	39	28	-1	9.70	9.70
Fixation R	1	42	5156508331	5156742073	233742	104.84	169.46	39	28	-1	10.48	10.48
Fixation L	1	43	5156750327	5156975694	225367	309.23	157.35	71	25	-1	9.92	9.92
Fixation R	1	43	5156750327	5156975694	225367	309.23	157.35	71	25	-1	10.43	10.43
Fixation L	1	44	5156984072	5157351192	367120	351.07	126.61	30	67	-1	9.87	9.87
Fixation R	1	44	5156984072	5157351192	367120	351.07	126.61	30	67	-1	10.46	10.46
Fixation L	1	45	5157367814	5157551445	183631	200.84	90.45	9	15	-1	9.89	9.89
Fixation R	1	45	5157367814	5157551445	183631	200.84	90.45	9	15	-1	10.49	10.49
Fixation L	1	46	5157559816	5157893558	333742	335.90	71.58	53	8	-1	10.02	10.02
Fixation R	1	46	5157559816	5157893558	333742	335.90	71.58	53	8	-1	10.57	10.57
Fixation L	1	47	5157901930	5158010434	108504	178.55	111.40	58	39	-1	9.98	9.98
Fixation R	1	47	5157901930	5158010434	108504	178.55	111.40	58	39	-1	10.64	10.64
Fixation L	1	48	5158018805	5158319190	300385	138.47	118.25	37	24	-1	9.98	9.98
Fixation R	1	48	5158018805	5158319190	300385	138.47	118.25	37	24	-1	10.60	10.60

