[BeGaze]
Converted from:	C:\Program Files\SMI\Experiment Suite 360\Experiment Center 2\Results\Readability_First_01\P02-eye_data.idf
Date:	02.08.2013 11:27:25
Version:	BeGaze 3.2.28
Sample Rate:	120
Subject:	P02
Description:	Run2

Table Header for Fixations:
Event Type	Trial	Number	Start	End	Duration	Location X	Location Y	Dispersion X	Dispersion Y	Plane	Avg. Pupil Size X	Avg. Pupil Size Y


Fixation L	1	1	4832451407	4832718356	266949	105.27	77.08	36	27	-1	10.33	10.33
Fixation R	1	1	4832451407	4832718356	266949	105.27	77.08	36	27	-1	10.94	10.94
Fixation L	1	2	4832726729	4832868476	141747	234.41	79.32	16	26	-1	10.48	10.48
Fixation R	1	2	4832726729	4832868476	141747	234.41	79.32	16	26	-1	10.82	10.82
Fixation L	1	3	4832876851	4833177223	300372	371.83	49.15	45	18	-1	10.35	10.35
Fixation R	1	3	4832876851	4833177223	300372	371.83	49.15	45	18	-1	10.63	10.63
Fixation L	1	4	4833193973	4833352473	158500	546.09	54.90	21	5	-1	10.43	10.43
Fixation R	1	4	4833193973	4833352473	158500	546.09	54.90	21	5	-1	10.67	10.67
Fixation L	1	5	4833360851	4833736346	375495	624.58	42.55	67	32	-1	10.42	10.42
Fixation R	1	5	4833360851	4833736346	375495	624.58	42.55	67	32	-1	10.75	10.75
Fixation L	1	6	4833844839	4834028459	183620	694.66	61.95	82	17	-1	10.58	10.58
Fixation R	1	6	4833844839	4834028459	183620	694.66	61.95	82	17	-1	10.86	10.86
Fixation L	1	7	4834036716	4834387210	350494	758.45	58.15	33	10	-1	10.64	10.64
Fixation R	1	7	4834036716	4834387210	350494	758.45	58.15	33	10	-1	10.88	10.88
Fixation L	1	8	4834395579	4834595828	200249	852.81	46.14	40	12	-1	10.54	10.54
Fixation R	1	8	4834395579	4834595828	200249	852.81	46.14	40	12	-1	10.75	10.75
Fixation L	1	9	4834637582	4834787830	150248	185.41	116.67	66	28	-1	10.42	10.42
Fixation R	1	9	4834637582	4834787830	150248	185.41	116.67	66	28	-1	11.14	11.14
Fixation L	1	10	4834796074	4834954699	158625	115.70	125.26	58	10	-1	10.45	10.45
Fixation R	1	10	4834796074	4834954699	158625	115.70	125.26	58	10	-1	11.06	11.06
Fixation L	1	11	4834962951	4835296817	333866	269.88	116.98	63	16	-1	10.56	10.56
Fixation R	1	11	4834962951	4835296817	333866	269.88	116.98	63	16	-1	10.88	10.88
Fixation L	1	12	4835305067	4835580438	275371	382.96	106.64	38	16	-1	10.57	10.57
Fixation R	1	12	4835305067	4835580438	275371	382.96	106.64	38	16	-1	10.83	10.83
Fixation L	1	13	4835588818	4835764062	175244	497.84	108.44	15	14	-1	10.73	10.73
Fixation R	1	13	4835588818	4835764062	175244	497.84	108.44	15	14	-1	10.95	10.95
Fixation L	1	14	4835847557	4836031053	183496	608.96	111.60	50	13	-1	10.68	10.68
Fixation R	1	14	4835847557	4836031053	183496	608.96	111.60	50	13	-1	10.97	10.97
Fixation L	1	15	4836039435	4836331550	292115	754.93	115.85	56	14	-1	10.60	10.60
Fixation R	1	15	4836039435	4836331550	292115	754.93	115.85	56	14	-1	10.75	10.75
Fixation L	1	16	4836339806	4836540180	200374	835.27	118.52	43	9	-1	10.46	10.46
Fixation R	1	16	4836339806	4836540180	200374	835.27	118.52	43	9	-1	10.57	10.57
Fixation L	1	17	4836590176	4836882291	292115	136.56	195.48	66	32	-1	10.29	10.29
Fixation R	1	17	4836590176	4836882291	292115	136.56	195.48	66	32	-1	11.00	11.00
Fixation L	1	18	4837032414	4837165919	133505	231.25	168.31	68	13	-1	10.62	10.62
Fixation R	1	18	4837032414	4837165919	133505	231.25	168.31	68	13	-1	11.00	11.00
Fixation L	1	19	4837174288	4837357915	183627	333.53	168.53	73	11	-1	10.78	10.78
Fixation R	1	19	4837174288	4837357915	183627	333.53	168.53	73	11	-1	11.07	11.07
Fixation L	1	20	4837366288	4837675033	308745	422.73	173.07	44	6	-1	10.78	10.78
Fixation R	1	20	4837366288	4837675033	308745	422.73	173.07	44	6	-1	11.06	11.06
Fixation L	1	21	4837683277	4837900275	216998	563.59	163.92	31	15	-1	10.58	10.58
Fixation R	1	21	4837683277	4837900275	216998	563.59	163.92	31	15	-1	10.98	10.98
Fixation L	1	22	4837908651	4838192402	283751	714.65	155.68	83	4	-1	10.57	10.57
Fixation R	1	22	4837908651	4838192402	283751	714.65	155.68	83	4	-1	10.93	10.93
Fixation L	1	23	4838200647	4838542770	342123	827.91	154.61	66	12	-1	10.39	10.39
Fixation R	1	23	4838200647	4838542770	342123	827.91	154.61	66	12	-1	10.78	10.78
Fixation L	1	24	4838592894	4838859890	266996	141.27	236.66	30	40	-1	10.23	10.23
Fixation R	1	24	4838592894	4838859890	266996	141.27	236.66	30	40	-1	10.98	10.98
Fixation L	1	25	4838868268	4838993388	125120	296.61	229.88	70	9	-1	10.42	10.42
Fixation R	1	25	4838868268	4838993388	125120	296.61	229.88	70	9	-1	11.00	11.00
Fixation L	1	26	4839177012	4839435630	258618	550.54	222.21	37	12	-1	10.64	10.64
Fixation R	1	26	4839177012	4839435630	258618	550.54	222.21	37	12	-1	11.10	11.10
Fixation L	1	27	4839452380	4839661001	208621	739.51	209.44	49	6	-1	10.48	10.48
Fixation R	1	27	4839452380	4839661001	208621	739.51	209.44	49	6	-1	11.02	11.02
Fixation L	1	28	4839669381	4839794499	125118	816.39	215.50	15	9	-1	10.46	10.46
Fixation R	1	28	4839669381	4839794499	125118	816.39	215.50	15	9	-1	10.73	10.73
Fixation L	1	29	4839827875	4839978122	150247	297.20	281.97	66	16	-1	10.41	10.41
Fixation R	1	29	4839827875	4839978122	150247	297.20	281.97	66	16	-1	11.03	11.03
Fixation L	1	30	4839986372	4840253493	267121	107.30	290.69	35	22	-1	10.26	10.26
Fixation R	1	30	4839986372	4840253493	267121	107.30	290.69	35	22	-1	10.92	10.92
Fixation L	1	31	4840261743	4840762486	500743	240.03	286.36	58	25	-1	10.34	10.34
Fixation R	1	31	4840261743	4840762486	500743	240.03	286.36	58	25	-1	10.69	10.69
Fixation L	1	32	4840770866	4840979358	208492	373.52	268.47	42	9	-1	10.33	10.33
Fixation R	1	32	4840770866	4840979358	208492	373.52	268.47	42	9	-1	10.73	10.73
Fixation L	1	33	4840987732	4841204728	216996	485.03	267.79	16	10	-1	10.26	10.26
Fixation R	1	33	4840987732	4841204728	216996	485.03	267.79	16	10	-1	10.75	10.75
Fixation L	1	34	4841213103	4841505101	291998	612.06	272.57	21	12	-1	10.07	10.07
Fixation R	1	34	4841213103	4841505101	291998	612.06	272.57	21	12	-1	10.54	10.54
Fixation L	1	35	4841513475	4841738722	225247	777.35	265.35	41	12	-1	10.04	10.04
Fixation R	1	35	4841513475	4841738722	225247	777.35	265.35	41	12	-1	10.39	10.39
Fixation L	1	36	4841747097	4841930718	183621	919.05	259.34	38	7	-1	9.93	9.93
Fixation R	1	36	4841747097	4841930718	183621	919.05	259.34	38	7	-1	10.27	10.27
Fixation L	1	37	4841980717	4842122594	141877	206.34	327.07	40	30	-1	9.94	9.94
Fixation R	1	37	4841980717	4842122594	141877	206.34	327.07	40	30	-1	10.59	10.59
Fixation L	1	38	4842130967	4842381337	250370	112.41	348.41	34	17	-1	9.97	9.97
Fixation R	1	38	4842130967	4842381337	250370	112.41	348.41	34	17	-1	10.43	10.43
Fixation L	1	39	4842389584	4842606581	216997	298.52	336.95	56	18	-1	10.15	10.15
Fixation R	1	39	4842389584	4842606581	216997	298.52	336.95	56	18	-1	10.57	10.57
Fixation L	1	40	4842614954	4842798580	183626	409.48	338.10	78	9	-1	10.17	10.17
Fixation R	1	40	4842614954	4842798580	183626	409.48	338.10	78	9	-1	10.64	10.64
Fixation L	1	41	4842806827	4843048827	242000	550.65	331.07	75	6	-1	10.11	10.11
Fixation R	1	41	4842806827	4843048827	242000	550.65	331.07	75	6	-1	10.54	10.54
Fixation L	1	42	4843057199	4843249074	191875	644.27	331.00	24	3	-1	10.15	10.15
Fixation R	1	42	4843057199	4843249074	191875	644.27	331.00	24	3	-1	10.56	10.56
Fixation L	1	43	4843257445	4843407692	150247	781.78	328.12	46	7	-1	10.14	10.14
Fixation R	1	43	4843257445	4843407692	150247	781.78	328.12	46	7	-1	10.57	10.57
Fixation L	1	44	4843416067	4843549571	133504	859.15	328.16	82	3	-1	10.14	10.14
Fixation R	1	44	4843416067	4843549571	133504	859.15	328.16	82	3	-1	10.50	10.50
Fixation L	1	45	4843591195	4843799814	208619	159.45	391.71	55	40	-1	10.11	10.11
Fixation R	1	45	4843591195	4843799814	208619	159.45	391.71	55	40	-1	10.68	10.68
Fixation L	1	46	4843808189	4843991808	183619	121.82	403.71	42	8	-1	10.19	10.19
Fixation R	1	46	4843808189	4843991808	183619	121.82	403.71	42	8	-1	10.62	10.62
Fixation L	1	47	4844000187	4844267182	266995	270.36	395.29	18	15	-1	10.33	10.33
Fixation R	1	47	4844000187	4844267182	266995	270.36	395.29	18	15	-1	10.69	10.69
Fixation L	1	48	4844275560	4844600926	325366	436.80	396.24	20	10	-1	10.35	10.35
Fixation R	1	48	4844275560	4844600926	325366	436.80	396.24	20	10	-1	10.75	10.75
Fixation L	1	49	4844609299	4844717799	108500	573.01	395.02	78	2	-1	10.30	10.30
Fixation R	1	49	4844609299	4844717799	108500	573.01	395.02	78	2	-1	10.77	10.77
Fixation L	1	50	4844726053	4845043167	317114	693.24	390.60	32	16	-1	10.21	10.21
Fixation R	1	50	4844726053	4845043167	317114	693.24	390.60	32	16	-1	10.63	10.63
Fixation L	1	51	4845051546	4845285164	233618	792.57	382.67	91	7	-1	10.32	10.32
Fixation R	1	51	4845051546	4845285164	233618	792.57	382.67	91	7	-1	10.75	10.75
Fixation L	1	52	4845293537	4845460414	166877	896.46	392.23	19	10	-1	10.34	10.34
Fixation R	1	52	4845293537	4845460414	166877	896.46	392.23	19	10	-1	10.74	10.74
Fixation L	1	53	4845518784	4845769161	250377	122.82	457.92	25	15	-1	10.24	10.24
Fixation R	1	53	4845518784	4845769161	250377	122.82	457.92	25	15	-1	10.78	10.78
Fixation L	1	54	4845777537	4846011154	233617	237.78	447.90	26	9	-1	10.39	10.39
Fixation R	1	54	4845777537	4846011154	233617	237.78	447.90	26	9	-1	10.73	10.73
Fixation L	1	55	4846019527	4846236527	217000	414.42	453.43	34	16	-1	10.38	10.38
Fixation R	1	55	4846019527	4846236527	217000	414.42	453.43	34	16	-1	10.81	10.81
Fixation L	1	56	4846244776	4846486771	241995	587.77	459.50	87	6	-1	10.38	10.38
Fixation R	1	56	4846244776	4846486771	241995	587.77	459.50	87	6	-1	10.83	10.83
Fixation L	1	57	4846503523	4846945764	442241	756.28	446.76	80	16	-1	10.32	10.32
Fixation R	1	57	4846503523	4846945764	442241	756.28	446.76	80	16	-1	10.72	10.72
Fixation L	1	58	4846954141	4847079267	125126	677.07	451.23	37	6	-1	10.34	10.34
Fixation R	1	58	4846954141	4847079267	125126	677.07	451.23	37	6	-1	10.69	10.69
Fixation L	1	59	4847112637	4847388008	275371	129.57	522.91	66	31	-1	10.18	10.18
Fixation R	1	59	4847112637	4847388008	275371	129.57	522.91	66	31	-1	10.59	10.59
Fixation L	1	60	4847429764	4847646626	216862	267.45	516.79	22	10	-1	10.43	10.43
Fixation R	1	60	4847429764	4847646626	216862	267.45	516.79	22	10	-1	10.56	10.56
Fixation L	1	61	4847655005	4848005501	350496	418.55	516.45	49	5	-1	10.45	10.45
Fixation R	1	61	4847655005	4848005501	350496	418.55	516.45	49	5	-1	11.02	11.02
Fixation L	1	62	4848022248	4848247495	225247	594.81	508.51	14	10	-1	10.41	10.41
Fixation R	1	62	4848022248	4848247495	225247	594.81	508.51	14	10	-1	10.78	10.78
Fixation L	1	63	4848255873	4848614613	358740	759.51	511.46	90	5	-1	10.41	10.41
Fixation R	1	63	4848255873	4848614613	358740	759.51	511.46	90	5	-1	10.71	10.71
Fixation L	1	64	4848622989	4848764861	141872	829.39	502.58	72	12	-1	10.17	10.17
Fixation R	1	64	4848622989	4848764861	141872	829.39	502.58	72	12	-1	10.57	10.57
Fixation L	1	65	4848814986	4848898358	83372	148.73	580.73	49	47	-1	10.03	10.03
Fixation R	1	65	4848814986	4848898358	83372	148.73	580.73	49	47	-1	10.45	10.45
Fixation L	1	66	4848906737	4849115357	208620	106.31	588.38	55	5	-1	10.03	10.03
Fixation R	1	66	4848906737	4849115357	208620	106.31	588.38	55	5	-1	10.47	10.47
Fixation L	1	67	4849123730	4849382357	258627	291.15	585.33	70	9	-1	10.47	10.47
Fixation R	1	67	4849123730	4849382357	258627	291.15	585.33	70	9	-1	10.75	10.75
Fixation L	1	68	4849390729	4849590974	200245	178.76	582.14	67	18	-1	10.33	10.33
Fixation R	1	68	4849390729	4849590974	200245	178.76	582.14	67	18	-1	10.46	10.46
Fixation L	1	69	4849599349	4849857974	258625	103.18	585.36	69	17	-1	10.34	10.34
Fixation R	1	69	4849599349	4849857974	258625	103.18	585.36	69	17	-1	10.53	10.53
Fixation L	1	70	4849866346	4850033222	166876	184.22	582.80	46	4	-1	10.49	10.49
Fixation R	1	70	4849866346	4850033222	166876	184.22	582.80	46	4	-1	10.52	10.52
Fixation L	1	71	4850041599	4850283593	241994	353.81	575.75	43	12	-1	10.60	10.60
Fixation R	1	71	4850041599	4850283593	241994	353.81	575.75	43	12	-1	11.03	11.03
Fixation L	1	72	4850291963	4850542212	250249	493.27	574.27	27	7	-1	10.62	10.62
Fixation R	1	72	4850291963	4850542212	250249	493.27	574.27	27	7	-1	11.27	11.27
Fixation L	1	73	4850550588	4850800957	250369	623.00	578.40	62	8	-1	10.61	10.61
Fixation R	1	73	4850550588	4850800957	250369	623.00	578.40	62	8	-1	11.26	11.26
Fixation L	1	74	4850809208	4851092955	283747	492.78	585.93	29	12	-1	10.67	10.67
Fixation R	1	74	4850809208	4851092955	283747	492.78	585.93	29	12	-1	11.38	11.38
Fixation L	1	75	4851109703	4851334951	225248	721.15	584.74	36	6	-1	10.69	10.69
Fixation R	1	75	4851109703	4851334951	225248	721.15	584.74	36	6	-1	11.16	11.16
Fixation L	1	76	4851343323	4851451824	108501	836.99	582.79	21	17	-1	10.43	10.43
Fixation R	1	76	4851343323	4851451824	108501	836.99	582.79	21	17	-1	11.11	11.11
Fixation L	1	77	4851460200	4851693817	233617	925.75	577.11	28	9	-1	10.32	10.32
Fixation L	1	78	4851752189	4851994191	242002	99.00	661.14	44	35	-1	10.31	10.31
Fixation R	1	77	4851752189	4851835696	83507	116.21	654.92	14	32	-1	9.84	9.84
Fixation L	1	79	4852010940	4852311311	300371	291.81	633.00	35	26	-1	10.61	10.61
Fixation R	1	78	4852010940	4852311311	300371	291.81	633.00	35	26	-1	10.79	10.79
Fixation L	1	80	4852327935	4852586684	258749	575.89	650.36	69	17	-1	10.77	10.77
Fixation R	1	79	4852327935	4852586684	258749	575.89	650.36	69	17	-1	11.02	11.02
Fixation L	1	81	4852595057	4852895428	300371	718.14	638.52	10	16	-1	10.54	10.54
Fixation R	1	80	4852595057	4852895428	300371	718.14	638.52	10	16	-1	10.79	10.79
Fixation L	1	82	4852912051	4853254167	342116	496.95	644.28	47	12	-1	10.42	10.42
Fixation R	1	81	4852912051	4853254167	342116	496.95	644.28	47	12	-1	11.29	11.29
Fixation L	1	83	4853262546	4853412796	150250	583.66	647.80	17	7	-1	10.71	10.71
Fixation R	1	82	4853262546	4853412796	150250	583.66	647.80	17	7	-1	11.17	11.17
Fixation L	1	84	4853421041	4853504539	83498	785.52	640.74	89	10	-1	10.40	10.40
Fixation R	1	83	4853421041	4853504539	83498	785.52	640.74	89	10	-1	10.88	10.88
Fixation L	1	85	4853512916	4853646414	133498	796.10	629.99	71	9	-1	10.30	10.30
Fixation R	1	84	4853512916	4853646414	133498	796.10	629.99	71	9	-1	10.87	10.87
Fixation L	1	86	4853654788	4853779910	125122	886.34	634.60	7	13	-1	10.40	10.40
Fixation R	1	85	4853654788	4853779910	125122	886.34	634.60	7	13	-1	10.84	10.84
Fixation L	1	87	4853788288	4854097031	308743	727.95	629.77	51	9	-1	10.39	10.39
Fixation R	1	86	4853788288	4854097031	308743	727.95	629.77	51	9	-1	11.00	11.00
Fixation L	1	88	4854105406	4854439155	333749	857.97	632.61	88	9	-1	10.27	10.27
Fixation R	1	87	4854105406	4854439155	333749	857.97	632.61	88	9	-1	10.83	10.83
Fixation L	1	89	4854564278	4854756270	191992	142.88	683.45	35	48	-1	10.15	10.15
Fixation R	1	88	4854564278	4854756270	191992	142.88	683.45	35	48	-1	10.59	10.59
Fixation L	1	90	4854764524	4854931519	166995	87.49	713.31	28	18	-1	10.18	10.18
Fixation R	1	89	4854764524	4854931519	166995	87.49	713.31	28	18	-1	10.65	10.65
Fixation L	1	91	4854939775	4855156774	216999	273.22	698.99	69	16	-1	10.57	10.57
Fixation R	1	90	4854939775	4855156774	216999	273.22	698.99	69	16	-1	10.54	10.54
Fixation L	1	92	4855165145	4855382013	216868	414.54	710.32	56	10	-1	10.72	10.72
Fixation R	1	91	4855165145	4855382013	216868	414.54	710.32	56	10	-1	11.41	11.41
Fixation L	1	93	4855390395	4855657384	266989	581.57	706.41	6	13	-1	10.81	10.81
Fixation R	1	92	4855390395	4855657384	266989	581.57	706.41	6	13	-1	11.04	11.04
Fixation L	1	94	4855665767	4855757634	91867	771.12	699.32	88	10	-1	10.30	10.30
Fixation R	1	93	4855665767	4855757634	91867	771.12	699.32	88	10	-1	10.75	10.75
Fixation L	1	95	4855765888	4856091381	325493	811.31	686.26	74	23	-1	10.24	10.24
Fixation R	1	94	4855765888	4856091381	325493	811.31	686.26	74	23	-1	10.76	10.76
Fixation L	1	96	4856191506	4856274909	83403	165.12	64.89	31	18	-1	10.29	10.29
Fixation R	1	95	4856191506	4856274909	83403	165.12	64.89	31	18	-1	10.87	10.87

