[BeGaze]
Converted from:	C:\Program Files\SMI\Experiment Suite 360\Experiment Center 2\Results\Readability_First_01\P02-eye_data.idf
Date:	02.08.2013 11:27:26
Version:	BeGaze 3.2.28
Sample Rate:	120
Subject:	P02
Description:	Run2

Table Header for Fixations:
Event Type	Trial	Number	Start	End	Duration	Location X	Location Y	Dispersion X	Dispersion Y	Plane	Avg. Pupil Size X	Avg. Pupil Size Y


Fixation L	1	1	5784397347	5784555816	158469	391.22	117.40	48	25	-1	11.60	11.60
Fixation R	1	1	5784397347	5784555816	158469	391.22	117.40	48	25	-1	12.26	12.26
Fixation L	1	2	5784572443	5784998063	425620	141.41	91.57	81	18	-1	10.96	10.96
Fixation R	1	2	5784572443	5784998063	425620	141.41	91.57	81	18	-1	11.65	11.65
Fixation L	1	3	5785006431	5785215054	208623	289.09	72.46	61	26	-1	10.42	10.42
Fixation R	1	3	5785006431	5785215054	208623	289.09	72.46	61	26	-1	10.92	10.92
Fixation L	1	4	5785223430	5785482048	258618	360.63	63.63	26	23	-1	9.62	9.62
Fixation R	1	4	5785223430	5785482048	258618	360.63	63.63	26	23	-1	9.94	9.94
Fixation L	1	5	5785490423	5785690671	200248	450.30	58.15	24	7	-1	10.83	10.83
Fixation R	1	5	5785490423	5785690671	200248	450.30	58.15	24	7	-1	11.22	11.22
Fixation L	1	6	5785699051	5785915918	216867	557.23	55.16	40	11	-1	10.93	10.93
Fixation R	1	6	5785699051	5785915918	216867	557.23	55.16	40	11	-1	11.36	11.36
Fixation L	1	7	5785924299	5786124546	200247	668.17	54.44	11	9	-1	10.87	10.87
Fixation R	1	7	5785924299	5786124546	200247	668.17	54.44	11	9	-1	11.19	11.19
Fixation L	1	8	5786132919	5786383286	250367	792.04	63.16	39	7	-1	10.79	10.79
Fixation R	1	8	5786132919	5786383286	250367	792.04	63.16	39	7	-1	10.98	10.98
Fixation L	1	9	5786391660	5786525166	133506	885.68	68.14	34	14	-1	10.82	10.82
Fixation R	1	9	5786391660	5786525166	133506	885.68	68.14	34	14	-1	10.99	10.99
Fixation R	1	10	5786583535	5786800533	216998	142.47	142.69	22	24	-1	11.52	11.52
Fixation L	1	10	5786675287	5786800533	125246	140.07	144.12	20	6	-1	10.79	10.79
Fixation L	1	11	5786808782	5786959030	150248	225.54	130.34	35	14	-1	10.52	10.52
Fixation R	1	11	5786808782	5786959030	150248	225.54	130.34	35	14	-1	11.62	11.62
Fixation L	1	12	5787075778	5787342898	267120	329.61	119.90	36	15	-1	10.01	10.01
Fixation R	1	12	5787084151	5787534770	450619	320.07	116.37	38	21	-1	10.98	10.98
Fixation L	1	13	5787359522	5787534770	175248	307.14	111.60	4	6	-1	9.99	9.99
Fixation L	1	14	5787651644	5787860266	208622	311.62	112.33	84	7	-1	10.83	10.83
Fixation R	1	13	5787651644	5787860266	208622	311.62	112.33	84	7	-1	11.30	11.30
Fixation L	1	15	5787868638	5788093885	225247	430.83	112.36	14	7	-1	10.60	10.60
Fixation R	1	14	5787868638	5788093885	225247	430.83	112.36	14	7	-1	11.23	11.23
Fixation L	1	16	5788110634	5788377630	266996	614.61	97.58	22	16	-1	10.88	10.88
Fixation R	1	15	5788110634	5788377630	266996	614.61	97.58	22	16	-1	11.06	11.06
Fixation L	1	17	5788386005	5788594501	208496	709.83	97.92	60	11	-1	10.71	10.71
Fixation R	1	16	5788386005	5788594501	208496	709.83	97.92	60	11	-1	10.91	10.91
Fixation L	1	18	5788602883	5788844875	241992	831.71	93.97	28	34	-1	10.75	10.75
Fixation R	1	17	5788602883	5788844875	241992	831.71	93.97	28	34	-1	10.84	10.84
Fixation L	1	19	5788978373	5789120247	141874	196.75	178.55	81	12	-1	10.50	10.50
Fixation R	1	18	5788978373	5789120247	141874	196.75	178.55	81	12	-1	11.24	11.24
Fixation L	1	20	5789128625	5789353872	225247	115.28	184.71	14	18	-1	10.53	10.53
Fixation R	1	19	5789128625	5789353872	225247	115.28	184.71	14	18	-1	11.17	11.17
Fixation L	1	21	5789370616	5789637610	266994	305.97	171.96	65	17	-1	10.62	10.62
Fixation R	1	20	5789370616	5789637610	266994	305.97	171.96	65	17	-1	11.02	11.02
Fixation L	1	22	5789645986	5789862984	216998	502.24	145.80	37	17	-1	10.71	10.71
Fixation R	1	21	5789645986	5789862984	216998	502.24	145.80	37	17	-1	10.97	10.97
Fixation L	1	23	5789871235	5790063232	191997	640.41	136.82	83	7	-1	10.52	10.52
Fixation R	1	22	5789871235	5790063232	191997	640.41	136.82	83	7	-1	10.88	10.88
Fixation L	1	24	5790079855	5790238478	158623	763.57	137.44	21	10	-1	10.44	10.44
Fixation R	1	23	5790079855	5790238478	158623	763.57	137.44	21	10	-1	10.65	10.65
Fixation L	1	25	5790246726	5790346978	100252	848.03	146.38	13	4	-1	10.37	10.37
Fixation R	1	24	5790396974	5790638971	241997	143.19	234.52	43	35	-1	11.07	11.07
Fixation L	1	26	5790472099	5790638971	166872	139.49	237.91	12	9	-1	10.21	10.21
Fixation L	1	27	5790647348	5790897592	250244	274.35	218.84	18	22	-1	10.31	10.31
Fixation R	1	25	5790647348	5790897592	250244	274.35	218.84	18	22	-1	10.98	10.98
Fixation L	1	28	5790914342	5791164714	250372	498.82	216.40	56	15	-1	10.29	10.29
Fixation L	1	29	5791172964	5791389963	216999	621.56	207.40	26	11	-1	10.20	10.20
Fixation R	1	26	5791172964	5791389963	216999	621.56	207.40	26	11	-1	10.66	10.66
Fixation L	1	30	5791398336	5791640331	241995	761.65	190.84	72	16	-1	10.17	10.17
Fixation R	1	27	5791398336	5791640331	241995	761.65	190.84	72	16	-1	10.62	10.62
Fixation L	1	31	5791648705	5791832210	183505	889.20	203.59	32	19	-1	10.23	10.23
Fixation R	1	28	5791882328	5792024200	141872	169.96	257.81	40	25	-1	10.31	10.31
Fixation L	1	32	5792224444	5792449693	225249	309.00	251.81	18	14	-1	9.61	9.61
Fixation R	1	29	5792366318	5792449693	83375	309.67	249.09	17	7	-1	10.79	10.79
Fixation L	1	33	5792458073	5792599939	141866	522.86	264.00	76	21	-1	10.36	10.36
Fixation L	1	34	5792683440	5792775194	91754	698.93	260.56	12	19	-1	10.26	10.26
Fixation R	1	30	5792683440	5792775194	91754	698.93	260.56	12	19	-1	10.66	10.66
Fixation L	1	35	5792783565	5793033811	250246	832.32	242.66	18	22	-1	10.32	10.32
Fixation R	1	31	5792783565	5793033811	250246	832.32	242.66	18	22	-1	10.63	10.63
Fixation L	1	36	5793083936	5793284183	200247	135.82	353.19	52	37	-1	9.90	9.90
Fixation R	1	32	5793083936	5793267556	183620	136.11	352.83	52	37	-1	10.62	10.62
Fixation L	1	37	5793317558	5793551177	233619	288.90	345.01	32	25	-1	10.48	10.48
Fixation R	1	33	5793317558	5793551177	233619	288.90	345.01	32	25	-1	11.03	11.03
Fixation L	1	38	5793559559	5793751423	191864	402.62	329.00	89	9	-1	10.34	10.34
Fixation R	1	34	5793559559	5793751423	191864	402.62	329.00	89	9	-1	10.91	10.91
Fixation L	1	39	5793759806	5793993420	233614	485.69	328.24	84	8	-1	10.34	10.34
Fixation R	1	35	5793759806	5793993420	233614	485.69	328.24	84	8	-1	10.54	10.54
Fixation L	1	40	5794001797	5794202042	200245	569.13	328.22	87	8	-1	10.29	10.29
Fixation R	1	36	5794001797	5794202042	200245	569.13	328.22	87	8	-1	10.81	10.81
Fixation L	1	41	5794210423	5794477413	266990	755.77	321.05	91	6	-1	10.17	10.17
Fixation R	1	37	5794210423	5794477413	266990	755.77	321.05	91	6	-1	10.67	10.67
Fixation L	1	42	5794485788	5794736159	250371	926.83	314.51	34	16	-1	10.04	10.04
Fixation R	1	38	5794485788	5794736159	250371	926.83	314.51	34	16	-1	10.54	10.54
Fixation L	1	43	5794786162	5794953157	166995	154.42	386.28	74	21	-1	10.15	10.15
Fixation R	1	39	5794786162	5794953157	166995	154.42	386.28	74	21	-1	10.90	10.90
Fixation L	1	44	5794961410	5795178400	216990	102.72	396.80	26	7	-1	10.26	10.26
Fixation R	1	40	5794961410	5795178400	216990	102.72	396.80	26	7	-1	10.79	10.79
Fixation L	1	45	5795186777	5795403649	216872	255.39	387.61	41	9	-1	10.34	10.34
Fixation R	1	41	5795186777	5795403649	216872	255.39	387.61	41	9	-1	10.76	10.76
Fixation L	1	46	5795412021	5795570652	158631	341.03	392.27	82	3	-1	10.30	10.30
Fixation R	1	42	5795412021	5795570652	158631	341.03	392.27	82	3	-1	10.69	10.69
Fixation L	1	47	5795578899	5795762525	183626	458.60	393.76	22	8	-1	10.23	10.23
Fixation R	1	43	5795578899	5795762525	183626	458.60	393.76	22	8	-1	10.71	10.71
Fixation L	1	48	5795770899	5795937769	166870	560.78	391.30	34	5	-1	10.10	10.10
Fixation R	1	44	5795770899	5795937769	166870	560.78	391.30	34	5	-1	10.65	10.65
Fixation L	1	49	5795946145	5796129641	183496	733.17	386.10	81	10	-1	10.07	10.07
Fixation R	1	45	5795946145	5796129641	183496	733.17	386.10	81	10	-1	10.42	10.42
Fixation L	1	50	5796138016	5796313262	175246	816.40	389.72	74	7	-1	10.03	10.03
Fixation R	1	46	5796138016	5796313262	175246	816.40	389.72	74	7	-1	10.38	10.38
Fixation L	1	51	5796321636	5796463511	141875	896.12	386.88	88	8	-1	10.02	10.02
Fixation R	1	47	5796321636	5796463511	141875	896.12	386.88	88	8	-1	10.48	10.48
Fixation L	1	52	5796513504	5796722132	208628	166.41	457.87	52	34	-1	10.03	10.03
Fixation R	1	48	5796513504	5796722132	208628	166.41	457.87	52	34	-1	10.50	10.50
Fixation L	1	53	5796730502	5796889000	158498	122.85	470.83	17	14	-1	10.16	10.16
Fixation R	1	49	5796730502	5796889000	158498	122.85	470.83	17	14	-1	10.54	10.54
Fixation L	1	54	5796905752	5797222750	316998	298.94	462.80	25	13	-1	10.33	10.33
Fixation R	1	50	5796905752	5797222750	316998	298.94	462.80	25	13	-1	10.65	10.65
Fixation L	1	55	5797231121	5797481491	250370	492.97	466.28	61	6	-1	10.29	10.29
Fixation R	1	51	5797231121	5797481491	250370	492.97	466.28	61	6	-1	10.79	10.79
Fixation L	1	56	5797489867	5797681739	191872	688.06	458.64	77	14	-1	10.30	10.30
Fixation R	1	52	5797489867	5797681739	191872	688.06	458.64	77	14	-1	10.68	10.68
Fixation L	1	57	5797690114	5797915361	225247	830.10	451.03	81	14	-1	10.23	10.23
Fixation R	1	53	5797690114	5797915361	225247	830.10	451.03	81	14	-1	10.57	10.57
Fixation L	1	58	5797923735	5798048866	125131	958.97	452.34	11	4	-1	10.20	10.20
Fixation R	1	54	5797923735	5798048866	125131	958.97	452.34	11	4	-1	10.53	10.53
Fixation L	1	59	5798107358	5798457852	350494	175.05	523.85	44	40	-1	10.30	10.30
Fixation R	1	55	5798107358	5798457852	350494	175.05	523.85	44	40	-1	10.73	10.73
Fixation L	1	60	5798466105	5798699853	233748	336.35	515.91	72	12	-1	10.42	10.42
Fixation R	1	56	5798466105	5798699853	233748	336.35	515.91	72	12	-1	10.77	10.77
Fixation L	1	61	5798708100	5798891719	183619	482.32	522.22	74	11	-1	10.51	10.51
Fixation R	1	57	5798708100	5798891719	183619	482.32	522.22	74	11	-1	11.05	11.05
Fixation L	1	62	5798900100	5799217092	316992	639.18	525.96	60	5	-1	10.35	10.35
Fixation R	1	58	5798900100	5799217092	316992	639.18	525.96	60	5	-1	10.86	10.86
Fixation L	1	63	5799233845	5799492461	258616	817.64	516.55	71	20	-1	10.34	10.34
Fixation R	1	59	5799233845	5799492461	258616	817.64	516.55	71	20	-1	10.66	10.66
Fixation L	1	64	5799500841	5799600964	100123	904.87	517.21	27	6	-1	10.30	10.30
Fixation R	1	60	5799500841	5799600964	100123	904.87	517.21	27	6	-1	10.72	10.72
Fixation L	1	65	5799651094	5799734462	83368	162.45	568.52	56	40	-1	10.20	10.20
Fixation R	1	61	5799651094	5799734462	83368	162.45	568.52	56	40	-1	10.74	10.74
Fixation L	1	66	5799742833	5800001583	258750	123.57	587.17	36	12	-1	10.23	10.23
Fixation R	1	62	5799742833	5799826341	83508	140.03	583.15	29	8	-1	9.77	9.77
Fixation R	1	63	5799842956	5800001583	158627	114.74	589.03	8	5	-1	10.68	10.68
Fixation L	1	67	5800059954	5800185077	125123	213.38	579.55	78	21	-1	10.12	10.12
Fixation R	1	64	5800059954	5800185077	125123	213.38	579.55	78	21	-1	10.70	10.70
Fixation L	1	68	5800210199	5800377074	166875	399.22	570.36	28	11	-1	10.59	10.59
Fixation R	1	65	5800210199	5800377074	166875	399.22	570.36	28	11	-1	11.24	11.24
Fixation L	1	69	5800385322	5800660693	275371	543.16	577.53	80	16	-1	10.63	10.63
Fixation R	1	66	5800385322	5800660693	275371	543.16	577.53	80	16	-1	11.21	11.21
Fixation L	1	70	5800669068	5801111311	442243	693.83	574.08	66	15	-1	10.39	10.39
Fixation R	1	67	5800669068	5801111311	442243	693.83	574.08	66	15	-1	11.03	11.03
Fixation L	1	71	5801119685	5801319937	200252	510.17	578.63	26	11	-1	10.37	10.37
Fixation R	1	68	5801119685	5801319937	200252	510.17	578.63	26	11	-1	11.27	11.27
Fixation L	1	72	5801353316	5801520184	166868	160.11	623.62	71	21	-1	10.33	10.33
Fixation R	1	69	5801353316	5801520184	166868	160.11	623.62	71	21	-1	10.63	10.63
Fixation L	1	73	5801528557	5801720432	191875	103.84	647.20	19	19	-1	10.31	10.31
Fixation R	1	70	5801528557	5801720432	191875	103.84	647.20	19	19	-1	10.76	10.76
Fixation L	1	74	5801737181	5801920803	183622	311.08	643.58	27	12	-1	10.73	10.73
Fixation R	1	71	5801737181	5801920803	183622	311.08	643.58	27	12	-1	11.09	11.09
Fixation L	1	75	5801929176	5802212799	283623	476.87	646.23	29	9	-1	10.72	10.72
Fixation R	1	72	5801929176	5802212799	283623	476.87	646.23	29	9	-1	11.62	11.62
Fixation L	1	76	5802221174	5802404799	183625	659.80	634.59	69	20	-1	10.64	10.64
Fixation R	1	73	5802221174	5802404799	183625	659.80	634.59	69	20	-1	11.30	11.30
Fixation L	1	77	5802413170	5802630042	216872	767.18	636.63	60	11	-1	10.41	10.41
Fixation R	1	74	5802413170	5802630042	216872	767.18	636.63	60	11	-1	11.22	11.22
Fixation L	1	78	5802638415	5802838663	200248	914.50	638.95	27	16	-1	10.36	10.36
Fixation R	1	75	5802638415	5802838663	200248	914.50	638.95	27	16	-1	11.07	11.07
Fixation L	1	79	5802888785	5803038909	150124	152.97	702.57	49	41	-1	10.49	10.49
Fixation R	1	76	5802888785	5803038909	150124	152.97	702.57	49	41	-1	10.97	10.97
Fixation L	1	80	5803047282	5803222531	175249	101.94	717.61	32	16	-1	10.42	10.42
Fixation R	1	77	5803047282	5803222531	175249	101.94	717.61	32	16	-1	10.92	10.92
Fixation L	1	81	5803230908	5803472900	241992	258.27	707.26	63	18	-1	10.65	10.65
Fixation R	1	78	5803230908	5803472900	241992	258.27	707.26	63	18	-1	10.88	10.88
Fixation L	1	82	5803481155	5803689772	208617	445.58	707.08	32	6	-1	10.70	10.70
Fixation R	1	79	5803481155	5803689772	208617	445.58	707.08	32	6	-1	11.64	11.64
Fixation L	1	83	5803698149	5803898395	200246	622.45	702.80	90	9	-1	10.68	10.68
Fixation R	1	80	5803698149	5803898395	200246	622.45	702.80	90	9	-1	11.50	11.50
Fixation L	1	84	5803906780	5804057027	150247	703.37	700.64	63	5	-1	10.42	10.42
Fixation R	1	81	5803906780	5804057027	150247	703.37	700.64	63	5	-1	11.28	11.28
Fixation L	1	85	5804065267	5804248889	183622	819.33	700.01	74	2	-1	10.36	10.36
Fixation R	1	82	5804065267	5804248889	183622	819.33	700.01	74	2	-1	11.10	11.10
Fixation L	1	86	5804399139	5804649384	250245	128.61	53.87	74	20	-1	9.93	9.93
Fixation R	1	83	5804399139	5804649384	250245	128.61	53.87	74	20	-1	10.77	10.77

