[BeGaze]
Converted from:	C:\Program Files\SMI\Experiment Suite 360\Experiment Center 2\Results\Readability_First_01\P02-eye_data.idf
Date:	02.08.2013 11:27:29
Version:	BeGaze 3.2.28
Sample Rate:	120
Subject:	P02
Description:	Run2

Table Header for Fixations:
Event Type	Trial	Number	Start	End	Duration	Location X	Location Y	Dispersion X	Dispersion Y	Plane	Avg. Pupil Size X	Avg. Pupil Size Y


Fixation L	1	1	6982715418	6982990779	275361	110.56	47.33	38	50	-1	10.67	10.67
Fixation R	1	1	6982715418	6982990779	275361	110.56	47.33	38	50	-1	11.05	11.05
Fixation L	1	2	6982999158	6983216150	216992	227.84	36.40	62	34	-1	10.27	10.27
Fixation R	1	2	6982999158	6983216150	216992	227.84	36.40	62	34	-1	10.49	10.49
Fixation L	1	3	6983224402	6983466398	241996	177.87	30.08	33	11	-1	9.85	9.85
Fixation R	1	3	6983224402	6983466398	241996	177.87	30.08	33	11	-1	10.00	10.00
Fixation L	1	4	6983474776	6983691770	216994	346.84	29.36	90	7	-1	9.87	9.87
Fixation R	1	4	6983474776	6983691770	216994	346.84	29.36	90	7	-1	10.09	10.09
Fixation L	1	5	6983708394	6983942141	233747	480.42	43.74	22	13	-1	10.09	10.09
Fixation R	1	5	6983708394	6983942141	233747	480.42	43.74	22	13	-1	10.23	10.23
Fixation L	1	6	6983950392	6984117387	166995	611.77	27.26	43	8	-1	9.99	9.99
Fixation R	1	6	6983950392	6984117387	166995	611.77	27.26	43	8	-1	10.13	10.13
Fixation L	1	7	6984125641	6984434384	308743	738.78	25.77	11	17	-1	9.87	9.87
Fixation R	1	7	6984125641	6984434384	308743	738.78	25.77	11	17	-1	10.03	10.03
Fixation L	1	8	6984467758	6984601259	133501	358.11	83.16	23	41	-1	10.00	10.00
Fixation R	1	8	6984467758	6984601259	133501	358.11	83.16	23	41	-1	10.35	10.35
Fixation L	1	9	6984618003	6984868373	250370	123.02	104.59	57	25	-1	9.88	9.88
Fixation R	1	9	6984618003	6984868373	250370	123.02	104.59	57	25	-1	10.19	10.19
Fixation L	1	10	6984876627	6985035251	158624	310.90	109.85	90	6	-1	10.15	10.15
Fixation R	1	10	6984876627	6985035251	158624	310.90	109.85	90	6	-1	10.27	10.27
Fixation L	1	11	6985043620	6985193743	150123	441.96	107.34	68	23	-1	10.17	10.17
Fixation R	1	11	6985043620	6985193743	150123	441.96	107.34	68	23	-1	10.26	10.26
Fixation L	1	12	6985202125	6985444115	241990	536.70	109.36	49	26	-1	10.15	10.15
Fixation R	1	12	6985202125	6985444115	241990	536.70	109.36	49	26	-1	10.18	10.18
Fixation L	1	13	6985452497	6985711110	258613	639.19	97.03	21	10	-1	10.11	10.11
Fixation R	1	13	6985452497	6985711110	258613	639.19	97.03	21	10	-1	10.05	10.05
Fixation L	1	14	6985719486	6985886360	166874	796.09	95.92	51	24	-1	8.50	8.50
Fixation R	1	14	6985719486	6985961482	241996	796.81	93.80	51	40	-1	9.97	9.97
Fixation L	1	15	6986036615	6986395349	358734	121.93	172.22	80	19	-1	9.44	9.44
Fixation R	1	15	6986036615	6986395349	358734	121.93	172.22	80	19	-1	9.99	9.99
Fixation L	1	16	6986403731	6986562225	158494	109.45	171.92	28	5	-1	9.75	9.75
Fixation R	1	16	6986403731	6986562225	158494	109.45	171.92	28	5	-1	9.96	9.96
Fixation L	1	17	6986578975	6986896094	317119	352.97	160.05	39	15	-1	9.90	9.90
Fixation R	1	17	6986578975	6986896094	317119	352.97	160.05	39	15	-1	9.87	9.87
Fixation L	1	18	6986904351	6987112964	208613	507.13	157.03	19	9	-1	9.71	9.71
Fixation R	1	18	6986904351	6987112964	208613	507.13	157.03	19	9	-1	9.83	9.83
Fixation L	1	19	6987121341	6987530211	408870	650.58	158.32	85	14	-1	9.62	9.62
Fixation R	1	19	6987121341	6987530211	408870	650.58	158.32	85	14	-1	9.68	9.68
Fixation L	1	20	6987538582	6987855711	317129	673.39	158.37	25	14	-1	9.65	9.65
Fixation R	1	20	6987538582	6987855711	317129	673.39	158.37	25	14	-1	9.65	9.65
Fixation L	1	21	6987864078	6988139458	275380	788.41	157.92	60	15	-1	9.49	9.49
Fixation R	1	21	6987864078	6988147701	283623	789.81	158.18	81	16	-1	9.71	9.71
Fixation R	1	22	6988156080	6988489817	333737	873.59	159.93	77	18	-1	9.71	9.71
Fixation L	1	22	6988548318	6988740190	191872	138.78	220.93	69	26	-1	9.60	9.60
Fixation R	1	23	6988548318	6988740190	191872	138.78	220.93	69	26	-1	9.96	9.96
Fixation L	1	23	6988748563	6988907068	158505	89.63	246.23	25	28	-1	9.73	9.73
Fixation R	1	24	6988748563	6988907068	158505	89.63	246.23	25	28	-1	10.01	10.01
Fixation L	1	24	6988923812	6989140685	216873	288.62	226.29	25	47	-1	9.82	9.82
Fixation R	1	25	6988923812	6989140685	216873	288.62	226.29	25	47	-1	9.97	9.97
Fixation L	1	25	6989149063	6989457813	308750	459.74	207.13	57	8	-1	9.69	9.69
Fixation R	1	26	6989149063	6989457813	308750	459.74	207.13	57	8	-1	9.86	9.86
Fixation L	1	26	6989466182	6989733177	266995	596.35	149.41	34	50	-1	9.67	9.67
Fixation R	1	27	6989466182	6989733177	266995	596.35	149.41	34	50	-1	9.87	9.87
Fixation L	1	27	6989741549	6989858430	116881	516.71	187.65	33	64	-1	9.57	9.57
Fixation R	1	28	6989741549	6989858430	116881	516.71	187.65	33	64	-1	9.90	9.90
Fixation L	1	28	6989866676	6990125418	258742	471.03	211.57	45	13	-1	9.58	9.58
Fixation R	1	29	6989866676	6990125418	258742	471.03	211.57	45	13	-1	9.90	9.90
Fixation L	1	29	6990133818	6990300550	166732	595.11	194.16	30	14	-1	9.47	9.47
Fixation R	1	30	6990133818	6990300550	166732	595.11	194.16	30	14	-1	9.79	9.79
Fixation L	1	30	6990308922	6990542662	233740	761.08	197.50	53	14	-1	9.44	9.44
Fixation R	1	31	6990308922	6990542662	233740	761.08	197.50	53	14	-1	9.77	9.77
Fixation L	1	31	6990550911	6990634411	83500	576.38	250.70	48	48	-1	9.55	9.55
Fixation R	1	32	6990550911	6990634411	83500	576.38	250.70	48	48	-1	9.79	9.79
Fixation L	1	32	6990642786	6990818029	175243	556.21	263.85	84	3	-1	9.50	9.50
Fixation R	1	33	6990642786	6990818029	175243	556.21	263.85	84	3	-1	9.83	9.83
Fixation L	1	33	6990834658	6991043280	208622	362.82	258.61	47	17	-1	9.51	9.51
Fixation R	1	34	6990834658	6991043280	208622	362.82	258.61	47	17	-1	9.93	9.93
Fixation L	1	34	6991051652	6991176776	125124	280.25	251.92	42	3	-1	9.35	9.35
Fixation R	1	35	6991051652	6991176776	125124	280.25	251.92	42	3	-1	9.77	9.77
Fixation L	1	35	6991185152	6991443776	258624	103.38	265.02	71	17	-1	9.24	9.24
Fixation R	1	36	6991185152	6991443776	258624	103.38	265.02	71	17	-1	9.54	9.54
Fixation L	1	36	6991452147	6991677520	225373	259.44	242.23	64	31	-1	9.36	9.36
Fixation R	1	37	6991452147	6991677520	225373	259.44	242.23	64	31	-1	9.51	9.51
Fixation L	1	37	6991685768	6991861016	175248	431.75	215.24	31	23	-1	9.12	9.12
Fixation R	1	38	6991685768	6991861016	175248	431.75	215.24	31	23	-1	9.44	9.44
Fixation L	1	38	6991869401	6992128011	258610	573.64	212.19	22	22	-1	9.31	9.31
Fixation R	1	39	6991869401	6992128011	258610	573.64	212.19	22	22	-1	9.53	9.53
Fixation L	1	39	6992136401	6992395138	258737	762.41	219.59	55	11	-1	9.41	9.41
Fixation R	1	40	6992136401	6992395138	258737	762.41	219.59	55	11	-1	9.66	9.66
Fixation L	1	40	6992403382	6992570392	167010	880.83	219.85	22	15	-1	9.46	9.46
Fixation R	1	41	6992403382	6992570392	167010	880.83	219.85	22	15	-1	9.71	9.71
Fixation L	1	41	6992620381	6992795633	175252	149.06	305.05	54	43	-1	9.57	9.57
Fixation R	1	42	6992620381	6992795633	175252	149.06	305.05	54	43	-1	9.89	9.89
Fixation L	1	42	6992804003	6992945878	141875	89.98	314.43	37	11	-1	9.65	9.65
Fixation R	1	43	6992804003	6992945878	141875	89.98	314.43	37	11	-1	9.83	9.83
Fixation L	1	43	6992954123	6993071005	116882	293.34	299.49	60	27	-1	9.88	9.88
Fixation R	1	44	6992954123	6993071005	116882	293.34	299.49	60	27	-1	10.08	10.08
Fixation L	1	44	6993196123	6993279622	83499	296.80	274.83	45	12	-1	9.64	9.64
Fixation R	1	45	6993196123	6993279622	83499	296.80	274.83	45	12	-1	9.96	9.96
Fixation L	1	45	6993296245	6993529990	233745	487.31	300.04	48	38	-1	10.13	10.13
Fixation R	1	46	6993296245	6993529990	233745	487.31	300.04	48	38	-1	10.40	10.40
Fixation L	1	46	6993538240	6993646741	108501	570.81	318.99	64	6	-1	10.15	10.15
Fixation R	1	47	6993538240	6993646741	108501	570.81	318.99	64	6	-1	10.39	10.39
Fixation L	1	47	6993805361	6993980608	175247	792.53	325.75	31	14	-1	9.99	9.99
Fixation R	1	48	6993805361	6993980608	175247	792.53	325.75	31	14	-1	9.50	9.50
Fixation L	1	48	6993988862	6994214230	225368	940.68	331.67	42	6	-1	9.98	9.98
Fixation R	1	49	6993988862	6994214230	225368	940.68	331.67	42	6	-1	10.25	10.25
Fixation L	1	49	6994264227	6994431101	166874	142.43	378.10	54	42	-1	9.69	9.69
Fixation R	1	50	6994264227	6994431101	166874	142.43	378.10	54	42	-1	10.06	10.06
Fixation L	1	50	6994681477	6994814970	133493	252.84	371.02	28	15	-1	9.34	9.34
Fixation L	1	51	6994831726	6995048723	216997	236.83	381.53	47	15	-1	9.85	9.85
Fixation R	1	51	6994840094	6995048723	208629	235.83	381.83	47	15	-1	9.99	9.99
Fixation L	1	52	6995123725	6995382464	258739	356.67	378.74	84	9	-1	9.76	9.76
Fixation R	1	52	6995123725	6995382464	258739	356.67	378.74	84	9	-1	10.11	10.11
Fixation L	1	53	6995390836	6995649460	258624	502.67	372.02	27	4	-1	9.99	9.99
Fixation R	1	53	6995390836	6995649460	258624	502.67	372.02	27	4	-1	10.21	10.21
Fixation L	1	54	6995657834	6995841332	183498	609.33	377.51	17	12	-1	9.89	9.89
Fixation R	1	54	6995657834	6995841332	183498	609.33	377.51	17	12	-1	10.27	10.27
Fixation L	1	55	6995849708	6996041704	191996	716.01	385.62	46	9	-1	9.67	9.67
Fixation R	1	55	6995849708	6996041704	191996	716.01	385.62	46	9	-1	10.08	10.08
Fixation L	1	56	6996049955	6996241950	191995	839.68	382.98	43	15	-1	9.72	9.72
Fixation R	1	56	6996049955	6996241950	191995	839.68	382.98	43	15	-1	9.91	9.91
Fixation L	1	57	6996250328	6996483949	233621	911.17	381.89	29	6	-1	9.70	9.70
Fixation R	1	57	6996250328	6996483949	233621	911.17	381.89	29	6	-1	9.89	9.89
Fixation L	1	58	6996492320	6996917814	425494	789.22	381.33	39	14	-1	9.83	9.83
Fixation R	1	58	6996492320	6996917814	425494	789.22	381.33	39	14	-1	10.02	10.02
Fixation L	1	59	6996926197	6997209933	283736	916.72	382.01	67	11	-1	9.74	9.74
Fixation R	1	59	6996926197	6997209933	283736	916.72	382.01	67	11	-1	9.77	9.77
Fixation L	1	60	6997259932	6997401810	141878	183.64	415.30	62	37	-1	9.60	9.60
Fixation R	1	60	6997259932	6997401810	141878	183.64	415.30	62	37	-1	9.75	9.75
Fixation L	1	61	6997410183	6997668802	258619	87.20	447.85	58	25	-1	9.68	9.68
Fixation R	1	61	6997410183	6997668802	258619	87.20	447.85	58	25	-1	9.73	9.73
Fixation L	1	62	6997677187	6997844050	166863	166.76	441.35	29	23	-1	9.83	9.83
Fixation R	1	62	6997677187	6997844050	166863	166.76	441.35	29	23	-1	9.89	9.89
Fixation L	1	63	6997852426	6998102800	250374	287.35	433.46	83	7	-1	9.95	9.95
Fixation R	1	63	6997852426	6998102800	250374	287.35	433.46	83	7	-1	10.07	10.07
Fixation L	1	64	6998136177	6998394792	258615	473.69	440.63	32	10	-1	10.05	10.05
Fixation R	1	64	6998136177	6998394792	258615	473.69	440.63	32	10	-1	10.21	10.21
Fixation L	1	65	6998403167	6998703539	300372	632.04	437.66	82	11	-1	10.04	10.04
Fixation R	1	65	6998403167	6998703539	300372	632.04	437.66	82	11	-1	10.12	10.12
Fixation L	1	66	6998711911	6998978909	266998	797.64	445.29	47	8	-1	9.82	9.82
Fixation R	1	66	6998711911	6998978909	266998	797.64	445.29	47	8	-1	9.89	9.89
Fixation L	1	67	6998987292	6999229278	241986	964.38	446.95	19	6	-1	9.77	9.77
Fixation R	1	67	6998987292	6999229278	241986	964.38	446.95	19	6	-1	9.96	9.96
Fixation L	1	68	6999287661	6999429525	141864	176.54	490.66	39	46	-1	9.86	9.86
Fixation R	1	68	6999287661	6999429525	141864	176.54	490.66	39	46	-1	10.20	10.20
Fixation L	1	69	6999437913	6999663150	225237	79.44	513.65	30	24	-1	10.20	10.20
Fixation R	1	69	6999437913	6999663150	225237	79.44	513.65	30	24	-1	10.34	10.34
Fixation L	1	70	6999671523	7000055391	383868	195.62	506.42	85	12	-1	10.39	10.39
Fixation R	1	70	6999671523	7000055391	383868	195.62	506.42	85	12	-1	10.20	10.20
Fixation L	1	71	7000063771	7000188899	125128	112.77	512.63	16	8	-1	10.26	10.26
Fixation R	1	71	7000063771	7000188899	125128	112.77	512.63	16	8	-1	10.20	10.20
Fixation L	1	72	7000205641	7000414142	208501	292.28	491.42	22	10	-1	10.36	10.36
Fixation R	1	72	7000205641	7000414142	208501	292.28	491.42	22	10	-1	10.30	10.30
Fixation L	1	73	7000430890	7000606134	175244	464.77	506.43	30	26	-1	10.37	10.37
Fixation R	1	73	7000430890	7000606134	175244	464.77	506.43	30	26	-1	10.74	10.74
Fixation L	1	74	7000906503	7001106751	200248	665.54	491.72	58	37	-1	10.73	10.73
Fixation R	1	74	7000906503	7001106751	200248	665.54	491.72	58	37	-1	10.61	10.61
Fixation L	1	75	7001115131	7001315378	200247	846.02	488.05	91	4	-1	10.37	10.37
Fixation R	1	75	7001115131	7001315378	200247	846.02	488.05	91	4	-1	10.56	10.56
Fixation L	1	76	7001323746	7001624122	300376	911.01	498.46	15	9	-1	10.22	10.22
Fixation R	1	76	7001323746	7001624122	300376	911.01	498.46	15	9	-1	10.63	10.63
Fixation L	1	77	7001665872	7001824363	158491	174.59	548.00	52	40	-1	10.25	10.25
Fixation R	1	77	7001665872	7001824363	158491	174.59	548.00	52	40	-1	10.44	10.44
Fixation L	1	78	7001832740	7001982987	150247	82.54	571.94	50	44	-1	10.11	10.11
Fixation R	1	78	7001832740	7001982987	150247	82.54	571.94	50	44	-1	10.54	10.54
Fixation L	1	79	7002216608	7002325105	108497	380.37	559.12	65	9	-1	11.49	11.49
Fixation R	1	79	7002216608	7002325105	108497	380.37	559.12	65	9	-1	9.94	9.94
Fixation L	1	80	7002333483	7002767357	433874	611.84	555.55	74	14	-1	10.34	10.34
Fixation R	1	80	7002333483	7002767357	433874	611.84	555.55	74	14	-1	10.89	10.89
Fixation L	1	81	7002775723	7003151221	375498	735.41	555.85	63	8	-1	10.16	10.16
Fixation R	1	81	7002775723	7003142845	367122	734.19	555.87	18	8	-1	10.27	10.27
Fixation L	1	82	7003159592	7003334718	175126	822.56	554.47	8	7	-1	9.93	9.93
Fixation R	1	82	7003159592	7003334718	175126	822.56	554.47	8	7	-1	9.98	9.98
Fixation L	1	83	7003343092	7003501718	158626	738.28	555.70	13	15	-1	9.65	9.65
Fixation R	1	83	7003351467	7003910582	559115	740.20	556.44	73	21	-1	10.82	10.82
Fixation L	1	84	7003543340	7003910582	367242	740.44	557.52	73	21	-1	10.54	10.54
Fixation L	1	85	7003918837	7004060703	141866	678.69	554.17	73	6	-1	10.42	10.42
Fixation R	1	84	7003918837	7004060703	141866	678.69	554.17	73	6	-1	10.90	10.90
Fixation L	1	86	7004069094	7004511327	442233	840.96	561.68	66	8	-1	10.09	10.09
Fixation R	1	85	7004069094	7004511327	442233	840.96	561.68	66	8	-1	10.79	10.79
Fixation L	1	87	7004561451	7004753327	191876	132.32	628.48	66	25	-1	10.14	10.14
Fixation R	1	86	7004561451	7004753327	191876	132.32	628.48	66	25	-1	10.38	10.38
Fixation L	1	88	7004761698	7005053695	291997	96.41	631.41	79	20	-1	10.18	10.18
Fixation R	1	87	7004761698	7005053695	291997	96.41	631.41	79	20	-1	10.34	10.34
Fixation L	1	89	7005062068	7005145571	83503	147.11	615.64	80	11	-1	10.16	10.16
Fixation R	1	88	7005062068	7005145571	83503	147.11	615.64	80	11	-1	10.15	10.15
Fixation L	1	90	7005153944	7005320820	166876	229.32	610.32	79	10	-1	10.22	10.22
Fixation R	1	89	7005153944	7005320820	166876	229.32	610.32	79	10	-1	9.99	9.99
Fixation L	1	91	7005329071	7005554437	225366	384.85	616.15	71	17	-1	10.04	10.04
Fixation R	1	90	7005329071	7005554437	225366	384.85	616.15	71	17	-1	10.56	10.56
Fixation L	1	92	7005562812	7005871561	308749	490.77	617.01	16	10	-1	9.73	9.73
Fixation R	1	91	7005562812	7005871561	308749	490.77	617.01	16	10	-1	10.72	10.72
Fixation L	1	93	7005879806	7006130177	250371	674.30	618.29	40	13	-1	9.78	9.78
Fixation R	1	92	7005879806	7006130177	250371	674.30	618.29	40	13	-1	10.45	10.45
Fixation L	1	94	7006138553	7006363797	225244	757.03	611.27	35	24	-1	9.70	9.70
Fixation R	1	93	7006138553	7006363797	225244	757.03	611.27	35	24	-1	10.35	10.35
Fixation R	1	94	7006372182	7006639169	266987	886.61	631.37	53	24	-1	10.24	10.24
Fixation L	1	95	7006689291	7006964663	275372	114.49	684.43	52	35	-1	9.75	9.75
Fixation R	1	95	7006689291	7006964663	275372	114.49	684.43	52	35	-1	9.89	9.89
Fixation L	1	96	7006973044	7007473662	500618	242.58	677.28	81	18	-1	10.09	10.09
Fixation R	1	96	7006973044	7007473662	500618	242.58	677.28	81	18	-1	10.03	10.03
Fixation L	1	97	7007532029	7007724032	192003	807.77	616.59	82	16	-1	10.11	10.11
Fixation R	1	97	7007532029	7007724032	192003	807.77	616.59	82	16	-1	10.42	10.42
Fixation L	1	98	7007732404	7007949276	216872	715.94	616.99	66	17	-1	10.27	10.27
Fixation R	1	98	7007732404	7007949276	216872	715.94	616.99	66	17	-1	10.79	10.79
Fixation L	1	99	7007957648	7008233019	275371	898.89	625.15	69	10	-1	9.86	9.86
Fixation R	1	99	7007957648	7008233019	275371	898.89	625.15	69	10	-1	10.40	10.40
Fixation L	1	100	7008291392	7008558513	267121	117.71	669.47	62	37	-1	9.95	9.95
Fixation R	1	100	7008291392	7008558513	267121	117.71	669.47	62	37	-1	10.30	10.30
Fixation L	1	101	7008566763	7008675269	108506	101.51	692.06	23	5	-1	10.09	10.09
Fixation R	1	101	7008566763	7008675269	108506	101.51	692.06	23	5	-1	10.35	10.35
Fixation L	1	102	7008692014	7009050760	358746	385.86	686.28	71	7	-1	10.57	10.57
Fixation R	1	102	7008692014	7009050760	358746	385.86	686.28	71	7	-1	10.93	10.93
Fixation L	1	103	7009059132	7009209381	150249	490.12	677.73	64	14	-1	10.20	10.20
Fixation R	1	103	7009059132	7009209381	150249	490.12	677.73	64	14	-1	11.19	11.19
Fixation L	1	104	7009226010	7009392875	166865	641.07	678.65	32	17	-1	10.39	10.39
Fixation R	1	104	7009226010	7009392875	166865	641.07	678.65	32	17	-1	10.92	10.92
Fixation L	1	105	7009401252	7009634873	233621	787.14	690.92	47	7	-1	10.16	10.16
Fixation R	1	105	7009401252	7009634873	233621	787.14	690.92	47	7	-1	10.76	10.76

