[BeGaze]
Converted from:	C:\Program Files\SMI\Experiment Suite 360\Experiment Center 2\Results\Readability_First_01\P02-eye_data.idf
Date:	02.08.2013 11:27:27
Version:	BeGaze 3.2.28
Sample Rate:	120
Subject:	P02
Description:	Run2

Table Header for Fixations:
Event Type	Trial	Number	Start	End	Duration	Location X	Location Y	Dispersion X	Dispersion Y	Plane	Avg. Pupil Size X	Avg. Pupil Size Y


Fixation R	1	1	6378293947	6378444069	150122	367.05	26.15	20	39	-1	9.59	9.59
Fixation L	1	1	6378335699	6378452446	116747	363.33	32.26	75	24	-1	9.67	9.67
Fixation R	1	2	6378460817	6378702818	242001	127.05	22.88	71	22	-1	9.94	9.94
Fixation L	1	2	6378494189	6378744563	250374	121.93	19.07	23	26	-1	9.48	9.48
Fixation L	1	3	6378752819	6378903064	150245	275.05	11.68	68	14	-1	9.35	9.35
Fixation R	1	3	6378752819	6378903064	150245	275.05	11.68	68	14	-1	9.71	9.71
Fixation L	1	4	6378919810	6379120055	200245	451.43	10.51	61	20	-1	9.45	9.45
Fixation R	1	4	6378919810	6379120055	200245	451.43	10.51	61	20	-1	9.57	9.57
Fixation L	1	5	6379128433	6379286932	158499	573.38	17.65	29	6	-1	9.57	9.57
Fixation R	1	5	6379128433	6379286932	158499	573.38	17.65	29	6	-1	9.56	9.56
Fixation L	1	6	6379387050	6379670796	283746	704.12	-13.41	66	21	-1	9.74	9.74
Fixation L	1	7	6379679177	6379979544	300367	564.85	-3.16	22	7	-1	9.84	9.84
Fixation R	1	6	6379679177	6379979544	300367	564.85	-3.16	22	7	-1	10.01	10.01
Fixation L	1	8	6379987924	6380238165	250241	706.02	7.84	39	18	-1	9.68	9.68
Fixation R	1	7	6379987924	6380238165	250241	706.02	7.84	39	18	-1	9.89	9.89
Fixation L	1	9	6380279915	6380405042	125127	124.20	64.98	66	33	-1	9.50	9.50
Fixation R	1	8	6380279915	6380405042	125127	124.20	64.98	66	33	-1	10.10	10.10
Fixation L	1	10	6380413413	6380521913	108500	114.37	73.86	13	8	-1	9.50	9.50
Fixation R	1	9	6380413413	6380521913	108500	114.37	73.86	13	8	-1	10.00	10.00
Fixation L	1	11	6380530289	6380788908	258619	283.97	59.69	58	9	-1	9.70	9.70
Fixation R	1	10	6380530289	6380788908	258619	283.97	59.69	58	9	-1	10.10	10.10
Fixation L	1	12	6380797281	6381147777	350496	406.20	53.18	20	10	-1	9.71	9.71
Fixation R	1	11	6380797281	6381147777	350496	406.20	53.18	20	10	-1	10.02	10.02
Fixation L	1	13	6381156155	6381323028	166873	554.10	57.10	64	9	-1	9.71	9.71
Fixation R	1	12	6381156155	6381323028	166873	554.10	57.10	64	9	-1	9.94	9.94
Fixation L	1	14	6381331276	6381573273	241997	694.66	45.28	15	13	-1	9.65	9.65
Fixation R	1	13	6381331276	6381573273	241997	694.66	45.28	15	13	-1	9.97	9.97
Fixation L	1	15	6381581645	6381740265	158620	794.01	51.15	68	24	-1	9.69	9.69
Fixation R	1	14	6381581645	6381740265	158620	794.01	51.15	68	24	-1	9.94	9.94
Fixation L	1	16	6381748515	6382115760	367245	912.46	68.24	78	11	-1	9.64	9.64
Fixation R	1	15	6381748515	6382115760	367245	912.46	68.24	78	11	-1	9.89	9.89
Fixation L	1	17	6382174138	6382332633	158495	118.08	148.63	56	42	-1	9.60	9.60
Fixation R	1	16	6382174138	6382332633	158495	118.08	148.63	56	42	-1	10.20	10.20
Fixation L	1	18	6382341009	6382441133	100124	105.07	149.11	11	14	-1	9.65	9.65
Fixation R	1	17	6382341009	6382441133	100124	105.07	149.11	11	14	-1	10.11	10.11
Fixation L	1	19	6382449505	6382649750	200245	224.10	137.76	51	14	-1	9.94	9.94
Fixation R	1	18	6382449505	6382649750	200245	224.10	137.76	51	14	-1	10.23	10.23
Fixation L	1	20	6382658138	6382900121	241983	341.07	82.28	37	41	-1	9.91	9.91
Fixation R	1	19	6382658138	6382900121	241983	341.07	82.28	37	41	-1	10.11	10.11
Fixation L	1	21	6382908504	6383008626	100122	472.72	73.70	92	6	-1	9.96	9.96
Fixation R	1	20	6382908504	6383008626	100122	472.72	73.70	92	6	-1	10.06	10.06
Fixation L	1	22	6383016872	6383192116	175244	478.38	84.39	10	8	-1	9.89	9.89
Fixation R	1	21	6383016872	6383192116	175244	478.38	84.39	10	8	-1	10.00	10.00
Fixation L	1	23	6383200492	6383358998	158506	618.97	90.12	66	20	-1	9.66	9.66
Fixation R	1	22	6383200492	6383358998	158506	618.97	90.12	66	20	-1	9.87	9.87
Fixation L	1	24	6383484240	6383851357	367117	780.18	120.03	71	16	-1	9.86	9.86
Fixation R	1	23	6383484240	6383851357	367117	780.18	120.03	71	16	-1	10.19	10.19
Fixation L	1	25	6383859739	6384118354	258615	889.78	126.58	38	58	-1	9.94	9.94
Fixation R	1	24	6384118354	6384293602	175248	842.75	130.04	33	58	-1	10.33	10.33
Fixation L	1	26	6384126728	6384301981	175253	840.71	127.57	25	58	-1	9.88	9.88
Fixation R	1	25	6384310356	6384585729	275373	730.96	104.88	80	19	-1	10.46	10.46
Fixation L	1	27	6384635726	6384769219	133493	920.78	124.95	33	22	-1	9.41	9.41
Fixation R	1	26	6384635726	6384852718	216992	921.48	122.19	44	22	-1	10.34	10.34
Fixation R	1	27	6384911097	6385094713	183616	113.76	196.01	43	56	-1	10.59	10.59
Fixation L	1	28	6384927841	6385236587	308746	117.05	205.45	30	34	-1	9.99	9.99
Fixation R	1	28	6385103097	6385319966	216869	142.19	208.90	80	19	-1	10.31	10.31
Fixation L	1	29	6385244968	6385603713	358745	179.32	185.16	31	33	-1	9.96	9.96
Fixation R	1	29	6385328336	6385603713	275377	179.20	179.90	17	26	-1	10.18	10.18
Fixation L	1	30	6385612082	6385954209	342127	291.23	165.04	25	26	-1	9.88	9.88
Fixation R	1	30	6385612082	6385954209	342127	291.23	165.04	25	26	-1	10.19	10.19
Fixation L	1	31	6385970827	6386196197	225370	492.15	169.58	33	27	-1	9.79	9.79
Fixation R	1	31	6385970827	6386196197	225370	492.15	169.58	33	27	-1	10.19	10.19
Fixation R	1	32	6386204582	6386329699	125117	355.93	195.16	39	29	-1	10.36	10.36
Fixation L	1	32	6386446567	6386997310	550743	293.02	205.66	61	25	-1	9.78	9.78
Fixation R	1	33	6386446567	6386997310	550743	293.02	205.66	61	25	-1	10.18	10.18
Fixation L	1	33	6387005565	6387155814	150249	360.08	206.78	52	3	-1	9.79	9.79
Fixation R	1	34	6387005565	6387155814	150249	360.08	206.78	52	3	-1	10.15	10.15
Fixation R	1	35	6387172558	6387556305	383747	279.17	231.67	45	36	-1	10.25	10.25
Fixation L	1	34	6387589675	6387881797	292122	207.96	226.56	9	22	-1	9.80	9.80
Fixation R	1	36	6387589675	6387881797	292122	207.96	226.56	9	22	-1	10.24	10.24
Fixation L	1	35	6387898424	6388107044	208620	409.41	211.27	75	17	-1	10.00	10.00
Fixation R	1	37	6387898424	6388107044	208620	409.41	211.27	75	17	-1	10.33	10.33
Fixation L	1	36	6388115423	6388374171	258748	501.88	215.19	16	5	-1	9.99	9.99
Fixation R	1	38	6388115423	6388374171	258748	501.88	215.19	16	5	-1	10.26	10.26
Fixation L	1	37	6388382419	6388566038	183619	657.09	219.17	67	3	-1	9.92	9.92
Fixation R	1	39	6388382419	6388566038	183619	657.09	219.17	67	3	-1	10.22	10.22
Fixation L	1	38	6388574417	6388791284	216867	774.02	213.90	17	11	-1	9.87	9.87
Fixation R	1	40	6388574417	6388791284	216867	774.02	213.90	17	11	-1	10.22	10.22
Fixation L	1	39	6388833038	6389066657	233619	145.63	282.86	65	29	-1	9.70	9.70
Fixation R	1	41	6388833038	6389066657	233619	145.63	282.86	65	29	-1	10.30	10.30
Fixation R	1	42	6389075037	6389317025	241988	254.78	277.82	77	17	-1	10.24	10.24
Fixation L	1	40	6389325410	6389509023	183613	425.86	264.24	74	9	-1	9.96	9.96
Fixation R	1	43	6389325410	6389509023	183613	425.86	264.24	74	9	-1	10.31	10.31
Fixation L	1	41	6389517272	6389725902	208630	561.37	273.90	22	20	-1	9.82	9.82
Fixation R	1	44	6389517272	6389725902	208630	561.37	273.90	22	20	-1	10.15	10.15
Fixation L	1	42	6389734274	6390176517	442243	640.41	274.62	78	20	-1	9.72	9.72
Fixation R	1	45	6389734274	6390176517	442243	640.41	274.62	78	20	-1	10.00	10.00
Fixation L	1	43	6390184887	6390585382	400495	597.44	280.11	70	17	-1	9.66	9.66
Fixation R	1	46	6390184887	6390585382	400495	597.44	280.11	70	17	-1	9.92	9.92
Fixation L	1	44	6390593756	6390718882	125126	728.79	276.16	75	21	-1	9.49	9.49
Fixation R	1	47	6390593756	6390718882	125126	728.79	276.16	75	21	-1	10.06	10.06
Fixation L	1	45	6390727263	6390844129	116866	743.85	258.72	11	8	-1	9.60	9.60
Fixation R	1	48	6390727263	6390844129	116866	743.85	258.72	11	8	-1	9.98	9.98
Fixation L	1	46	6390885879	6390994256	108377	128.17	319.33	61	38	-1	9.52	9.52
Fixation R	1	49	6390885879	6390994256	108377	128.17	319.33	61	38	-1	10.07	10.07
Fixation L	1	47	6391002629	6391127756	125127	116.07	324.19	6	6	-1	9.41	9.41
Fixation R	1	50	6391002629	6391127756	125127	116.07	324.19	6	6	-1	9.94	9.94
Fixation L	1	48	6391136127	6391361496	225369	235.46	330.52	13	4	-1	9.58	9.58
Fixation R	1	51	6391136127	6391361496	225369	235.46	330.52	13	4	-1	10.04	10.04
Fixation L	1	49	6391369744	6391611739	241995	388.22	322.36	34	10	-1	9.50	9.50
Fixation R	1	52	6391369744	6391611739	241995	388.22	322.36	34	10	-1	9.89	9.89
Fixation L	1	50	6391620115	6391803740	183625	520.37	327.99	35	14	-1	9.48	9.48
Fixation R	1	53	6391620115	6391803740	183625	520.37	327.99	35	14	-1	9.84	9.84
Fixation L	1	51	6391812113	6392104112	291999	643.62	341.98	73	20	-1	9.47	9.47
Fixation R	1	54	6391812113	6392104112	291999	643.62	341.98	73	20	-1	9.85	9.85
Fixation L	1	52	6392112483	6392262605	150122	724.30	333.33	22	21	-1	9.69	9.69
Fixation R	1	55	6392112483	6392262605	150122	724.30	333.33	22	21	-1	9.89	9.89
Fixation L	1	53	6392304359	6392462980	158621	183.54	368.56	65	27	-1	9.61	9.61
Fixation R	1	56	6392304359	6392462980	158621	183.54	368.56	65	27	-1	10.08	10.08
Fixation L	1	54	6392471228	6392663225	191997	104.67	386.33	42	16	-1	9.71	9.71
Fixation R	1	57	6392471228	6392663225	191997	104.67	386.33	42	16	-1	10.06	10.06
Fixation L	1	55	6392679853	6393013722	333869	309.29	393.30	51	21	-1	9.89	9.89
Fixation R	1	58	6392679853	6393013722	333869	309.29	393.30	51	21	-1	10.20	10.20
Fixation L	1	56	6393021972	6393205596	183624	494.46	394.78	62	15	-1	9.80	9.80
Fixation R	1	59	6393021972	6393205596	183624	494.46	394.78	62	15	-1	10.30	10.30
Fixation L	1	57	6393213968	6393681218	467250	576.08	396.75	77	10	-1	9.63	9.63
Fixation R	1	60	6393213968	6393681218	467250	576.08	396.75	77	10	-1	10.07	10.07
Fixation L	1	58	6393689586	6393839837	150251	721.23	392.45	32	7	-1	9.78	9.78
Fixation R	1	61	6393689586	6393839837	150251	721.23	392.45	32	7	-1	9.96	9.96
Fixation L	1	59	6393998333	6394307077	308744	862.01	385.63	78	20	-1	9.77	9.77
Fixation R	1	62	6393998333	6394307077	308744	862.01	385.63	78	20	-1	10.09	10.09
Fixation L	1	60	6394382203	6394532329	150126	148.03	441.28	72	22	-1	9.61	9.61
Fixation R	1	63	6394382203	6394532329	150126	148.03	441.28	72	22	-1	10.19	10.19
Fixation L	1	61	6394540696	6394724319	183623	92.35	456.71	40	29	-1	9.66	9.66
Fixation R	1	64	6394540696	6394724319	183623	92.35	456.71	40	29	-1	10.03	10.03
Fixation L	1	62	6394732704	6395066443	333739	267.85	453.28	78	15	-1	9.84	9.84
Fixation R	1	65	6394732704	6395066443	333739	267.85	453.28	78	15	-1	10.19	10.19
Fixation L	1	63	6395074815	6395316814	241999	180.65	455.71	23	7	-1	9.67	9.67
Fixation R	1	66	6395074815	6395316814	241999	180.65	455.71	23	7	-1	9.97	9.97
Fixation L	1	64	6395325062	6395633811	308749	377.47	454.16	46	23	-1	9.75	9.75
Fixation R	1	67	6395325062	6395633811	308749	377.47	454.16	46	23	-1	10.18	10.18
Fixation L	1	65	6395650558	6395975927	325369	563.87	454.22	17	12	-1	9.75	9.75
Fixation R	1	68	6395650558	6395975927	325369	563.87	454.22	17	12	-1	10.15	10.15
Fixation L	1	66	6395984307	6396109552	125245	748.29	457.21	94	5	-1	9.69	9.69
Fixation R	1	69	6395984307	6396109552	125245	748.29	457.21	94	5	-1	10.04	10.04
Fixation L	1	67	6396192925	6396343171	150246	856.95	455.81	29	11	-1	9.60	9.60
Fixation R	1	70	6396192925	6396343171	150246	856.95	455.81	29	11	-1	9.97	9.97
Fixation L	1	68	6396393173	6396560043	166870	101.57	510.92	66	32	-1	9.47	9.47
Fixation R	1	71	6396393173	6396560043	166870	101.57	510.92	66	32	-1	9.97	9.97
Fixation L	1	69	6396568421	6396785418	216997	132.82	501.73	83	11	-1	9.56	9.56
Fixation R	1	72	6396568421	6396785418	216997	132.82	501.73	83	11	-1	9.84	9.84
Fixation L	1	70	6396902287	6397002411	100124	312.53	497.45	44	44	-1	9.78	9.78
Fixation R	1	73	6396902287	6397002411	100124	312.53	497.45	44	44	-1	10.41	10.41
Fixation L	1	71	6397019037	6397236034	216997	456.72	494.88	20	21	-1	9.72	9.72
Fixation R	1	74	6397019037	6397236034	216997	456.72	494.88	20	21	-1	10.34	10.34
Fixation L	1	72	6397244408	6397411281	166873	581.76	509.24	79	8	-1	9.96	9.96
Fixation R	1	75	6397244408	6397411281	166873	581.76	509.24	79	8	-1	10.49	10.49
Fixation L	1	73	6397419529	6397803397	383868	684.25	507.90	66	13	-1	9.78	9.78
Fixation R	1	76	6397419529	6397803397	383868	684.25	507.90	66	13	-1	10.29	10.29
Fixation L	1	74	6397811774	6398078767	266993	880.17	502.50	74	17	-1	9.57	9.57
Fixation R	1	77	6397811774	6398078767	266993	880.17	502.50	74	17	-1	10.04	10.04
Fixation L	1	75	6398137275	6398446015	308740	111.79	577.22	45	23	-1	9.58	9.58
Fixation R	1	78	6398137275	6398446015	308740	111.79	577.22	45	23	-1	10.02	10.02
Fixation L	1	76	6398454261	6398621134	166873	268.94	557.19	76	21	-1	9.84	9.84
Fixation R	1	79	6398454261	6398621134	166873	268.94	557.19	76	21	-1	10.10	10.10
Fixation L	1	77	6398637889	6398804757	166868	402.07	564.02	77	9	-1	9.87	9.87
Fixation R	1	80	6398637889	6398804757	166868	402.07	564.02	77	9	-1	10.35	10.35
Fixation L	1	78	6398813134	6399063505	250371	602.08	570.44	39	8	-1	9.85	9.85
Fixation R	1	81	6398813134	6399063505	250371	602.08	570.44	39	8	-1	10.47	10.47
Fixation L	1	79	6399071753	6399288756	217003	716.28	565.37	31	22	-1	9.79	9.79
Fixation R	1	82	6399071753	6399288756	217003	716.28	565.37	31	22	-1	10.13	10.13
Fixation L	1	80	6399297124	6399881240	584116	802.65	563.97	25	11	-1	9.59	9.59
Fixation R	1	83	6399297124	6399881240	584116	802.65	563.97	25	11	-1	10.16	10.16
Fixation L	1	81	6399931238	6400181610	250372	112.73	633.02	46	44	-1	9.44	9.44
Fixation R	1	84	6399931238	6400181610	250372	112.73	633.02	46	44	-1	9.92	9.92
Fixation L	1	82	6400189993	6400415236	225243	232.22	620.24	67	19	-1	9.80	9.80
Fixation R	1	85	6400189993	6400415236	225243	232.22	620.24	67	19	-1	9.75	9.75
Fixation L	1	83	6400423608	6400682353	258745	406.25	624.90	24	11	-1	9.97	9.97
Fixation R	1	86	6400423608	6400682353	258745	406.25	624.90	24	11	-1	10.37	10.37
Fixation L	1	84	6400690608	6401007723	317115	533.35	625.74	69	16	-1	10.01	10.01
Fixation R	1	87	6400690608	6401007723	317115	533.35	625.74	69	16	-1	10.58	10.58
Fixation L	1	85	6401016101	6401174595	158494	594.24	636.14	19	9	-1	10.11	10.11
Fixation R	1	88	6401016101	6401174595	158494	594.24	636.14	19	9	-1	10.56	10.56
Fixation L	1	86	6401182974	6401408216	225242	696.93	631.58	13	11	-1	9.89	9.89
Fixation R	1	89	6401182974	6401408216	225242	696.93	631.58	13	11	-1	10.31	10.31
Fixation L	1	87	6401416595	6401641970	225375	815.93	624.81	34	13	-1	9.69	9.69
Fixation R	1	90	6401416595	6401641970	225375	815.93	624.81	34	13	-1	10.24	10.24
Fixation L	1	88	6401700339	6401917338	216999	114.79	694.27	27	17	-1	9.53	9.53
Fixation R	1	91	6401700339	6401917338	216999	114.79	694.27	27	17	-1	10.02	10.02
Fixation L	1	89	6401925587	6402009087	83500	286.68	681.53	78	20	-1	9.90	9.90
Fixation R	1	92	6401925587	6402009087	83500	286.68	681.53	78	20	-1	10.06	10.06
Fixation L	1	90	6402100835	6402459707	358872	514.44	693.11	40	21	-1	10.14	10.14
Fixation R	1	93	6402100835	6402459707	358872	514.44	693.11	40	21	-1	10.83	10.83
Fixation L	1	91	6402468080	6402760075	291995	703.09	687.82	74	11	-1	10.17	10.17
Fixation R	1	94	6402468080	6402760075	291995	703.09	687.82	74	11	-1	10.55	10.55
Fixation L	1	92	6402768447	6402952070	183623	779.36	686.47	12	6	-1	9.86	9.86
Fixation R	1	95	6402768447	6402952070	183623	779.36	686.47	12	6	-1	10.38	10.38
Fixation L	1	93	6403052196	6403185703	133507	171.92	22.23	61	4	-1	9.78	9.78
Fixation R	1	96	6403052196	6403185703	133507	171.92	22.23	61	4	-1	10.25	10.25

