[BeGaze]
Converted from:	C:\Program Files\SMI\Experiment Suite 360\Experiment Center 2\Results\Readability_First_01\P02-eye_data.idf
Date:	02.08.2013 11:27:26
Version:	BeGaze 3.2.28
Sample Rate:	120
Subject:	P02
Description:	Run2

Table Header for Fixations:
Event Type	Trial	Number	Start	End	Duration	Location X	Location Y	Dispersion X	Dispersion Y	Plane	Avg. Pupil Size X	Avg. Pupil Size Y


Fixation L	1	1	5249391422	5249691791	300369	-54.75	90.11	79	16	-1	0.00	0.00
Fixation R	1	1	5249391422	5249691791	300369	-54.75	90.11	79	16	-1	10.21	10.21
Fixation L	1	2	5249725166	5250050535	325369	-23.02	96.24	80	15	-1	0.00	0.00
Fixation R	1	2	5249725166	5250050535	325369	-23.02	96.24	80	15	-1	9.56	9.56
Fixation L	1	3	5250317664	5250426031	108367	166.72	49.78	18	7	-1	0.00	0.00
Fixation R	1	3	5250317664	5250426031	108367	166.72	49.78	18	7	-1	10.27	10.27
Fixation L	1	4	5250526275	5250726525	200250	284.02	42.74	85	3	-1	0.00	0.00
Fixation R	1	4	5250526275	5250726525	200250	284.02	42.74	85	3	-1	10.29	10.29
Fixation L	1	5	5250734783	5250893398	158615	397.83	42.29	9	32	-1	0.00	0.00
Fixation R	1	5	5250734783	5250893398	158615	397.83	42.29	9	32	-1	10.12	10.12
Fixation L	1	6	5250943398	5251293891	350493	548.04	41.97	33	21	-1	0.00	0.00
Fixation R	1	6	5250943398	5251293891	350493	548.04	41.97	33	21	-1	10.17	10.17
Fixation L	1	7	5251327270	5251586014	258744	559.33	44.17	88	11	-1	0.00	0.00
Fixation R	1	7	5251327270	5251586014	258744	559.33	44.17	88	11	-1	10.20	10.20
Fixation L	1	8	5251594260	5251694514	100254	601.01	17.19	9	26	-1	0.00	0.00
Fixation R	1	8	5251594260	5251694514	100254	601.01	17.19	9	26	-1	10.10	10.10
Fixation L	1	9	5251727888	5252095004	367116	608.13	44.27	51	36	-1	0.00	0.00
Fixation R	1	9	5251727888	5252095004	367116	608.13	44.27	51	36	-1	10.20	10.20
Fixation L	1	10	5252128385	5252495498	367113	643.10	47.22	7	18	-1	0.00	0.00
Fixation R	1	10	5252128385	5252495498	367113	643.10	47.22	7	18	-1	10.36	10.36
Fixation L	1	11	5252528877	5252896117	367240	616.17	48.36	72	23	-1	0.00	0.00
Fixation R	1	11	5252528877	5252896117	367240	616.17	48.36	72	23	-1	10.45	10.45
Fixation L	1	12	5252929369	5253188117	258748	557.49	46.04	80	14	-1	0.00	0.00
Fixation R	1	12	5252929369	5253188117	258748	557.49	46.04	80	14	-1	10.52	10.52
Fixation L	1	13	5253329989	5253530231	200242	-66.67	164.56	75	19	-1	0.00	0.00
Fixation R	1	13	5253329989	5253530231	200242	-66.67	164.56	75	19	-1	10.19	10.19
Fixation L	1	14	5253546984	5253630356	83372	73.18	133.37	61	36	-1	0.00	0.00
Fixation R	1	14	5253546984	5253630356	83372	73.18	133.37	61	36	-1	10.43	10.43
Fixation L	1	15	5253730491	5253847355	116864	56.70	108.54	16	12	-1	0.00	0.00
Fixation R	1	15	5253730491	5253847355	116864	56.70	108.54	16	12	-1	10.27	10.27
Fixation L	1	16	5253855729	5254039231	183502	263.82	83.15	76	21	-1	0.00	0.00
Fixation R	1	16	5253855729	5254039231	183502	263.82	83.15	76	21	-1	10.31	10.31
Fixation L	1	17	5254214475	5254373094	158619	487.91	79.66	56	25	-1	0.00	0.00
Fixation R	1	17	5254214475	5254373094	158619	487.91	79.66	56	25	-1	10.19	10.19
Fixation L	1	18	5254381344	5254498218	116874	559.50	96.42	34	3	-1	0.00	0.00
Fixation R	1	18	5254381344	5254498218	116874	559.50	96.42	34	3	-1	10.07	10.07
Fixation L	1	19	5254531596	5254648466	116870	572.15	85.69	65	24	-1	0.00	0.00
Fixation R	1	19	5254531596	5254648466	116870	572.15	85.69	65	24	-1	10.07	10.07
Fixation L	1	20	5254656717	5254848712	191995	671.17	78.50	34	20	-1	0.00	0.00
Fixation R	1	20	5254656717	5254848712	191995	671.17	78.50	34	20	-1	10.17	10.17
Fixation L	1	21	5254932090	5255299330	367240	571.79	75.67	49	27	-1	0.00	0.00
Fixation R	1	21	5254932090	5255299330	367240	571.79	75.67	49	27	-1	10.19	10.19
Fixation L	1	22	5255332710	5255616332	283622	493.65	81.24	16	9	-1	0.00	0.00
Fixation R	1	22	5255332710	5255616332	283622	493.65	81.24	16	9	-1	10.08	10.08
Fixation L	1	23	5255741583	5255958570	216987	-57.96	211.32	64	25	-1	0.00	0.00
Fixation R	1	23	5255741583	5255958570	216987	-57.96	211.32	64	25	-1	9.84	9.84
Fixation L	1	24	5255966824	5256100318	133494	72.99	192.81	60	19	-1	0.00	0.00
Fixation R	1	24	5255966824	5256100318	133494	72.99	192.81	60	19	-1	10.10	10.10
Fixation L	1	25	5256133696	5256334066	200370	64.49	175.10	41	23	-1	0.00	0.00
Fixation R	1	25	5256133696	5256334066	200370	64.49	175.10	41	23	-1	9.97	9.97
Fixation L	1	26	5256342322	5256500938	158616	235.41	139.33	13	34	-1	0.00	0.00
Fixation R	1	26	5256342322	5256500938	158616	235.41	139.33	13	34	-1	9.85	9.85
Fixation L	1	27	5256559310	5256734559	175249	357.44	131.54	55	23	-1	0.00	0.00
Fixation R	1	27	5256559310	5256734559	175249	357.44	131.54	55	23	-1	9.71	9.71
Fixation L	1	28	5256742943	5256826309	83366	452.02	136.75	51	15	-1	0.00	0.00
Fixation R	1	28	5256742943	5256826309	83366	452.02	136.75	51	15	-1	9.64	9.64
Fixation L	1	29	5256934808	5257243559	308751	609.29	115.54	53	20	-1	0.00	0.00
Fixation R	1	29	5256934808	5257243559	308751	609.29	115.54	53	20	-1	9.77	9.77
Fixation L	1	30	5257335301	5257627421	292120	566.32	34.40	61	26	-1	0.00	0.00
Fixation R	1	30	5257335301	5257627421	292120	566.32	34.40	61	26	-1	10.00	10.00
Fixation L	1	31	5257802668	5258036286	233618	-0.74	2.64	21	76	-1	0.00	0.00
Fixation L	1	32	5258136415	5258286659	150244	110.34	97.83	25	25	-1	0.00	0.00
Fixation R	1	31	5258136415	5258286659	150244	110.34	97.83	25	25	-1	10.15	10.15
Fixation L	1	33	5258303286	5258428533	125247	328.53	75.57	27	15	-1	0.00	0.00
Fixation R	1	32	5258303286	5258428533	125247	328.53	75.57	27	15	-1	10.13	10.13
Fixation L	1	34	5258537038	5258637155	100117	587.38	152.10	12	19	-1	0.00	0.00
Fixation R	1	33	5258537038	5258637155	100117	587.38	152.10	12	19	-1	10.27	10.27
Fixation L	1	35	5258645413	5258862403	216990	592.03	38.87	25	67	-1	0.00	0.00
Fixation R	1	34	5258645413	5258862403	216990	592.03	38.87	25	67	-1	10.36	10.36
Fixation L	1	36	5258937529	5259096025	158496	611.68	93.86	12	69	-1	0.00	0.00
Fixation R	1	35	5258937529	5259096025	158496	611.68	93.86	12	69	-1	10.48	10.48
Fixation L	1	37	5259104397	5259304644	200247	560.50	206.25	57	23	-1	0.00	0.00
Fixation R	1	36	5259104397	5259304644	200247	560.50	206.25	57	23	-1	10.61	10.61
Fixation L	1	38	5259338023	5259588390	250367	529.93	193.56	55	18	-1	0.00	0.00
Fixation R	1	37	5259338023	5259588390	250367	529.93	193.56	55	18	-1	10.57	10.57
Fixation L	1	39	5259596775	5259705265	108490	605.43	183.81	11	8	-1	0.00	0.00
Fixation R	1	38	5259596775	5259705265	108490	605.43	183.81	11	8	-1	10.45	10.45
Fixation L	1	40	5259738641	5260105760	367119	572.34	188.27	81	10	-1	0.00	0.00
Fixation R	1	39	5259738641	5260105760	367119	572.34	188.27	81	10	-1	10.42	10.42
Fixation L	1	41	5260139137	5260289380	150243	527.48	190.15	26	4	-1	0.00	0.00
Fixation R	1	40	5260139137	5260289380	150243	527.48	190.15	26	4	-1	10.35	10.35
Fixation L	1	42	5260297636	5260456254	158618	611.01	188.45	46	10	-1	0.00	0.00
Fixation R	1	41	5260297636	5260456254	158618	611.01	188.45	46	10	-1	10.43	10.43
Fixation L	1	43	5260539631	5260689881	150250	-30.77	301.15	82	15	-1	0.00	0.00
Fixation R	1	42	5260539631	5260689881	150250	-30.77	301.15	82	15	-1	10.28	10.28
Fixation L	1	44	5260973497	5261307368	333871	179.06	263.44	35	12	-1	0.00	0.00
Fixation R	1	43	5260973497	5261307368	333871	179.06	263.44	35	12	-1	10.30	10.30
Fixation L	1	45	5261340745	5261682859	342114	253.67	250.82	31	25	-1	0.00	0.00
Fixation R	1	44	5261340745	5261682859	342114	253.67	250.82	31	25	-1	10.06	10.06
Fixation L	1	46	5261741236	5262100114	358878	366.84	247.06	51	19	-1	0.00	0.00
Fixation R	1	45	5261741236	5262100114	358878	366.84	247.06	51	19	-1	10.00	10.00
Fixation L	1	47	5262141856	5262383851	241995	490.86	245.10	71	11	-1	0.00	0.00
Fixation R	1	46	5262141856	5262383851	241995	490.86	245.10	71	11	-1	9.98	9.98
Fixation L	1	48	5262542348	5262826096	283748	655.18	238.89	87	12	-1	0.00	0.00
Fixation R	1	47	5262542348	5262826096	283748	655.18	238.89	87	12	-1	10.11	10.11
Fixation L	1	49	5262951220	5263109840	158620	-50.57	366.82	83	12	-1	0.00	0.00
Fixation R	1	48	5262951220	5263109840	158620	-50.57	366.82	83	12	-1	9.85	9.85
Fixation L	1	50	5263376839	5263610455	233616	0.68	357.93	65	34	-1	0.00	0.00
Fixation R	1	49	5263376839	5263610455	233616	0.68	357.93	65	34	-1	10.07	10.07
Fixation L	1	51	5263627084	5263710579	83495	111.58	319.55	70	20	-1	0.00	0.00
Fixation R	1	50	5263627084	5263710579	83495	111.58	319.55	70	20	-1	10.12	10.12
Fixation L	1	52	5263827455	5264111076	283621	280.32	297.22	74	23	-1	0.00	0.00
Fixation R	1	51	5263827455	5264111076	283621	280.32	297.22	74	23	-1	9.89	9.89
Fixation L	1	53	5264144450	5264411567	267117	433.85	289.60	62	12	-1	0.00	0.00
Fixation R	1	52	5264144450	5264411567	267117	433.85	289.60	62	12	-1	9.81	9.81
Fixation L	1	54	5264419816	5264511695	91879	530.27	288.75	53	5	-1	0.00	0.00
Fixation R	1	53	5264419816	5264511695	91879	530.27	288.75	53	5	-1	9.86	9.86
Fixation L	1	55	5264545075	5264720186	175111	538.37	289.18	22	8	-1	0.00	0.00
Fixation R	1	54	5264545075	5264720186	175111	538.37	289.18	22	8	-1	9.94	9.94
Fixation L	1	56	5264728566	5264903817	175251	435.75	287.96	81	16	-1	0.00	0.00
Fixation R	1	55	5264728566	5264903817	175251	435.75	287.96	81	16	-1	9.97	9.97
Fixation L	1	57	5264945564	5265087433	141869	297.64	302.24	12	12	-1	0.00	0.00
Fixation R	1	56	5264945564	5265087433	141869	297.64	302.24	12	12	-1	10.06	10.06
Fixation L	1	58	5265104060	5265312678	208618	565.10	279.32	51	34	-1	0.00	0.00
Fixation R	1	57	5265104060	5265312678	208618	565.10	279.32	51	34	-1	10.20	10.20
Fixation L	1	59	5265412928	5265563059	150131	686.98	277.93	47	14	-1	0.00	0.00
Fixation R	1	58	5265412928	5265563059	150131	686.98	277.93	47	14	-1	10.05	10.05
Fixation L	1	60	5265621426	5265713299	91873	-69.44	428.75	77	12	-1	0.00	0.00
Fixation R	1	59	5265621426	5265713299	91873	-69.44	428.75	77	12	-1	10.04	10.04
Fixation L	1	61	5265746677	5265888545	141868	-81.32	423.93	86	5	-1	0.00	0.00
Fixation R	1	60	5265746677	5265888545	141868	-81.32	423.93	86	5	-1	10.06	10.06
Fixation L	1	62	5265896795	5266038669	141874	124.26	379.12	53	46	-1	0.00	0.00
Fixation R	1	61	5265896795	5266038669	141874	124.26	379.12	53	46	-1	10.17	10.17
Fixation L	1	63	5266147170	5266230668	83498	217.09	365.92	11	8	-1	0.00	0.00
Fixation R	1	62	5266147170	5266230668	83498	217.09	365.92	11	8	-1	10.07	10.07
Fixation L	1	64	5266238917	5266414162	175245	374.85	358.35	32	11	-1	0.00	0.00
Fixation R	1	63	5266238917	5266414162	175245	374.85	358.35	32	11	-1	10.07	10.07
Fixation L	1	65	5266422536	5266514288	91752	505.08	342.56	12	28	-1	0.00	0.00
Fixation R	1	64	5266422536	5266514288	91752	505.08	342.56	12	28	-1	9.95	9.95
Fixation L	1	66	5266547789	5266664537	116748	509.21	335.24	9	16	-1	0.00	0.00
Fixation R	1	65	5266547789	5266664537	116748	509.21	335.24	9	16	-1	9.94	9.94
Fixation L	1	67	5266672908	5266914905	241997	600.82	335.64	17	16	-1	0.00	0.00
Fixation R	1	66	5266672908	5266914905	241997	600.82	335.64	17	16	-1	9.89	9.89
Fixation L	1	68	5266948284	5267098401	150117	594.99	340.61	32	9	-1	0.00	0.00
Fixation R	1	67	5266948284	5267098401	150117	594.99	340.61	32	9	-1	9.88	9.88
Fixation L	1	69	5267106783	5267315400	208617	714.90	333.77	24	9	-1	0.00	0.00
Fixation R	1	68	5267106783	5267315400	208617	714.90	333.77	24	9	-1	9.80	9.80
Fixation L	1	70	5267407275	5267549023	141748	-53.68	468.88	72	7	-1	0.00	0.00
Fixation R	1	69	5267407275	5267549023	141748	-53.68	468.88	72	7	-1	9.97	9.97
Fixation L	1	71	5267907898	5267991263	83365	99.55	442.33	59	38	-1	0.00	0.00
Fixation R	1	70	5267907898	5267991263	83365	99.55	442.33	59	38	-1	9.99	9.99
Fixation L	1	72	5268149891	5268300136	150245	-34.97	495.47	38	19	-1	0.00	0.00
Fixation R	1	71	5268149891	5268300136	150245	-34.97	495.47	38	19	-1	10.30	10.30
Fixation L	1	73	5268308388	5268400264	91876	-51.78	416.42	62	36	-1	0.00	0.00
Fixation R	1	72	5268308388	5268400264	91876	-51.78	416.42	62	36	-1	10.14	10.14
Fixation L	1	74	5268408511	5268500382	91871	-78.72	414.75	90	9	-1	0.00	0.00
Fixation R	1	73	5268408511	5268500382	91871	-78.72	414.75	90	9	-1	10.20	10.20
Fixation L	1	75	5269017750	5269184625	166875	46.77	456.94	29	17	-1	0.00	0.00
Fixation R	1	74	5269017750	5269184625	166875	46.77	456.94	29	17	-1	10.51	10.51
Fixation L	1	76	5269201245	5269318122	116877	234.20	421.01	10	31	-1	0.00	0.00
Fixation R	1	75	5269201245	5269318122	116877	234.20	421.01	10	31	-1	10.66	10.66
Fixation L	1	77	5269393242	5269718613	325371	423.61	402.63	29	18	-1	0.00	0.00
Fixation R	1	76	5269393242	5269718613	325371	423.61	402.63	29	18	-1	10.33	10.33
Fixation L	1	78	5269751990	5269910613	158623	393.69	418.20	7	8	-1	0.00	0.00
Fixation R	1	77	5269751990	5269910613	158623	393.69	418.20	7	8	-1	10.10	10.10
Fixation L	1	79	5269918858	5270119233	200375	479.85	407.22	42	15	-1	0.00	0.00
Fixation R	1	78	5269918858	5270119233	200375	479.85	407.22	42	15	-1	10.00	10.00
Fixation L	1	80	5270152608	5270352852	200244	442.69	416.77	60	15	-1	0.00	0.00
Fixation R	1	79	5270152608	5270352852	200244	442.69	416.77	60	15	-1	10.04	10.04
Fixation L	1	81	5270386232	5270519725	133493	-41.78	537.26	65	14	-1	0.00	0.00
Fixation R	1	80	5270386232	5270519725	133493	-41.78	537.26	65	14	-1	10.05	10.05
Fixation L	1	82	5270619847	5270886854	267007	85.06	506.88	26	18	-1	0.00	0.00
Fixation R	1	81	5270619847	5270886854	267007	85.06	506.88	26	18	-1	10.23	10.23
Fixation L	1	83	5270953599	5271045469	91870	294.36	478.44	13	16	-1	0.00	0.00
Fixation R	1	82	5270953599	5271045469	91870	294.36	478.44	13	16	-1	10.35	10.35
Fixation L	1	84	5271053717	5271320838	267121	385.75	484.95	11	14	-1	0.00	0.00
Fixation R	1	83	5271053717	5271320838	267121	385.75	484.95	11	14	-1	10.22	10.22
Fixation L	1	85	5271354217	5271621208	266991	508.82	456.28	55	39	-1	0.00	0.00
Fixation R	1	84	5271354217	5271621208	266991	508.82	456.28	55	39	-1	10.22	10.22
Fixation L	1	86	5271629584	5271721334	91750	583.27	453.92	15	10	-1	0.00	0.00
Fixation R	1	85	5271629584	5271721334	91750	583.27	453.92	15	10	-1	10.15	10.15
Fixation L	1	87	5271754711	5271838209	83498	582.79	450.82	75	7	-1	0.00	0.00
Fixation R	1	86	5271754711	5271838209	83498	582.79	450.82	75	7	-1	10.21	10.21
Fixation L	1	88	5271879830	5272013458	133628	-62.03	595.56	81	8	-1	0.00	0.00
Fixation R	1	87	5271879830	5272013458	133628	-62.03	595.56	81	8	-1	10.16	10.16
Fixation L	1	89	5272247074	5272397199	150125	-4.95	580.43	53	23	-1	0.00	0.00
Fixation R	1	88	5272247074	5272397199	150125	-4.95	580.43	53	23	-1	10.36	10.36
Fixation L	1	90	5272413948	5272522446	108498	162.84	563.00	8	20	-1	0.00	0.00
Fixation R	1	89	5272413948	5272522446	108498	162.84	563.00	8	20	-1	10.48	10.48
Fixation L	1	91	5272555823	5272714323	158500	174.86	550.65	13	13	-1	0.00	0.00
Fixation R	1	90	5272555823	5272714323	158500	174.86	550.65	13	13	-1	10.41	10.41
Fixation L	1	92	5272722690	5272814446	91756	286.67	539.20	29	24	-1	0.00	0.00
Fixation R	1	91	5272722690	5272814446	91756	286.67	539.20	29	24	-1	10.39	10.39
Fixation L	1	93	5273031437	5273206684	175247	433.61	476.32	54	42	-1	0.00	0.00
Fixation R	1	92	5273031437	5273206684	175247	433.61	476.32	54	42	-1	10.45	10.45
Fixation L	1	94	5273215066	5273315188	100122	402.40	510.61	24	13	-1	0.00	0.00
Fixation R	1	93	5273215066	5273315188	100122	402.40	510.61	24	13	-1	10.58	10.58
Fixation L	1	95	5273356812	5273573805	216993	502.70	507.48	34	12	-1	0.00	0.00
Fixation R	1	94	5273356812	5273573805	216993	502.70	507.48	34	12	-1	10.16	10.16
Fixation L	1	96	5273582181	5273724051	141870	612.33	486.61	13	20	-1	0.00	0.00
Fixation R	1	95	5273582181	5273724051	141870	612.33	486.61	13	20	-1	10.17	10.17
Fixation L	1	97	5273757432	5273949299	191867	656.48	491.67	65	20	-1	0.00	0.00
Fixation R	1	96	5273757432	5273949299	191867	656.48	491.67	65	20	-1	10.10	10.10
Fixation L	1	98	5274308167	5274525039	216872	65.89	631.45	29	12	-1	0.00	0.00
Fixation R	1	97	5274308167	5274525039	216872	65.89	631.45	29	12	-1	10.66	10.66
Fixation L	1	99	5274558419	5274717043	158624	219.79	607.90	16	21	-1	0.00	0.00
Fixation R	1	98	5274558419	5274717043	158624	219.79	607.90	16	21	-1	10.66	10.66
Fixation L	1	100	5274725414	5274883912	158498	392.28	581.29	54	37	-1	0.00	0.00
Fixation R	1	99	5274725414	5274883912	158498	392.28	581.29	54	37	-1	10.66	10.66
Fixation L	1	101	5274959038	5275309527	350489	492.97	559.52	57	22	-1	0.00	0.00
Fixation R	1	100	5274959038	5275309527	350489	492.97	559.52	57	22	-1	10.28	10.28
Fixation L	1	102	5275359538	5275726646	367108	622.65	565.93	29	20	-1	0.00	0.00
Fixation R	1	101	5275359538	5275726646	367108	622.65	565.93	29	20	-1	10.24	10.24
Fixation L	1	103	5276202391	5276527758	325367	7.21	720.61	27	39	-1	0.00	0.00
Fixation R	1	102	5276202391	5276527758	325367	7.21	720.61	27	39	-1	10.62	10.62
Fixation L	1	104	5276577883	5276903253	325370	179.13	680.33	47	41	-1	0.00	0.00
Fixation R	1	103	5276577883	5276903253	325370	179.13	680.33	47	41	-1	10.64	10.64
Fixation L	1	105	5276961758	5277111877	150119	290.94	654.30	12	8	-1	0.00	0.00
Fixation R	1	104	5276961758	5277111877	150119	290.94	654.30	12	8	-1	10.68	10.68
Fixation L	1	106	5277120254	5277328872	208618	450.74	625.65	25	37	-1	0.00	0.00
Fixation R	1	105	5277120254	5277328872	208618	450.74	625.65	25	37	-1	10.45	10.45
Fixation L	1	107	5277362249	5277595874	233625	573.91	614.08	82	12	-1	0.00	0.00
Fixation R	1	106	5277362249	5277595874	233625	573.91	614.08	82	12	-1	10.38	10.38
Fixation L	1	108	5277604244	5277729366	125122	632.88	623.52	45	6	-1	0.00	0.00
Fixation R	1	107	5277604244	5277729366	125122	632.88	623.52	45	6	-1	10.48	10.48

