[BeGaze]
Converted from:	C:\Program Files\SMI\Experiment Suite 360\Experiment Center 2\Results\Readability_First_01\P02-eye_data.idf
Date:	02.08.2013 11:27:27
Version:	BeGaze 3.2.28
Sample Rate:	120
Subject:	P02
Description:	Run2

Table Header for Fixations:
Event Type	Trial	Number	Start	End	Duration	Location X	Location Y	Dispersion X	Dispersion Y	Plane	Avg. Pupil Size X	Avg. Pupil Size Y


Fixation L	1	1	5925111590	5925261812	150222	226.69	54.35	29	7	-1	10.07	10.07
Fixation R	1	1	5925111590	5925261812	150222	226.69	54.35	29	7	-1	10.51	10.51
Fixation L	1	2	5925270184	5925520432	250248	112.80	50.46	67	12	-1	9.98	9.98
Fixation R	1	2	5925270184	5925520432	250248	112.80	50.46	67	12	-1	10.41	10.41
Fixation L	1	3	5925528804	5925854300	325496	286.28	34.68	83	13	-1	9.83	9.83
Fixation R	1	3	5925528804	5925854300	325496	286.28	34.68	83	13	-1	10.09	10.09
Fixation L	1	4	5925862551	5926104545	241994	393.43	32.33	27	11	-1	9.95	9.95
Fixation R	1	4	5925862551	5926104545	241994	393.43	32.33	27	11	-1	10.22	10.22
Fixation L	1	5	5926112922	5926388293	275371	502.44	28.01	33	15	-1	9.96	9.96
Fixation R	1	5	5926112922	5926388293	275371	502.44	28.01	33	15	-1	10.18	10.18
Fixation L	1	6	5926396666	5926588540	191874	627.30	27.20	66	15	-1	9.98	9.98
Fixation R	1	6	5926396666	5926588540	191874	627.30	27.20	66	15	-1	10.23	10.23
Fixation L	1	7	5926596911	5926805534	208623	744.58	30.03	19	10	-1	9.85	9.85
Fixation R	1	7	5926596911	5926805534	208623	744.58	30.03	19	10	-1	10.08	10.08
Fixation L	1	8	5926813913	5927030780	216867	915.69	39.43	54	24	-1	9.99	9.99
Fixation R	1	8	5926813913	5927030780	216867	915.69	39.43	54	24	-1	10.11	10.11
Fixation L	1	9	5927080903	5927222778	141875	186.88	101.06	72	17	-1	9.94	9.94
Fixation R	1	9	5927080903	5927222778	141875	186.88	101.06	72	17	-1	10.54	10.54
Fixation L	1	10	5927231154	5927539904	308750	101.65	105.54	37	28	-1	9.95	9.95
Fixation R	1	10	5927231154	5927539904	308750	101.65	105.54	37	28	-1	10.42	10.42
Fixation L	1	11	5927556528	5927873645	317117	345.54	87.13	37	30	-1	10.08	10.08
Fixation R	1	11	5927556528	5927873645	317117	345.54	87.13	37	30	-1	10.35	10.35
Fixation L	1	12	5927882019	5927998771	116752	519.89	95.73	44	17	-1	10.28	10.28
Fixation R	1	12	5927882019	5927998771	116752	519.89	95.73	44	17	-1	10.27	10.27
Fixation L	1	13	5928082265	5928424387	342122	608.27	79.59	79	20	-1	10.31	10.31
Fixation R	1	13	5928082265	5928424387	342122	608.27	79.59	79	20	-1	10.20	10.20
Fixation L	1	14	5928432761	5928591262	158501	674.39	91.18	74	17	-1	10.20	10.20
Fixation R	1	14	5928432761	5928591262	158501	674.39	91.18	74	17	-1	10.41	10.41
Fixation L	1	15	5928599634	5928824886	225252	764.53	112.68	30	19	-1	10.04	10.04
Fixation R	1	15	5928599634	5928824886	225252	764.53	112.68	30	19	-1	10.16	10.16
Fixation L	1	16	5928833253	5929358994	525741	878.09	93.23	46	36	-1	9.99	9.99
Fixation R	1	16	5928833253	5929358994	525741	878.09	93.23	46	36	-1	10.18	10.18
Fixation L	1	17	5929417371	5929742743	325372	120.62	156.08	56	22	-1	9.90	9.90
Fixation R	1	17	5929417371	5929742743	325372	120.62	156.08	56	22	-1	10.50	10.50
Fixation L	1	18	5929751117	5930076608	325491	223.65	144.98	45	10	-1	10.13	10.13
Fixation R	1	18	5929751117	5930076608	325491	223.65	144.98	45	10	-1	10.45	10.45
Fixation L	1	19	5930084989	5930418731	333742	371.88	144.35	40	12	-1	10.15	10.15
Fixation R	1	19	5930084989	5930418731	333742	371.88	144.35	40	12	-1	10.39	10.39
Fixation L	1	20	5930427106	5930677353	250247	491.15	137.20	66	25	-1	10.04	10.04
Fixation R	1	20	5930427106	5930677353	250247	491.15	137.20	66	25	-1	10.21	10.21
Fixation L	1	21	5930685725	5930860970	175245	635.99	154.17	53	10	-1	9.98	9.98
Fixation R	1	21	5930685725	5930860970	175245	635.99	154.17	53	10	-1	10.25	10.25
Fixation L	1	22	5930869350	5931420093	550743	747.41	152.84	77	20	-1	10.01	10.01
Fixation R	1	22	5930869350	5931420093	550743	747.41	152.84	77	20	-1	10.30	10.30
Fixation L	1	23	5931536836	5931653713	116877	893.77	160.43	93	5	-1	10.20	10.20
Fixation R	1	23	5931536836	5931653713	116877	893.77	160.43	93	5	-1	10.29	10.29
Fixation L	1	24	5931662087	5932162702	500615	877.28	170.22	31	23	-1	10.19	10.19
Fixation R	1	24	5931662087	5932162702	500615	877.28	170.22	31	23	-1	10.50	10.50
Fixation L	1	25	5932171080	5932362948	191868	744.58	60.80	45	35	-1	10.13	10.13
Fixation R	1	25	5932171080	5932362948	191868	744.58	60.80	45	35	-1	10.43	10.43
Fixation L	1	26	5932371327	5932646702	275375	826.92	163.25	37	39	-1	10.54	10.54
Fixation R	1	26	5932371327	5932646702	275375	826.92	163.25	37	39	-1	10.80	10.80
Fixation L	1	27	5932655072	5932746824	91752	890.57	169.40	37	8	-1	10.65	10.65
Fixation R	1	27	5932655072	5932746824	91752	890.57	169.40	37	8	-1	10.89	10.89
Fixation L	1	28	5932805192	5933088937	283745	147.46	230.88	23	13	-1	10.36	10.36
Fixation R	1	28	5932805192	5933088937	283745	147.46	230.88	23	13	-1	10.86	10.86
Fixation L	1	29	5933097320	5933322563	225243	269.40	220.69	49	15	-1	10.43	10.43
Fixation R	1	29	5933097320	5933322563	225243	269.40	220.69	49	15	-1	10.68	10.68
Fixation L	1	30	5933330932	5933531182	200250	402.77	210.81	86	11	-1	10.20	10.20
Fixation R	1	30	5933330932	5933531182	200250	402.77	210.81	86	11	-1	10.40	10.40
Fixation L	1	31	5933539556	5933839926	300370	544.12	209.60	19	18	-1	9.95	9.95
Fixation R	1	31	5933539556	5933839926	300370	544.12	209.60	19	18	-1	10.25	10.25
Fixation L	1	32	5933848304	5934006799	158495	700.41	199.56	81	10	-1	9.88	9.88
Fixation R	1	32	5933848304	5934006799	158495	700.41	199.56	81	10	-1	10.17	10.17
Fixation L	1	33	5934123677	5934232174	108497	876.19	213.23	90	9	-1	9.93	9.93
Fixation R	1	33	5934123677	5934232174	108497	876.19	213.23	90	9	-1	10.16	10.16
Fixation L	1	34	5934240544	5934599291	358747	775.44	214.83	80	12	-1	10.07	10.07
Fixation R	1	34	5934240544	5934599291	358747	775.44	214.83	80	12	-1	10.48	10.48
Fixation L	1	35	5934607664	5934941409	333745	897.33	214.66	87	8	-1	9.93	9.93
Fixation R	1	35	5934607664	5934941409	333745	897.33	214.66	87	8	-1	10.21	10.21
Fixation L	1	36	5934999911	5935291906	291995	128.64	287.20	51	36	-1	9.85	9.85
Fixation R	1	36	5934999911	5935291906	291995	128.64	287.20	51	36	-1	10.42	10.42
Fixation L	1	37	5935300282	5935517154	216872	321.34	270.82	80	16	-1	10.07	10.07
Fixation R	1	37	5935300282	5935517154	216872	321.34	270.82	80	16	-1	10.34	10.34
Fixation L	1	38	5935525532	5935759149	233617	466.35	264.91	86	7	-1	9.93	9.93
Fixation R	1	38	5935525532	5935759149	233617	466.35	264.91	86	7	-1	10.25	10.25
Fixation L	1	39	5935767524	5935917770	150246	567.96	263.22	62	8	-1	9.82	9.82
Fixation R	1	39	5935767524	5935917770	150246	567.96	263.22	62	8	-1	10.12	10.12
Fixation L	1	40	5935926152	5936009518	83366	708.10	260.19	28	14	-1	9.78	9.78
Fixation R	1	40	5935926152	5936009518	83366	708.10	260.19	28	14	-1	10.11	10.11
Fixation L	1	41	5936201523	5936485138	283615	748.51	211.25	59	27	-1	10.10	10.10
Fixation R	1	41	5936201523	5936485138	283615	748.51	211.25	59	27	-1	10.51	10.51
Fixation L	1	42	5936493515	5936760509	266994	654.05	259.17	32	49	-1	10.07	10.07
Fixation R	1	42	5936493515	5936760509	266994	654.05	259.17	32	49	-1	10.51	10.51
Fixation L	1	43	5936768884	5937211131	442247	787.91	273.15	75	23	-1	9.73	9.73
Fixation R	1	43	5936768884	5937211131	442247	787.91	273.15	75	23	-1	10.26	10.26
Fixation L	1	44	5937219503	5937336375	116872	878.49	281.42	78	5	-1	9.80	9.80
Fixation R	1	44	5937219503	5937336375	116872	878.49	281.42	78	5	-1	10.13	10.13
Fixation L	1	45	5937344626	5937503253	158627	945.25	282.03	29	12	-1	9.80	9.80
Fixation R	1	45	5937344626	5937503253	158627	945.25	282.03	29	12	-1	10.06	10.06
Fixation L	1	46	5937561621	5938037242	475621	152.82	335.67	77	14	-1	9.90	9.90
Fixation R	1	46	5937561621	5938037242	475621	152.82	335.67	77	14	-1	10.27	10.27
Fixation L	1	47	5938045615	5938254242	208627	264.22	332.87	57	14	-1	9.96	9.96
Fixation R	1	47	5938045615	5938254242	208627	264.22	332.87	57	14	-1	10.24	10.24
Fixation L	1	48	5938262612	5938612982	350370	413.14	323.74	21	8	-1	9.84	9.84
Fixation R	1	48	5938262612	5938612982	350370	413.14	323.74	21	8	-1	10.38	10.38
Fixation L	1	49	5938629730	5938788234	158504	643.13	326.81	43	3	-1	9.96	9.96
Fixation R	1	49	5938629730	5938788234	158504	643.13	326.81	43	3	-1	10.26	10.26
Fixation L	1	50	5938796604	5939055362	258758	797.94	324.69	39	11	-1	9.78	9.78
Fixation R	1	50	5938796604	5939055362	258758	797.94	324.69	39	11	-1	10.16	10.16
Fixation L	1	51	5939063600	5939238848	175248	929.77	321.66	33	9	-1	9.70	9.70
Fixation R	1	51	5939063600	5939238848	175248	929.77	321.66	33	9	-1	10.09	10.09
Fixation L	1	52	5939297342	5939539345	242003	140.04	396.01	77	22	-1	9.63	9.63
Fixation R	1	52	5939297342	5939539345	242003	140.04	396.01	77	22	-1	10.02	10.02
Fixation L	1	53	5939597714	5939772960	175246	279.28	389.79	87	9	-1	9.83	9.83
Fixation R	1	53	5939597714	5939772960	175246	279.28	389.79	87	9	-1	10.08	10.08
Fixation L	1	54	5939781218	5939989833	208615	323.23	389.46	33	64	-1	9.82	9.82
Fixation R	1	54	5939781218	5939989833	208615	323.23	389.46	33	64	-1	10.26	10.26
Fixation L	1	55	5940064957	5940173456	108499	151.24	11.88	28	69	-1	9.65	9.65
Fixation R	1	55	5940064957	5940173456	108499	151.24	11.88	28	69	-1	9.97	9.97

