[BeGaze]
Converted from:	C:\Program Files\SMI\Experiment Suite 360\Experiment Center 2\Results\Readability_First_01\P02-eye_data.idf
Date:	02.08.2013 11:27:27
Version:	BeGaze 3.2.28
Sample Rate:	120
Subject:	P02
Description:	Run2

Table Header for Fixations:
Event Type	Trial	Number	Start	End	Duration	Location X	Location Y	Dispersion X	Dispersion Y	Plane	Avg. Pupil Size X	Avg. Pupil Size Y


Fixation L	1	1	6054209883	6054518604	308721	121.44	66.55	41	27	-1	9.79	9.79
Fixation R	1	1	6054209883	6054518604	308721	121.44	66.55	41	27	-1	10.24	10.24
Fixation L	1	2	6054526972	6054827344	300372	200.21	48.36	66	22	-1	9.95	9.95
Fixation R	1	2	6054526972	6054827344	300372	200.21	48.36	66	22	-1	10.14	10.14
Fixation R	1	3	6054910717	6055085965	175248	136.89	33.73	42	36	-1	10.32	10.32
Fixation L	1	3	6054919096	6055085965	166869	137.44	34.04	42	36	-1	9.99	9.99
Fixation L	1	4	6055094346	6055302961	208615	246.39	40.66	60	3	-1	10.08	10.08
Fixation R	1	4	6055094346	6055302961	208615	246.39	40.66	60	3	-1	10.39	10.39
Fixation L	1	5	6055311335	6055536582	225247	361.34	27.02	27	23	-1	10.09	10.09
Fixation R	1	5	6055311335	6055536582	225247	361.34	27.02	27	23	-1	10.31	10.31
Fixation L	1	6	6055544963	6055786956	241993	505.85	14.36	16	22	-1	9.78	9.78
Fixation R	1	6	6055544963	6055786956	241993	505.85	14.36	16	22	-1	9.99	9.99
Fixation L	1	7	6055795334	6056053950	258616	656.53	18.72	56	17	-1	9.70	9.70
Fixation R	1	7	6055795334	6056053950	258616	656.53	18.72	56	17	-1	9.81	9.81
Fixation L	1	8	6056070702	6056412822	342120	831.37	14.29	55	19	-1	9.65	9.65
Fixation R	1	8	6056070702	6056412822	342120	831.37	14.29	55	19	-1	9.77	9.77
Fixation L	1	9	6056462821	6056621445	158624	147.64	87.15	60	28	-1	9.53	9.53
Fixation R	1	9	6056462821	6056621445	158624	147.64	87.15	60	28	-1	10.08	10.08
Fixation L	1	10	6056629694	6056913440	283746	86.91	103.49	68	17	-1	9.51	9.51
Fixation R	1	10	6056629694	6056913440	283746	86.91	103.49	68	17	-1	9.98	9.98
Fixation L	1	11	6056921818	6057272310	350492	250.13	86.00	24	21	-1	9.70	9.70
Fixation R	1	11	6056921818	6057272310	350492	250.13	86.00	24	21	-1	9.99	9.99
Fixation L	1	12	6057288934	6057622805	333871	459.51	88.51	65	6	-1	9.83	9.83
Fixation R	1	12	6057288934	6057622805	333871	459.51	88.51	65	6	-1	9.88	9.88
Fixation L	1	13	6057631054	6057948180	317126	676.58	77.43	48	12	-1	9.88	9.88
Fixation R	1	13	6057631054	6057948180	317126	676.58	77.43	48	12	-1	9.96	9.96
Fixation L	1	14	6057956547	6058148428	191881	810.04	79.50	53	11	-1	9.83	9.83
Fixation R	1	14	6057956547	6058148428	191881	810.04	79.50	53	11	-1	9.83	9.83
Fixation L	1	15	6058156794	6058398792	241998	888.19	106.84	50	27	-1	9.63	9.63
Fixation R	1	15	6058156794	6058398792	241998	888.19	106.84	50	27	-1	9.91	9.91
Fixation L	1	16	6058457164	6058907783	450619	99.68	162.28	34	33	-1	9.64	9.64
Fixation R	1	16	6058457164	6058907783	450619	99.68	162.28	34	33	-1	10.14	10.14
Fixation L	1	17	6058924534	6059216528	291994	303.82	149.84	28	32	-1	9.84	9.84
Fixation R	1	17	6058924534	6059216528	291994	303.82	149.84	28	32	-1	10.07	10.07
Fixation L	1	18	6059224907	6059491898	266991	441.84	143.75	64	17	-1	9.84	9.84
Fixation R	1	18	6059224907	6059491898	266991	441.84	143.75	64	17	-1	10.10	10.10
Fixation L	1	19	6059508648	6059742269	233621	651.09	130.37	48	31	-1	9.77	9.77
Fixation R	1	19	6059508648	6059742269	233621	651.09	130.37	48	31	-1	10.02	10.02
Fixation L	1	20	6059750528	6059984273	233745	805.65	119.14	54	19	-1	9.70	9.70
Fixation R	1	20	6059750528	6059984273	233745	805.65	119.14	54	19	-1	10.09	10.09
Fixation L	1	21	6059992641	6060101019	108378	863.64	123.22	42	23	-1	9.78	9.78
Fixation R	1	21	6059992641	6060101019	108378	863.64	123.22	42	23	-1	10.02	10.02
Fixation L	1	22	6060151142	6060468259	317117	119.59	232.39	44	40	-1	9.72	9.72
Fixation R	1	22	6060151142	6060468259	317117	119.59	232.39	44	40	-1	10.30	10.30
Fixation L	1	23	6060476638	6060651760	175122	279.73	216.81	56	38	-1	10.01	10.01
Fixation R	1	23	6060476638	6060651760	175122	279.73	216.81	56	38	-1	10.30	10.30
Fixation L	1	24	6060660130	6060860380	200250	430.64	196.52	82	10	-1	10.04	10.04
Fixation R	1	24	6060660130	6060860380	200250	430.64	196.52	82	10	-1	10.25	10.25
Fixation L	1	25	6060868751	6061044000	175249	535.13	197.05	76	7	-1	9.81	9.81
Fixation R	1	25	6060868751	6061044000	175249	535.13	197.05	76	7	-1	10.13	10.13
Fixation L	1	26	6061052381	6061160872	108491	628.54	197.96	21	2	-1	9.65	9.65
Fixation R	1	26	6061052381	6061160872	108491	628.54	197.96	21	2	-1	10.07	10.07
Fixation L	1	27	6061169122	6061511242	342120	444.29	201.01	58	11	-1	9.67	9.67
Fixation R	1	27	6061169122	6061511242	342120	444.29	201.01	58	11	-1	10.13	10.13
Fixation L	1	28	6061519617	6061753243	233626	605.76	190.41	65	33	-1	9.74	9.74
Fixation R	1	28	6061519617	6061753243	233626	605.76	190.41	65	33	-1	10.11	10.11
Fixation L	1	29	6061828368	6062011985	183617	795.04	171.50	69	26	-1	9.65	9.65
Fixation R	1	29	6061828368	6062011985	183617	795.04	171.50	69	26	-1	10.07	10.07
Fixation L	1	30	6062061984	6062420853	358869	102.98	269.63	44	36	-1	9.68	9.68
Fixation R	1	30	6062061984	6062420853	358869	102.98	269.63	44	36	-1	10.14	10.14
Fixation L	1	31	6062429231	6062529355	100124	257.27	241.68	56	24	-1	9.81	9.81
Fixation R	1	31	6062429231	6062529355	100124	257.27	241.68	56	24	-1	10.22	10.22
Fixation L	1	32	6062646099	6062971597	325498	305.01	254.56	73	23	-1	9.90	9.90
Fixation R	1	32	6062646099	6062971597	325498	305.01	254.56	73	23	-1	10.49	10.49
Fixation L	1	33	6062979973	6063347091	367118	305.05	237.53	57	41	-1	9.88	9.88
Fixation R	1	33	6062979973	6063347091	367118	305.05	237.53	57	41	-1	10.37	10.37
Fixation L	1	34	6063355470	6063597467	241997	282.74	259.96	90	9	-1	10.09	10.09
Fixation R	1	34	6063355470	6063597467	241997	282.74	259.96	90	9	-1	10.40	10.40
Fixation L	1	35	6063605842	6063739333	133491	344.18	253.81	11	6	-1	9.98	9.98
Fixation R	1	35	6063605842	6063739333	133491	344.18	253.81	11	6	-1	10.36	10.36
Fixation L	1	36	6063747590	6064139827	392237	483.64	258.33	38	18	-1	9.76	9.76
Fixation R	1	36	6063747590	6064139827	392237	483.64	258.33	38	18	-1	10.18	10.18
Fixation L	1	37	6064148207	6064306706	158499	570.53	263.52	40	5	-1	9.61	9.61
Fixation R	1	37	6064148207	6064306706	158499	570.53	263.52	40	5	-1	10.05	10.05
Fixation L	1	38	6064315077	6064540325	225248	658.71	264.49	30	5	-1	9.48	9.48
Fixation R	1	38	6064315077	6064540325	225248	658.71	264.49	30	5	-1	9.96	9.96
Fixation L	1	39	6064548698	6064865820	317122	830.56	259.22	36	9	-1	9.50	9.50
Fixation R	1	39	6064548698	6064865820	317122	830.56	259.22	36	9	-1	9.94	9.94
Fixation L	1	40	6064882445	6065091069	208624	519.41	264.86	68	9	-1	9.54	9.54
Fixation R	1	40	6064882445	6065091069	208624	519.41	264.86	68	9	-1	10.01	10.01
Fixation L	1	41	6065099441	6065266311	166870	452.59	271.10	22	7	-1	9.60	9.60
Fixation R	1	41	6065099441	6065266311	166870	452.59	271.10	22	7	-1	10.04	10.04
Fixation L	1	42	6065274686	6065825426	550740	288.85	260.79	80	13	-1	9.60	9.60
Fixation R	1	42	6065274686	6065825426	550740	288.85	260.79	80	13	-1	10.05	10.05
Fixation L	1	43	6065833804	6066317796	483992	384.34	260.32	53	17	-1	9.55	9.55
Fixation R	1	43	6065833804	6066317796	483992	384.34	260.32	53	17	-1	10.06	10.06
Fixation L	1	44	6066342799	6066609795	266996	89.78	341.30	31	48	-1	9.50	9.50
Fixation R	1	44	6066342799	6066609795	266996	89.78	341.30	31	48	-1	9.80	9.80
Fixation L	1	45	6066618165	6066960291	342126	202.12	334.16	39	27	-1	9.67	9.67
Fixation R	1	45	6066618165	6066960291	342126	202.12	334.16	39	27	-1	9.86	9.86
Fixation L	1	46	6066968660	6067110536	141876	365.68	318.07	91	6	-1	9.61	9.61
Fixation R	1	46	6066968660	6067110536	141876	365.68	318.07	91	6	-1	10.02	10.02
Fixation L	1	47	6067118785	6067277404	158619	362.94	325.79	78	5	-1	9.53	9.53
Fixation R	1	47	6067118785	6067277404	158619	362.94	325.79	78	5	-1	9.94	9.94
Fixation L	1	48	6067285662	6067511031	225369	521.84	315.18	68	16	-1	9.47	9.47
Fixation R	1	48	6067285662	6067511031	225369	521.84	315.18	68	16	-1	9.87	9.87
Fixation L	1	49	6067519401	6067869771	350370	721.27	315.00	58	12	-1	9.37	9.37
Fixation R	1	49	6067519401	6067869771	350370	721.27	315.00	58	12	-1	9.90	9.90
Fixation L	1	50	6067878145	6068145140	266995	881.40	313.76	36	16	-1	9.34	9.34
Fixation R	1	50	6067878145	6068145140	266995	881.40	313.76	36	16	-1	9.72	9.72
Fixation L	1	51	6068195268	6068353763	158495	161.31	377.41	72	22	-1	9.36	9.36
Fixation R	1	51	6068195268	6068353763	158495	161.31	377.41	72	22	-1	9.85	9.85
Fixation L	1	52	6068362143	6068537388	175245	73.05	394.23	23	6	-1	9.38	9.38
Fixation R	1	52	6068362143	6068537388	175245	73.05	394.23	23	6	-1	9.72	9.72
Fixation L	1	53	6068545762	6068712662	166900	300.45	374.22	58	19	-1	9.64	9.64
Fixation R	1	53	6068545762	6068712662	166900	300.45	374.22	58	19	-1	10.05	10.05
Fixation L	1	54	6068729267	6068812776	83509	467.81	374.42	23	9	-1	9.73	9.73
Fixation R	1	54	6068729267	6068812776	83509	467.81	374.42	23	9	-1	10.19	10.19
Fixation L	1	55	6068979628	6069096506	116878	552.01	340.96	42	51	-1	9.33	9.33
Fixation R	1	55	6068979628	6069096506	116878	552.01	340.96	42	51	-1	8.25	8.25
Fixation L	1	56	6069129876	6069321750	191874	709.46	378.26	25	20	-1	9.81	9.81
Fixation R	1	56	6069129876	6069321750	191874	709.46	378.26	25	20	-1	10.47	10.47
Fixation L	1	57	6069330124	6069530372	200248	791.35	381.92	54	7	-1	9.60	9.60
Fixation R	1	57	6069330124	6069530372	200248	791.35	381.92	54	7	-1	9.76	9.76
Fixation L	1	58	6069538753	6069897495	358742	908.99	383.16	66	11	-1	9.55	9.55
Fixation R	1	58	6069538753	6069897495	358742	908.99	383.16	66	11	-1	9.84	9.84
Fixation L	1	59	6069947614	6070197995	250381	129.72	430.64	62	36	-1	9.43	9.43
Fixation R	1	59	6069947614	6070197995	250381	129.72	430.64	62	36	-1	9.99	9.99
Fixation L	1	60	6070206237	6070523355	317118	70.64	449.97	44	17	-1	9.60	9.60
Fixation R	1	60	6070206237	6070523355	317118	70.64	449.97	44	17	-1	9.91	9.91
Fixation L	1	61	6070531730	6070990730	459000	150.67	444.39	56	15	-1	9.64	9.64
Fixation R	1	61	6070531730	6070990730	459000	150.67	444.39	56	15	-1	9.99	9.99
Fixation L	1	62	6070998979	6071165973	166994	252.75	436.18	20	10	-1	9.70	9.70
Fixation R	1	62	6070998979	6071165973	166994	252.75	436.18	20	10	-1	10.08	10.08
Fixation L	1	63	6071174219	6072067084	892865	383.05	443.52	82	16	-1	9.60	9.60
Fixation R	1	63	6071174219	6072067084	892865	383.05	443.52	82	16	-1	10.14	10.14
Fixation L	1	64	6072075457	6072259078	183621	449.85	445.42	41	8	-1	9.54	9.54
Fixation R	1	64	6072075457	6072259078	183621	449.85	445.42	41	8	-1	10.24	10.24
Fixation L	1	65	6072267457	6072409202	141745	610.94	449.42	21	3	-1	9.81	9.81
Fixation R	1	65	6072267457	6072409202	141745	610.94	449.42	21	3	-1	10.33	10.33
Fixation L	1	66	6072576199	6072934944	358745	776.45	449.51	70	17	-1	9.64	9.64
Fixation R	1	66	6072576199	6072934944	358745	776.45	449.51	70	17	-1	10.04	10.04
Fixation L	1	67	6072943326	6073193697	250371	897.81	446.68	89	9	-1	9.29	9.29
Fixation R	1	67	6072943326	6073193697	250371	897.81	446.68	89	9	-1	9.92	9.92
Fixation L	1	68	6073235314	6073393944	158630	155.23	476.11	48	28	-1	9.20	9.20
Fixation R	1	68	6073235314	6073393944	158630	155.23	476.11	48	28	-1	9.75	9.75
Fixation L	1	69	6073402314	6073610808	208494	83.25	498.19	36	21	-1	9.30	9.30
Fixation R	1	69	6073402314	6073610808	208494	83.25	498.19	36	21	-1	9.75	9.75
Fixation L	1	70	6073619187	6073827812	208625	217.37	496.95	82	8	-1	9.59	9.59
Fixation R	1	70	6073619187	6073827812	208625	217.37	496.95	82	8	-1	9.75	9.75
Fixation L	1	71	6073836186	6074011430	175244	376.69	500.47	36	23	-1	9.71	9.71
Fixation R	1	71	6073836186	6074011430	175244	376.69	500.47	36	23	-1	10.10	10.10
Fixation L	1	72	6074019805	6074336798	316993	588.98	503.59	79	15	-1	9.71	9.71
Fixation R	1	72	6074019805	6074336798	316993	588.98	503.59	79	15	-1	10.34	10.34
Fixation L	1	73	6074353549	6074528794	175245	747.69	495.47	51	9	-1	9.50	9.50
Fixation R	1	73	6074353549	6074528794	175245	747.69	495.47	51	9	-1	10.10	10.10
Fixation L	1	74	6074537169	6074820793	283624	881.39	489.82	85	13	-1	9.31	9.31
Fixation R	1	74	6074537169	6074820793	283624	881.39	489.82	85	13	-1	9.84	9.84
Fixation L	1	75	6074904290	6075104543	200253	731.88	539.59	52	46	-1	9.73	9.73
Fixation R	1	75	6074904290	6075104543	200253	731.88	539.59	52	46	-1	10.19	10.19
Fixation L	1	76	6075196290	6075363157	166867	167.30	564.01	71	8	-1	9.58	9.58
Fixation R	1	76	6075196290	6075363157	166867	167.30	564.01	71	8	-1	9.85	9.85
Fixation L	1	77	6075371536	6075546788	175252	94.47	564.89	66	14	-1	9.46	9.46
Fixation R	1	77	6075371536	6075546788	175252	94.47	564.89	66	14	-1	9.73	9.73
Fixation L	1	78	6075555159	6075813778	258619	279.45	550.24	39	13	-1	9.75	9.75
Fixation R	1	78	6075555159	6075813778	258619	279.45	550.24	39	13	-1	9.77	9.77
Fixation L	1	79	6075830527	6076122523	291996	498.49	554.56	72	14	-1	9.79	9.79
Fixation R	1	79	6075830527	6076122523	291996	498.49	554.56	72	14	-1	10.46	10.46
Fixation L	1	80	6076130895	6076356274	225379	657.57	553.52	26	3	-1	9.75	9.75
Fixation R	1	80	6076130895	6076356274	225379	657.57	553.52	26	3	-1	10.21	10.21
Fixation L	1	81	6076364525	6076581515	216990	764.75	549.82	33	11	-1	9.36	9.36
Fixation R	1	81	6076364525	6076581515	216990	764.75	549.82	33	11	-1	9.97	9.97
Fixation L	1	82	6076631639	6076890257	258618	115.75	612.49	41	18	-1	9.37	9.37
Fixation R	1	82	6076631639	6076890257	258618	115.75	612.49	41	18	-1	9.68	9.68
Fixation L	1	83	6076898639	6077257381	358742	252.43	613.50	52	10	-1	9.69	9.69
Fixation R	1	83	6076898639	6077257381	358742	252.43	613.50	52	10	-1	9.63	9.63
Fixation L	1	84	6077274135	6077416004	141869	437.51	606.78	15	10	-1	9.82	9.82
Fixation R	1	84	6077274135	6077416004	141869	437.51	606.78	15	10	-1	10.76	10.76
Fixation L	1	85	6077424379	6077682998	258619	595.67	616.43	52	14	-1	10.02	10.02
Fixation R	1	85	6077424379	6077682998	258619	595.67	616.43	52	14	-1	10.53	10.53
Fixation L	1	86	6077691373	6077883245	191872	720.15	614.49	18	10	-1	9.82	9.82
Fixation R	1	86	6077691373	6077883245	191872	720.15	614.49	18	10	-1	10.37	10.37
Fixation L	1	87	6077891619	6078133614	241995	830.07	611.85	82	12	-1	9.40	9.40
Fixation R	1	87	6077891619	6078133614	241995	830.07	611.85	82	12	-1	10.30	10.30
Fixation L	1	88	6078183615	6078408986	225371	96.68	676.53	63	34	-1	9.55	9.55
Fixation R	1	88	6078183615	6078408986	225371	96.68	676.53	63	34	-1	9.90	9.90
Fixation L	1	89	6078500740	6078834605	333865	296.49	670.22	30	18	-1	10.08	10.08
Fixation R	1	89	6078500740	6078834605	333865	296.49	670.22	30	18	-1	9.99	9.99
Fixation L	1	90	6078851237	6079126602	275365	586.92	679.48	36	8	-1	10.29	10.29
Fixation R	1	90	6078851237	6079126602	275365	586.92	679.48	36	8	-1	10.76	10.76
Fixation L	1	91	6079134975	6079368597	233622	770.80	676.22	65	7	-1	9.61	9.61
Fixation R	1	91	6079134975	6079368597	233622	770.80	676.22	65	7	-1	10.47	10.47
Fixation L	1	92	6079376974	6079552226	175252	875.01	677.44	61	9	-1	9.71	9.71
Fixation R	1	92	6079376974	6079552226	175252	875.01	677.44	61	9	-1	10.30	10.30
Fixation L	1	93	6079560469	6079668966	108497	958.68	693.08	12	11	-1	9.78	9.78
Fixation R	1	93	6079560469	6079668966	108497	958.68	693.08	12	11	-1	9.97	9.97

