[BeGaze]
Converted from:	C:\Program Files\SMI\Experiment Suite 360\Experiment Center 2\Results\Readability_First_01\P02-eye_data.idf
Date:	02.08.2013 11:27:27
Version:	BeGaze 3.2.28
Sample Rate:	120
Subject:	P02
Description:	Run2

Table Header for Fixations:
Event Type	Trial	Number	Start	End	Duration	Location X	Location Y	Dispersion X	Dispersion Y	Plane	Avg. Pupil Size X	Avg. Pupil Size Y


Fixation L	1	1	6022191872	6022308714	116842	715.03	679.97	22	16	-1	10.41	10.41
Fixation R	1	1	6022191872	6022308714	116842	715.03	679.97	22	16	-1	11.00	11.00
Fixation R	1	2	6022392086	6022475584	83498	183.59	68.10	7	33	-1	10.52	10.52
Fixation R	1	3	6022492214	6022692460	200246	71.43	57.64	27	36	-1	10.43	10.43
Fixation L	1	2	6022542335	6022625833	83498	71.81	50.71	11	21	-1	8.91	8.91
Fixation L	1	3	6022700834	6023059706	358872	183.71	52.97	67	19	-1	10.38	10.38
Fixation R	1	4	6022700834	6023059706	358872	183.71	52.97	67	19	-1	10.91	10.91
Fixation L	1	4	6023076326	6023376825	300499	347.30	36.36	25	11	-1	10.35	10.35
Fixation R	1	5	6023076326	6023376825	300499	347.30	36.36	25	11	-1	10.68	10.68
Fixation L	1	5	6023385076	6023560320	175244	524.33	32.85	85	8	-1	10.53	10.53
Fixation R	1	6	6023385076	6023560320	175244	524.33	32.85	85	8	-1	10.80	10.80
Fixation L	1	6	6023568697	6023760692	191995	614.69	5.86	74	24	-1	10.64	10.64
Fixation R	1	7	6023568697	6023760692	191995	614.69	5.86	74	24	-1	10.79	10.79
Fixation R	1	8	6023768943	6023927562	158619	681.59	17.08	74	17	-1	10.55	10.55
Fixation L	1	7	6023819070	6023927562	108492	688.52	20.31	14	9	-1	10.36	10.36
Fixation L	1	8	6023935819	6024152811	216992	796.57	22.27	20	22	-1	10.19	10.19
Fixation R	1	9	6023935819	6024152811	216992	796.57	22.27	20	22	-1	10.40	10.40
Fixation L	1	9	6024202935	6024536679	333744	134.20	94.59	37	29	-1	10.25	10.25
Fixation R	1	10	6024202935	6024536679	333744	134.20	94.59	37	29	-1	10.90	10.90
Fixation L	1	10	6024545059	6024661803	116744	267.73	97.31	71	9	-1	10.47	10.47
Fixation R	1	11	6024545059	6024661803	116744	267.73	97.31	71	9	-1	10.99	10.99
Fixation L	1	11	6024745305	6025062423	317118	411.15	72.91	73	18	-1	10.49	10.49
Fixation R	1	12	6024745305	6025062423	317118	411.15	72.91	73	18	-1	11.00	11.00
Fixation L	1	12	6025070673	6025220919	150246	311.29	86.60	53	19	-1	10.65	10.65
Fixation R	1	13	6025070673	6025220919	150246	311.29	86.60	53	19	-1	11.21	11.21
Fixation L	1	13	6025229298	6025454544	225246	412.17	87.79	23	14	-1	10.60	10.60
Fixation R	1	14	6025229298	6025454544	225246	412.17	87.79	23	14	-1	10.91	10.91
Fixation R	1	15	6025462915	6025763287	300372	564.17	66.78	48	25	-1	10.78	10.78
Fixation L	1	14	6025496294	6025763287	266993	564.16	65.00	26	15	-1	10.38	10.38
Fixation L	1	15	6025771661	6026172156	400495	725.15	67.01	35	18	-1	10.23	10.23
Fixation R	1	16	6025771661	6026172156	400495	725.15	67.01	35	18	-1	10.70	10.70
Fixation L	1	16	6026180529	6026322404	141875	616.09	61.60	27	13	-1	10.22	10.22
Fixation R	1	17	6026180529	6026322404	141875	616.09	61.60	27	13	-1	10.77	10.77
Fixation L	1	17	6026430905	6026514276	83371	573.06	65.54	93	4	-1	10.29	10.29
Fixation R	1	18	6026430905	6026514276	83371	573.06	65.54	93	4	-1	10.63	10.63
Fixation L	1	18	6026531028	6026898149	367121	812.76	85.11	43	18	-1	10.46	10.46
Fixation R	1	19	6026531028	6026898149	367121	812.76	85.11	43	18	-1	10.95	10.95
Fixation L	1	19	6026948275	6027223642	275367	113.73	138.06	62	29	-1	10.01	10.01
Fixation R	1	20	6026948275	6027223642	275367	113.73	138.06	62	29	-1	10.65	10.65
Fixation L	1	20	6027232015	6027782753	550738	197.07	127.54	82	9	-1	10.05	10.05
Fixation R	1	21	6027232015	6027782753	550738	197.07	127.54	82	9	-1	10.42	10.42
Fixation L	1	21	6027791005	6028058125	267120	325.38	117.61	21	13	-1	10.07	10.07
Fixation R	1	22	6027791005	6028058125	267120	325.38	117.61	21	13	-1	10.34	10.34
Fixation L	1	22	6028066374	6028191624	125250	462.62	113.11	77	9	-1	9.98	9.98
Fixation R	1	23	6028066374	6028191624	125250	462.62	113.11	77	9	-1	10.45	10.45
Fixation L	1	23	6028275000	6028441872	166872	481.13	99.19	43	31	-1	10.01	10.01
Fixation R	1	24	6028275000	6028441872	166872	481.13	99.19	43	31	-1	10.49	10.49
Fixation L	1	24	6028458623	6028650496	191873	249.37	135.75	37	21	-1	10.03	10.03
Fixation R	1	25	6028458623	6028650496	191873	249.37	135.75	37	21	-1	10.67	10.67
Fixation L	1	25	6028658868	6028992611	333743	185.53	139.89	73	10	-1	10.11	10.11
Fixation R	1	26	6028658868	6028992611	333743	185.53	139.89	73	10	-1	10.61	10.61
Fixation L	1	26	6029000994	6029401486	400492	325.05	137.31	80	12	-1	10.26	10.26
Fixation R	1	27	6029000994	6029401486	400492	325.05	137.31	80	12	-1	10.62	10.62
Fixation L	1	27	6029409854	6029668599	258745	434.99	129.95	58	25	-1	10.08	10.08
Fixation R	1	28	6029409854	6029668599	258745	434.99	129.95	58	25	-1	10.49	10.49
Fixation L	1	28	6029676853	6029768724	91871	610.42	120.52	92	6	-1	10.12	10.12
Fixation R	1	29	6029676853	6029768724	91871	610.42	120.52	92	6	-1	10.68	10.68
Fixation L	1	29	6029777101	6029993968	216867	612.06	129.84	69	11	-1	10.00	10.00
Fixation R	1	30	6029777101	6029993968	216867	612.06	129.84	69	11	-1	10.45	10.45
Fixation L	1	30	6030269341	6030519711	250370	849.13	139.97	78	20	-1	10.18	10.18
Fixation R	1	31	6030269341	6030519711	250370	849.13	139.97	78	20	-1	10.58	10.58
Fixation L	1	31	6030528091	6030669958	141867	839.24	150.06	8	6	-1	10.16	10.16
Fixation R	1	32	6030528091	6030669958	141867	839.24	150.06	8	6	-1	10.56	10.56
Fixation L	1	32	6030711585	6030853461	141876	148.45	203.47	69	29	-1	9.79	9.79
Fixation R	1	33	6030711585	6030853461	141876	148.45	203.47	69	29	-1	10.46	10.46
Fixation L	1	33	6030861831	6031279079	417248	108.55	209.47	51	16	-1	9.91	9.91
Fixation R	1	34	6030861831	6031279079	417248	108.55	209.47	51	16	-1	10.36	10.36
Fixation L	1	34	6031437574	6031529449	91875	187.64	199.05	61	30	-1	10.42	10.42
Fixation R	1	35	6031437574	6031529449	91875	187.64	199.05	61	30	-1	10.46	10.46
Fixation L	1	35	6031546073	6031846440	300367	297.70	215.36	70	23	-1	10.50	10.50
Fixation L	1	36	6031904946	6032205316	300370	470.15	194.04	23	15	-1	10.29	10.29
Fixation R	1	36	6031904946	6032205316	300370	470.15	194.04	23	15	-1	10.65	10.65
Fixation L	1	37	6032213686	6032463937	250251	552.77	188.55	38	11	-1	10.05	10.05
Fixation R	1	37	6032213686	6032463937	250251	552.77	188.55	38	11	-1	10.53	10.53
Fixation L	1	38	6032472307	6032714304	241997	650.18	181.42	45	24	-1	9.90	9.90
Fixation R	1	38	6032472307	6032714304	241997	650.18	181.42	45	24	-1	10.44	10.44
Fixation L	1	39	6032722679	6032973051	250372	824.03	180.21	44	22	-1	9.95	9.95
Fixation R	1	39	6032722679	6032973051	250372	824.03	180.21	44	22	-1	10.34	10.34
Fixation L	1	40	6032981306	6033123171	141865	929.66	192.33	48	8	-1	9.97	9.97
Fixation R	1	40	6032981306	6033123171	141865	929.66	192.33	48	8	-1	10.18	10.18
Fixation L	1	41	6033173298	6033323417	150119	161.92	264.94	61	23	-1	9.94	9.94
Fixation R	1	41	6033173298	6033323417	150119	161.92	264.94	61	23	-1	10.46	10.46
Fixation L	1	42	6033331798	6033473668	141870	100.80	270.64	22	21	-1	10.00	10.00
Fixation R	1	42	6033331798	6033473668	141870	100.80	270.64	22	21	-1	10.47	10.47
Fixation L	1	43	6033657294	6034366531	709237	184.70	248.37	63	36	-1	10.17	10.17
Fixation R	1	43	6033657294	6034366531	709237	184.70	248.37	63	36	-1	10.38	10.38
Fixation L	1	44	6034374906	6034475029	100123	222.33	242.68	70	8	-1	10.13	10.13
Fixation R	1	44	6034374906	6034475029	100123	222.33	242.68	70	8	-1	10.35	10.35
Fixation L	1	45	6034767026	6035284403	517377	376.04	255.00	70	20	-1	10.18	10.18
Fixation R	1	45	6034767026	6035284403	517377	376.04	255.00	70	20	-1	10.56	10.56
Fixation L	1	46	6035292767	6035534762	241995	538.98	254.52	58	8	-1	9.99	9.99
Fixation R	1	46	6035292767	6035534762	241995	538.98	254.52	58	8	-1	10.41	10.41
Fixation L	1	47	6035543138	6035768386	225248	641.77	249.96	55	16	-1	9.80	9.80
Fixation R	1	47	6035543138	6035768386	225248	641.77	249.96	55	16	-1	10.35	10.35
Fixation L	1	48	6035776760	6036102254	325494	796.94	230.62	74	22	-1	9.79	9.79
Fixation R	1	48	6035776760	6036102254	325494	796.94	230.62	74	22	-1	10.19	10.19
Fixation L	1	49	6036110504	6036402626	292122	884.85	231.65	77	21	-1	9.82	9.82
Fixation R	1	49	6036110504	6036402626	292122	884.85	231.65	77	21	-1	10.27	10.27
Fixation L	1	50	6036410999	6036561124	150125	842.44	238.31	28	23	-1	9.95	9.95
Fixation R	1	50	6036410999	6036561124	150125	842.44	238.31	28	23	-1	10.35	10.35
Fixation L	1	51	6036644619	6036727992	83373	999.28	253.66	75	18	-1	9.82	9.82
Fixation R	1	51	6036644619	6036727992	83373	999.28	253.66	75	18	-1	10.28	10.28
Fixation L	1	52	6036736376	6036836498	100122	954.37	252.79	15	7	-1	9.81	9.81
Fixation R	1	52	6036736376	6036836498	100122	954.37	252.79	15	7	-1	10.16	10.16
Fixation L	1	53	6036894865	6037120237	225372	130.61	300.80	65	23	-1	10.20	10.20
Fixation R	1	53	6036894865	6037120237	225372	130.61	300.80	65	23	-1	10.66	10.66
Fixation L	1	54	6037128610	6037270485	141875	47.32	307.83	87	10	-1	10.21	10.21
Fixation R	1	54	6037128610	6037270485	141875	47.32	307.83	87	10	-1	10.45	10.45
Fixation L	1	55	6037420606	6037687609	267003	250.07	294.32	74	22	-1	10.39	10.39
Fixation R	1	55	6037420606	6037687609	267003	250.07	294.32	74	22	-1	10.50	10.50
Fixation L	1	56	6037746102	6038013105	267003	389.36	306.69	44	8	-1	10.22	10.22
Fixation R	1	56	6037746102	6038013105	267003	389.36	306.69	44	8	-1	10.69	10.69
Fixation L	1	57	6038029725	6038330218	300493	548.37	304.66	23	6	-1	10.05	10.05
Fixation R	1	57	6038029725	6038330218	300493	548.37	304.66	23	6	-1	10.55	10.55
Fixation L	1	58	6038338606	6038705713	367107	684.06	297.47	81	17	-1	9.86	9.86
Fixation R	1	58	6038338606	6038705713	367107	684.06	297.47	81	17	-1	10.41	10.41
Fixation L	1	59	6038714095	6038880962	166867	496.23	298.21	51	28	-1	9.72	9.72
Fixation R	1	59	6038714095	6038880962	166867	496.23	298.21	51	28	-1	10.28	10.28
Fixation L	1	60	6038889216	6039181331	292115	408.60	309.05	38	10	-1	9.70	9.70
Fixation R	1	60	6038889216	6039181331	292115	408.60	309.05	38	10	-1	10.28	10.28
Fixation L	1	61	6039189712	6039414958	225246	542.69	304.94	24	11	-1	9.69	9.69
Fixation R	1	61	6039189712	6039414958	225246	542.69	304.94	24	11	-1	10.13	10.13
Fixation L	1	62	6039423327	6039757071	333744	697.20	291.85	38	35	-1	9.69	9.69
Fixation R	1	62	6039423327	6039757071	333744	697.20	291.85	38	35	-1	10.20	10.20
Fixation L	1	63	6039765455	6039949069	183614	831.06	299.47	56	9	-1	9.61	9.61
Fixation R	1	63	6039765455	6039949069	183614	831.06	299.47	56	9	-1	10.01	10.01
Fixation L	1	64	6039957319	6040274441	317122	927.15	303.03	23	6	-1	9.68	9.68
Fixation R	1	64	6039957319	6040274441	317122	927.15	303.03	23	6	-1	10.07	10.07
Fixation L	1	65	6040324566	6040458064	133498	239.03	364.11	56	42	-1	9.11	9.11
Fixation R	1	65	6040324566	6040458064	133498	239.03	364.11	56	42	-1	10.19	10.19
Fixation L	1	66	6040474690	6040775183	300493	102.68	386.82	70	21	-1	9.61	9.61
Fixation R	1	66	6040474690	6040775183	300493	102.68	386.82	70	21	-1	10.02	10.02
Fixation L	1	67	6040783433	6041100558	317125	283.44	376.03	21	17	-1	9.86	9.86
Fixation R	1	67	6040783433	6041100558	317125	283.44	376.03	21	17	-1	10.15	10.15
Fixation L	1	68	6041108928	6041359299	250371	404.28	385.23	32	14	-1	9.46	9.46
Fixation R	1	68	6041108928	6041359299	250371	404.28	385.23	32	14	-1	10.24	10.24
Fixation L	1	69	6041367556	6041601294	233738	534.18	387.98	69	16	-1	9.77	9.77
Fixation R	1	69	6041367556	6041601294	233738	534.18	387.98	69	16	-1	10.25	10.25
Fixation L	1	70	6041609549	6042076911	467362	439.60	384.71	11	17	-1	9.73	9.73
Fixation R	1	70	6041609549	6042076911	467362	439.60	384.71	11	17	-1	10.29	10.29
Fixation L	1	71	6042085288	6042477408	392120	555.70	372.67	26	17	-1	9.85	9.85
Fixation R	1	71	6042085288	6042477408	392120	555.70	372.67	26	17	-1	10.26	10.26
Fixation L	1	72	6042485780	6042661027	175247	700.85	386.15	12	9	-1	9.86	9.86
Fixation R	1	72	6042485780	6042661027	175247	700.85	386.15	12	9	-1	10.31	10.31
Fixation L	1	73	6042677655	6042911273	233618	894.57	377.43	12	9	-1	9.81	9.81
Fixation R	1	73	6042677655	6042911273	233618	894.57	377.43	12	9	-1	10.21	10.21
Fixation L	1	74	6042961398	6043203397	241999	197.81	419.73	62	35	-1	9.69	9.69
Fixation R	1	74	6042961398	6043203397	241999	197.81	419.73	62	35	-1	10.18	10.18
Fixation L	1	75	6043211770	6043361891	150121	140.64	448.56	30	26	-1	9.82	9.82
Fixation R	1	75	6043211770	6043361891	150121	140.64	448.56	30	26	-1	9.98	9.98
Fixation L	1	76	6043370267	6043737391	367124	347.09	442.00	85	14	-1	9.83	9.83
Fixation R	1	76	6043370267	6043737391	367124	347.09	442.00	85	14	-1	10.26	10.26
Fixation R	1	77	6043745762	6043962759	216997	293.51	425.03	32	43	-1	10.02	10.02
Fixation L	1	77	6043979387	6044321502	342115	528.92	439.96	54	12	-1	9.64	9.64
Fixation R	1	78	6043979387	6044321502	342115	528.92	439.96	54	12	-1	10.15	10.15
Fixation L	1	78	6044329882	6044722122	392240	640.80	432.38	61	15	-1	9.62	9.62
Fixation R	1	79	6044329882	6044722122	392240	640.80	432.38	61	15	-1	10.32	10.32
Fixation L	1	79	6044730501	6044938994	208493	563.07	442.52	39	7	-1	9.65	9.65
Fixation R	1	80	6044730501	6044938994	208493	563.07	442.52	39	7	-1	10.38	10.38
Fixation L	1	80	6044947371	6045114241	166870	666.34	437.64	64	16	-1	9.82	9.82
Fixation R	1	81	6044947371	6045114241	166870	666.34	437.64	64	16	-1	10.44	10.44
Fixation L	1	81	6045147618	6045431365	283747	112.13	497.97	75	23	-1	9.72	9.72
Fixation R	1	82	6045147618	6045431365	283747	112.13	497.97	75	23	-1	10.01	10.01
Fixation L	1	82	6045439736	6045656735	216999	236.18	493.21	24	8	-1	9.85	9.85
Fixation R	1	83	6045439736	6045656735	216999	236.18	493.21	24	8	-1	10.03	10.03
Fixation L	1	83	6045664986	6045848607	183621	377.79	497.37	48	6	-1	9.88	9.88
Fixation R	1	84	6045664986	6045848607	183621	377.79	497.37	48	6	-1	10.50	10.50
Fixation L	1	84	6045856984	6046107354	250370	524.22	501.66	66	15	-1	10.03	10.03
Fixation R	1	85	6045856984	6046107354	250370	524.22	501.66	66	15	-1	10.71	10.71
Fixation L	1	85	6046115602	6046265852	150250	645.39	505.25	26	7	-1	10.14	10.14
Fixation R	1	86	6046115602	6046265852	150250	645.39	505.25	26	7	-1	10.59	10.59
Fixation L	1	86	6046274226	6046649720	375494	777.30	500.05	40	13	-1	9.85	9.85
Fixation R	1	87	6046274226	6046649720	375494	777.30	500.05	40	13	-1	10.49	10.49
Fixation L	1	87	6046691466	6046849969	158503	167.88	560.87	64	34	-1	9.76	9.76
Fixation R	1	88	6046691466	6046849969	158503	167.88	560.87	64	34	-1	10.16	10.16
Fixation L	1	88	6046858345	6047066960	208615	90.55	577.39	32	13	-1	9.80	9.80
Fixation R	1	89	6046858345	6047066960	208615	90.55	577.39	32	13	-1	10.11	10.11
Fixation L	1	89	6047075210	6047333961	258751	253.04	566.68	21	9	-1	10.05	10.05
Fixation R	1	90	6047075210	6047333961	258751	253.04	566.68	21	9	-1	10.23	10.23
Fixation L	1	90	6047342333	6047484085	141752	331.43	565.41	64	8	-1	10.01	10.01
Fixation R	1	91	6047342333	6047484085	141752	331.43	565.41	64	8	-1	10.55	10.55
Fixation L	1	91	6047492457	6047993197	500740	466.26	566.01	56	14	-1	10.19	10.19
Fixation R	1	92	6047492457	6047993197	500740	466.26	566.01	56	14	-1	10.97	10.97
Fixation L	1	92	6048001445	6048260196	258751	625.19	571.21	20	15	-1	10.40	10.40
Fixation R	1	93	6048001445	6048260196	258751	625.19	571.21	20	15	-1	10.92	10.92
Fixation L	1	93	6048268568	6048744187	475619	733.13	570.92	19	13	-1	10.10	10.10
Fixation R	1	94	6048268568	6048744187	475619	733.13	570.92	19	13	-1	10.77	10.77
Fixation L	1	94	6048752562	6049211432	458870	865.75	572.98	33	5	-1	10.03	10.03
Fixation R	1	95	6048752562	6049211432	458870	865.75	572.98	33	5	-1	10.59	10.59
Fixation L	1	95	6049228181	6049395053	166872	515.56	570.45	92	7	-1	10.12	10.12
Fixation R	1	96	6049228181	6049395053	166872	515.56	570.45	92	7	-1	11.06	11.06
Fixation L	1	96	6049403426	6049495175	91749	512.62	566.44	88	4	-1	10.03	10.03
Fixation R	1	97	6049403426	6049495175	91749	512.62	566.44	88	4	-1	11.03	11.03
Fixation L	1	97	6049503548	6049637057	133509	593.92	572.70	8	6	-1	10.29	10.29
Fixation R	1	98	6049503548	6049637057	133509	593.92	572.70	8	6	-1	11.01	11.01
Fixation L	1	98	6049645424	6050062544	417120	729.31	571.24	48	14	-1	10.02	10.02
Fixation R	1	99	6049645424	6050062544	417120	729.31	571.24	48	14	-1	10.77	10.77
Fixation L	1	99	6050070915	6050563287	492372	904.14	561.65	63	11	-1	10.13	10.13
Fixation R	1	100	6050070915	6050563287	492372	904.14	561.65	63	11	-1	10.59	10.59
Fixation L	1	100	6050655035	6050805279	150244	162.82	609.01	62	33	-1	10.12	10.12
Fixation R	1	101	6050655035	6050805279	150244	162.82	609.01	62	33	-1	10.53	10.53
Fixation L	1	101	6050813657	6051222523	408866	96.86	633.81	32	26	-1	10.12	10.12
Fixation R	1	102	6050813657	6051222523	408866	96.86	633.81	32	26	-1	10.40	10.40
Fixation L	1	102	6051230772	6051431144	200372	196.44	630.57	81	18	-1	10.13	10.13
Fixation R	1	103	6051230772	6051431144	200372	196.44	630.57	81	18	-1	10.31	10.31
Fixation L	1	103	6051439398	6051589647	150249	267.48	613.53	32	8	-1	10.15	10.15
Fixation R	1	104	6051439398	6051589647	150249	267.48	613.53	32	8	-1	10.28	10.28
Fixation L	1	104	6051606393	6051956761	350368	468.34	628.56	48	21	-1	10.33	10.33
Fixation R	1	105	6051606393	6051956761	350368	468.34	628.56	48	21	-1	11.21	11.21
Fixation L	1	105	6051965143	6052232135	266992	615.91	624.84	53	11	-1	10.31	10.31
Fixation R	1	106	6051965143	6052232135	266992	615.91	624.84	53	11	-1	10.80	10.80
Fixation L	1	106	6052240515	6052666133	425618	775.61	627.41	76	11	-1	10.20	10.20
Fixation R	1	107	6052240515	6052666133	425618	775.61	627.41	76	11	-1	10.64	10.64
Fixation L	1	107	6052707875	6052991503	283628	113.90	723.05	61	21	-1	10.03	10.03
Fixation R	1	108	6052707875	6052991503	283628	113.90	723.05	61	21	-1	10.42	10.42
Fixation L	1	108	6053008254	6053250246	241992	317.28	684.57	18	25	-1	10.34	10.34
Fixation R	1	109	6053008254	6053250246	241992	317.28	684.57	18	25	-1	10.42	10.42
Fixation L	1	109	6053258491	6053508864	250373	502.09	682.94	81	9	-1	10.35	10.35
Fixation R	1	110	6053258491	6053508864	250373	502.09	682.94	81	9	-1	11.22	11.22
Fixation L	1	110	6053525615	6053767616	242001	728.67	683.99	27	12	-1	10.18	10.18
Fixation R	1	111	6053525615	6053767616	242001	728.67	683.99	27	12	-1	10.83	10.83
Fixation L	1	111	6053775860	6054001231	225371	848.83	686.76	25	9	-1	10.03	10.03
Fixation R	1	112	6053775860	6054001231	225371	848.83	686.76	25	9	-1	10.63	10.63
Fixation L	1	112	6054076358	6054201485	125127	148.78	76.51	24	17	-1	9.88	9.88
Fixation R	1	113	6054076358	6054201485	125127	148.78	76.51	24	17	-1	10.47	10.47

