[BeGaze]
Converted from:	C:\Program Files\SMI\Experiment Suite 360\Experiment Center 2\Results\Readability_First_01\P02-eye_data.idf
Date:	02.08.2013 11:27:27
Version:	BeGaze 3.2.28
Sample Rate:	120
Subject:	P02
Description:	Run2

Table Header for Fixations:
Event Type	Trial	Number	Start	End	Duration	Location X	Location Y	Dispersion X	Dispersion Y	Plane	Avg. Pupil Size X	Avg. Pupil Size Y


Fixation L	1	1	6140901194	6141260033	358839	113.39	81.32	55	23	-1	9.92	9.92
Fixation R	1	1	6140901194	6141260033	358839	113.39	81.32	55	23	-1	10.50	10.50
Fixation L	1	2	6141268283	6141476919	208636	229.87	50.91	53	45	-1	9.94	9.94
Fixation R	1	2	6141268283	6141476919	208636	229.87	50.91	53	45	-1	10.19	10.19
Fixation L	1	3	6141502032	6141777407	275375	395.53	37.10	33	14	-1	9.82	9.82
Fixation R	1	3	6141502032	6141777407	275375	395.53	37.10	33	14	-1	10.03	10.03
Fixation L	1	4	6141785650	6141919149	133499	543.20	25.67	20	23	-1	10.38	10.38
Fixation R	1	4	6141785650	6141919149	133499	543.20	25.67	20	23	-1	10.17	10.17
Fixation L	1	5	6141994273	6142111146	116873	538.82	37.34	55	31	-1	10.04	10.04
Fixation R	1	5	6141994273	6142111146	116873	538.82	37.34	55	31	-1	10.16	10.16
Fixation L	1	6	6142119521	6142611763	492242	688.36	43.88	44	23	-1	10.04	10.04
Fixation R	1	6	6142119521	6142611763	492242	688.36	43.88	44	23	-1	10.28	10.28
Fixation L	1	7	6142620140	6142812017	191877	812.66	24.43	29	17	-1	9.93	9.93
Fixation R	1	7	6142620140	6142812017	191877	812.66	24.43	29	17	-1	10.04	10.04
Fixation L	1	8	6142820385	6142987260	166875	909.67	32.91	64	11	-1	9.81	9.81
Fixation R	1	8	6142820385	6142987260	166875	909.67	32.91	64	11	-1	9.94	9.94
Fixation L	1	9	6143037385	6143204260	166875	174.13	101.98	63	19	-1	9.74	9.74
Fixation R	1	9	6143037385	6143204260	166875	174.13	101.98	63	19	-1	10.36	10.36
Fixation L	1	10	6143212632	6143463002	250370	99.41	111.11	37	19	-1	9.92	9.92
Fixation R	1	10	6143212632	6143463002	250370	99.41	111.11	37	19	-1	10.41	10.41
Fixation L	1	11	6143471252	6143696626	225374	264.51	98.05	35	31	-1	10.05	10.05
Fixation R	1	11	6143471252	6143696626	225374	264.51	98.05	35	31	-1	10.33	10.33
Fixation L	1	12	6143704877	6143821747	116870	342.58	87.84	19	48	-1	9.96	9.96
Fixation R	1	12	6143704877	6143821747	116870	342.58	87.84	19	48	-1	10.20	10.20
Fixation L	1	13	6143930250	6144047118	116868	392.44	87.14	66	11	-1	10.08	10.08
Fixation R	1	13	6143930250	6144047118	116868	392.44	87.14	66	11	-1	10.51	10.51
Fixation L	1	14	6144055374	6144238991	183617	521.86	96.35	37	12	-1	10.62	10.62
Fixation R	1	14	6144055374	6144238991	183617	521.86	96.35	37	12	-1	10.74	10.74
Fixation L	1	15	6144247364	6144564364	317000	632.65	80.16	51	23	-1	10.47	10.47
Fixation R	1	15	6144247364	6144564364	317000	632.65	80.16	51	23	-1	10.77	10.77
Fixation L	1	16	6144572735	6144856488	283753	767.37	80.96	21	15	-1	10.30	10.30
Fixation R	1	16	6144572735	6144856488	283753	767.37	80.96	21	15	-1	10.44	10.44
Fixation L	1	17	6144898231	6145031733	133502	178.87	133.38	53	31	-1	10.14	10.14
Fixation R	1	17	6144898231	6145031733	133502	178.87	133.38	53	31	-1	10.66	10.66
Fixation L	1	18	6145040108	6145315471	275363	96.44	160.48	59	31	-1	10.06	10.06
Fixation R	1	18	6145040108	6145315471	275363	96.44	160.48	59	31	-1	10.49	10.49
Fixation L	1	19	6145323722	6145524092	200370	217.05	149.25	16	15	-1	10.17	10.17
Fixation R	1	19	6145323722	6145524092	200370	217.05	149.25	16	15	-1	10.54	10.54
Fixation L	1	20	6145532352	6145849466	317114	414.70	130.68	57	13	-1	10.11	10.11
Fixation R	1	20	6145532352	6145849466	317114	414.70	130.68	57	13	-1	10.26	10.26
Fixation L	1	21	6145857847	6146199957	342110	576.38	124.27	75	19	-1	9.78	9.78
Fixation R	1	21	6145857847	6146199957	342110	576.38	124.27	75	19	-1	10.00	10.00
Fixation L	1	22	6146208335	6146375206	166871	513.56	127.02	35	6	-1	9.75	9.75
Fixation R	1	22	6146208335	6146375206	166871	513.56	127.02	35	6	-1	9.97	9.97
Fixation L	1	23	6146383589	6146717326	333737	741.43	134.05	63	7	-1	9.69	9.69
Fixation R	1	23	6146383589	6146717326	333737	741.43	134.05	63	7	-1	9.92	9.92
Fixation L	1	24	6146725700	6146959329	233629	875.16	118.41	33	21	-1	9.75	9.75
Fixation R	1	24	6146725700	6146959329	233629	875.16	118.41	33	21	-1	9.90	9.90
Fixation L	1	25	6147009325	6147243069	233744	119.25	204.59	62	36	-1	9.64	9.64
Fixation R	1	25	6147009325	6147243069	233744	119.25	204.59	62	36	-1	10.10	10.10
Fixation L	1	26	6147251317	6147351441	100124	90.57	218.26	39	28	-1	9.79	9.79
Fixation R	1	26	6147251317	6147351441	100124	90.57	218.26	39	28	-1	10.05	10.05
Fixation L	1	27	6147468315	6147551813	83498	39.37	256.82	51	46	-1	10.09	10.09
Fixation R	1	27	6147468315	6147551813	83498	39.37	256.82	51	46	-1	10.04	10.04
Fixation L	1	28	6147560071	6147994058	433987	74.56	226.98	35	14	-1	9.98	9.98
Fixation R	1	28	6147560071	6147994058	433987	74.56	226.98	35	14	-1	10.34	10.34
Fixation L	1	29	6148002311	6148227679	225368	197.40	214.56	71	19	-1	10.16	10.16
Fixation R	1	29	6148002311	6148227679	225368	197.40	214.56	71	19	-1	10.43	10.43
Fixation L	1	30	6148244304	6148461307	217003	349.83	218.81	43	9	-1	10.14	10.14
Fixation R	1	30	6148244304	6148461307	217003	349.83	218.81	43	9	-1	10.42	10.42
Fixation L	1	31	6148469674	6148828419	358745	462.10	201.91	28	17	-1	9.82	9.82
Fixation R	1	31	6148469674	6148828419	358745	462.10	201.91	28	17	-1	10.04	10.04
Fixation L	1	32	6148836802	6149012045	175243	626.95	196.18	87	11	-1	9.65	9.65
Fixation R	1	32	6148836802	6149012045	175243	626.95	196.18	87	11	-1	9.93	9.93
Fixation L	1	33	6149020416	6149195663	175247	626.60	181.25	45	18	-1	9.69	9.69
Fixation R	1	33	6149020416	6149195663	175247	626.60	181.25	45	18	-1	9.91	9.91
Fixation L	1	34	6149204039	6149379162	175123	788.02	195.79	32	10	-1	9.74	9.74
Fixation R	1	34	6149204039	6149379162	175123	788.02	195.79	32	10	-1	10.02	10.02
Fixation L	1	35	6149387541	6149521035	133494	912.63	200.69	40	8	-1	9.68	9.68
Fixation R	1	35	6149387541	6149521035	133494	912.63	200.69	40	8	-1	9.89	9.89
Fixation L	1	36	6149571159	6149654531	83372	189.82	253.19	65	33	-1	9.73	9.73
Fixation R	1	36	6149571159	6149654531	83372	189.82	253.19	65	33	-1	10.12	10.12
Fixation L	1	37	6149662915	6150005027	342112	136.72	270.27	75	13	-1	9.85	9.85
Fixation R	1	37	6149662915	6150005027	342112	136.72	270.27	75	13	-1	10.11	10.11
Fixation L	1	38	6150021777	6150322151	300374	376.97	257.90	36	24	-1	9.90	9.90
Fixation R	1	38	6150021777	6150322151	300374	376.97	257.90	36	24	-1	10.11	10.11
Fixation L	1	39	6150330524	6150714392	383868	498.81	241.16	27	25	-1	9.69	9.69
Fixation R	1	39	6150330524	6150714392	383868	498.81	241.16	27	25	-1	9.96	9.96
Fixation L	1	40	6150722643	6150847891	125248	649.52	235.99	85	14	-1	9.69	9.69
Fixation R	1	40	6150722643	6150847891	125248	649.52	235.99	85	14	-1	9.80	9.80
Fixation L	1	41	6150856139	6151231759	375620	686.00	256.41	60	22	-1	9.68	9.68
Fixation R	1	41	6150856139	6151231759	375620	686.00	256.41	60	22	-1	9.95	9.95
Fixation L	1	42	6151240015	6151448631	208616	770.34	263.46	77	14	-1	9.63	9.63
Fixation R	1	42	6151240015	6151448631	208616	770.34	263.46	77	14	-1	10.00	10.00
Fixation L	1	43	6151457003	6151665633	208630	815.64	261.91	25	12	-1	9.75	9.75
Fixation R	1	43	6151457003	6151665633	208630	815.64	261.91	25	12	-1	10.06	10.06
Fixation L	1	44	6151715631	6151966004	250373	115.87	331.64	22	26	-1	9.65	9.65
Fixation R	1	44	6151715631	6151966004	250373	115.87	331.64	22	26	-1	10.03	10.03
Fixation L	1	45	6151974372	6152166250	191878	193.35	327.89	67	16	-1	9.72	9.72
Fixation R	1	45	6151974372	6152166250	191878	193.35	327.89	67	16	-1	9.96	9.96
Fixation L	1	46	6152174620	6152399990	225370	332.72	322.71	24	17	-1	9.72	9.72
Fixation R	1	46	6152174620	6152399990	225370	332.72	322.71	24	17	-1	9.97	9.97
Fixation L	1	47	6152408239	6152516742	108503	455.75	330.70	14	5	-1	9.75	9.75
Fixation R	1	47	6152408239	6152516742	108503	455.75	330.70	14	5	-1	10.01	10.01
Fixation L	1	48	6152650239	6152783733	133494	563.37	297.76	51	26	-1	9.22	9.22
Fixation R	1	48	6152650239	6152783733	133494	563.37	297.76	51	26	-1	9.12	9.12
Fixation L	1	49	6152792115	6152958981	166866	639.99	327.23	60	19	-1	9.86	9.86
Fixation R	1	49	6152792115	6152958981	166866	639.99	327.23	60	19	-1	10.24	10.24
Fixation L	1	50	6152967360	6153217732	250372	745.43	321.45	53	21	-1	9.75	9.75
Fixation R	1	50	6152967360	6153217732	250372	745.43	321.45	53	21	-1	10.00	10.00
Fixation L	1	51	6153226102	6153434597	208495	884.06	319.30	52	10	-1	9.43	9.43
Fixation R	1	51	6153226102	6153434597	208495	884.06	319.30	52	10	-1	9.77	9.77
Fixation L	1	52	6153484724	6153676602	191878	138.50	379.15	74	25	-1	9.66	9.66
Fixation R	1	52	6153484724	6153676602	191878	138.50	379.15	74	25	-1	10.07	10.07
Fixation L	1	53	6153684970	6153893599	208629	92.58	389.65	80	6	-1	9.65	9.65
Fixation R	1	53	6153684970	6153893599	208629	92.58	389.65	80	6	-1	9.99	9.99
Fixation L	1	54	6153901970	6154394343	492373	189.36	381.06	57	19	-1	9.73	9.73
Fixation R	1	54	6153901970	6154394343	492373	189.36	381.06	57	19	-1	9.93	9.93
Fixation L	1	55	6154402585	6154586208	183623	362.21	384.68	51	17	-1	9.74	9.74
Fixation R	1	55	6154402585	6154586208	183623	362.21	384.68	51	17	-1	10.06	10.06
Fixation L	1	56	6154594589	6155136947	542358	463.41	383.98	77	17	-1	9.71	9.71
Fixation R	1	56	6154594589	6155136947	542358	463.41	383.98	77	17	-1	10.16	10.16
Fixation L	1	57	6155145330	6155370571	225241	589.63	385.56	41	13	-1	9.70	9.70
Fixation R	1	57	6155145330	6155370571	225241	589.63	385.56	41	13	-1	10.08	10.08
Fixation L	1	58	6155378951	6155562566	183615	706.27	380.22	35	9	-1	9.74	9.74
Fixation R	1	58	6155378951	6155562566	183615	706.27	380.22	35	9	-1	10.09	10.09
Fixation L	1	59	6155570820	6155787814	216994	803.58	377.50	32	8	-1	9.62	9.62
Fixation R	1	59	6155570820	6155787814	216994	803.58	377.50	32	8	-1	10.04	10.04
Fixation L	1	60	6155796194	6156046442	250248	934.64	377.30	26	6	-1	9.54	9.54
Fixation R	1	60	6155796194	6156046442	250248	934.64	377.30	26	6	-1	9.97	9.97
Fixation L	1	61	6156104934	6156438679	333745	136.78	454.84	43	33	-1	9.59	9.59
Fixation R	1	61	6156104934	6156438679	333745	136.78	454.84	43	33	-1	9.87	9.87
Fixation L	1	62	6156455431	6156730798	275367	307.18	446.97	24	15	-1	9.84	9.84
Fixation R	1	62	6156455431	6156730798	275367	307.18	446.97	24	15	-1	10.03	10.03
Fixation L	1	63	6156739049	6156847554	108505	415.00	487.23	10	35	-1	9.83	9.83
Fixation R	1	63	6156739049	6156847554	108505	415.00	487.23	10	35	-1	10.49	10.49
Fixation L	1	64	6156855924	6157147924	292000	590.74	504.38	84	7	-1	9.86	9.86
Fixation R	1	64	6156855924	6157147924	292000	590.74	504.38	84	7	-1	10.23	10.23
Fixation L	1	65	6157164669	6157356543	191874	704.49	509.15	20	6	-1	9.78	9.78
Fixation R	1	65	6157164669	6157356543	191874	704.49	509.15	20	6	-1	10.19	10.19
Fixation L	1	66	6157364914	6157573541	208627	563.71	501.39	33	10	-1	9.74	9.74
Fixation R	1	66	6157364914	6157573541	208627	563.71	501.39	33	10	-1	10.16	10.16
Fixation L	1	67	6157590287	6157832284	241997	781.45	508.74	39	9	-1	9.50	9.50
Fixation R	1	67	6157590287	6157832284	241997	781.45	508.74	39	9	-1	10.06	10.06
Fixation L	1	68	6157882286	6158049162	166876	155.04	562.18	75	23	-1	9.50	9.50
Fixation R	1	68	6157882286	6158049162	166876	155.04	562.18	75	23	-1	9.81	9.81
Fixation L	1	69	6158057529	6158257778	200249	93.35	576.99	15	15	-1	9.51	9.51
Fixation R	1	69	6158057529	6158257778	200249	93.35	576.99	15	15	-1	9.82	9.82
Fixation L	1	70	6158274529	6158483152	208623	333.09	561.91	66	26	-1	9.87	9.87
Fixation R	1	70	6158274529	6158483152	208623	333.09	561.91	66	26	-1	10.26	10.26
Fixation L	1	71	6158491399	6158783522	292123	495.29	567.93	39	16	-1	9.81	9.81
Fixation R	1	71	6158491399	6158783522	292123	495.29	567.93	39	16	-1	10.38	10.38
Fixation L	1	72	6158791896	6159000523	208627	657.03	563.72	34	7	-1	9.95	9.95
Fixation R	1	72	6158791896	6159000523	208627	657.03	563.72	34	7	-1	10.13	10.13
Fixation L	1	73	6159017142	6159275887	258745	874.78	567.81	41	9	-1	9.50	9.50
Fixation R	1	73	6159017142	6159275887	258745	874.78	567.81	41	9	-1	9.91	9.91
Fixation L	1	74	6159334262	6159576259	241997	126.69	618.51	55	44	-1	9.44	9.44
Fixation R	1	74	6159334262	6159576259	241997	126.69	618.51	55	44	-1	9.70	9.70
Fixation L	1	75	6159584634	6159726383	141749	79.46	623.76	27	8	-1	9.63	9.63
Fixation R	1	75	6159584634	6159726383	141749	79.46	623.76	27	8	-1	9.81	9.81
Fixation L	1	76	6159734755	6160143624	408869	254.15	615.76	70	14	-1	9.93	9.93
Fixation R	1	76	6159734755	6160143624	408869	254.15	615.76	70	14	-1	9.90	9.90
Fixation L	1	77	6160152003	6160360620	208617	399.28	618.88	74	5	-1	10.13	10.13
Fixation R	1	77	6160152003	6160360620	208617	399.28	618.88	74	5	-1	10.69	10.69
Fixation L	1	78	6160368995	6160727742	358747	580.72	618.55	14	12	-1	10.23	10.23
Fixation R	1	78	6160368995	6160727742	358747	580.72	618.55	14	12	-1	10.66	10.66
Fixation L	1	79	6160736113	6161011486	275373	716.28	618.71	75	7	-1	10.04	10.04
Fixation R	1	79	6160736113	6161011486	275373	716.28	618.71	75	7	-1	10.43	10.43
Fixation L	1	80	6161019860	6161386982	367122	819.87	620.04	18	8	-1	9.75	9.75
Fixation R	1	80	6161019860	6161386982	367122	819.87	620.04	18	8	-1	10.35	10.35
Fixation L	1	81	6161395354	6161587228	191874	710.23	623.32	89	8	-1	10.24	10.24
Fixation R	1	81	6161395354	6161587228	191874	710.23	623.32	89	8	-1	10.81	10.81
Fixation L	1	82	6161737475	6161904353	166878	872.27	623.77	42	53	-1	10.36	10.36
Fixation R	1	82	6161737475	6161904353	166878	872.27	623.77	42	53	-1	10.46	10.46
Fixation L	1	83	6161912721	6162213092	300371	838.47	606.34	28	10	-1	9.94	9.94
Fixation R	1	83	6161912721	6162213092	300371	838.47	606.34	28	10	-1	10.72	10.72
Fixation L	1	84	6162221466	6162655343	433877	912.62	620.68	39	8	-1	9.74	9.74
Fixation R	1	84	6162221466	6162655343	433877	912.62	620.68	39	8	-1	10.51	10.51
Fixation L	1	85	6162713836	6162930707	216871	108.08	682.45	78	17	-1	10.09	10.09
Fixation R	1	85	6162713836	6162930707	216871	108.08	682.45	78	17	-1	10.23	10.23
Fixation L	1	86	6162939081	6163097578	158497	54.85	696.14	19	14	-1	10.08	10.08
Fixation R	1	86	6162939081	6163097578	158497	54.85	696.14	19	14	-1	10.24	10.24
Fixation R	1	87	6163105959	6163381326	275367	155.93	657.95	38	28	-1	10.11	10.11
Fixation L	1	87	6163381326	6163514822	133496	254.34	670.61	84	14	-1	10.33	10.33
Fixation R	1	88	6163389698	6163531573	141875	259.93	672.01	35	36	-1	10.32	10.32
Fixation L	1	88	6163840316	6163940441	100125	577.07	647.95	38	55	-1	9.86	9.86
Fixation R	1	89	6163840316	6163940441	100125	577.07	647.95	38	55	-1	11.11	11.11
Fixation L	1	89	6163982069	6164065563	83494	669.90	667.81	69	30	-1	10.45	10.45
Fixation R	1	90	6163982069	6164065563	83494	669.90	667.81	69	30	-1	11.13	11.13
Fixation L	1	90	6164073938	6164174060	100122	699.42	658.59	76	7	-1	10.10	10.10
Fixation R	1	91	6164073938	6164174060	100122	699.42	658.59	76	7	-1	10.99	10.99
Fixation L	1	91	6164182441	6164382688	200247	776.72	669.31	86	13	-1	10.19	10.19
Fixation R	1	92	6164182441	6164382688	200247	776.72	669.31	86	13	-1	10.81	10.81
Fixation L	1	92	6164391058	6164557933	166875	854.90	684.85	22	11	-1	10.07	10.07
Fixation R	1	93	6164391058	6164557933	166875	854.90	684.85	22	11	-1	10.61	10.61
Fixation L	1	93	6164566308	6164699805	133497	939.23	693.12	20	6	-1	9.91	9.91
Fixation R	1	94	6164566308	6164699805	133497	939.23	693.12	20	6	-1	10.32	10.32

