[BeGaze]
Converted from:	C:\Program Files\SMI\Experiment Suite 360\Experiment Center 2\Results\Readability_First_01\P02-eye_data.idf
Date:	02.08.2013 11:27:27
Version:	BeGaze 3.2.28
Sample Rate:	120
Subject:	P02
Description:	Run2

Table Header for Fixations:
Event Type	Trial	Number	Start	End	Duration	Location X	Location Y	Dispersion X	Dispersion Y	Plane	Avg. Pupil Size X	Avg. Pupil Size Y


Fixation L	1	1	6333901017	6334084615	183598	103.35	42.48	31	11	-1	10.95	10.95
Fixation R	1	1	6333901017	6334084615	183598	103.35	42.48	31	11	-1	11.43	11.43
Fixation L	1	2	6334092991	6334309862	216871	226.60	36.57	33	35	-1	10.41	10.41
Fixation R	1	2	6334092991	6334309862	216871	226.60	36.57	33	35	-1	10.75	10.75
Fixation L	1	3	6334318236	6334543482	225246	328.19	22.91	91	6	-1	9.52	9.52
Fixation R	1	3	6334318236	6334543482	225246	328.19	22.91	91	6	-1	9.79	9.79
Fixation L	1	4	6334551858	6334677110	125252	389.21	15.25	34	8	-1	9.52	9.52
Fixation R	1	4	6334551858	6334677110	125252	389.21	15.25	34	8	-1	9.91	9.91
Fixation L	1	5	6334685356	6334927357	242001	501.27	4.02	37	10	-1	9.69	9.69
Fixation R	1	5	6334685356	6334927357	242001	501.27	4.02	37	10	-1	10.00	10.00
Fixation L	1	6	6334935728	6335069223	133495	613.05	5.89	52	16	-1	9.32	9.32
Fixation R	1	6	6334935728	6335069223	133495	613.05	5.89	52	16	-1	9.99	9.99
Fixation L	1	7	6335077603	6335503222	425619	466.92	22.30	68	10	-1	9.93	9.93
Fixation R	1	7	6335077603	6335503222	425619	466.92	22.30	68	10	-1	10.25	10.25
Fixation L	1	8	6335519842	6335811964	292122	641.88	13.18	50	13	-1	10.02	10.02
Fixation R	1	8	6335553218	6335811964	258746	640.58	13.34	34	13	-1	10.15	10.15
Fixation L	1	9	6335820210	6336053967	233757	790.09	15.00	64	14	-1	9.93	9.93
Fixation R	1	9	6335820210	6336053967	233757	790.09	15.00	64	14	-1	10.17	10.17
Fixation L	1	10	6336062210	6336220831	158621	637.29	25.76	80	2	-1	9.93	9.93
Fixation R	1	10	6336062210	6336220831	158621	637.29	25.76	80	2	-1	10.20	10.20
Fixation R	1	11	6336229087	6336337580	108493	882.39	16.86	85	13	-1	10.16	10.16
Fixation L	1	11	6336270829	6336471079	200250	883.62	26.54	25	31	-1	10.09	10.09
Fixation R	1	12	6336345960	6336471079	125119	881.50	32.60	22	25	-1	10.29	10.29
Fixation L	1	12	6336521202	6336763201	241999	154.94	95.10	53	24	-1	10.03	10.03
Fixation R	1	13	6336521202	6336763201	241999	154.94	95.10	53	24	-1	10.64	10.64
Fixation R	1	14	6336771575	6336988447	216872	302.18	93.95	45	11	-1	10.40	10.40
Fixation L	1	13	6336888322	6336988447	100125	304.32	94.23	24	6	-1	9.99	9.99
Fixation L	1	14	6336996819	6337172070	175251	451.86	82.66	36	13	-1	9.97	9.97
Fixation R	1	15	6336996819	6337172070	175251	451.86	82.66	36	13	-1	10.13	10.13
Fixation L	1	15	6337180446	6337389074	208628	575.00	75.20	85	14	-1	9.83	9.83
Fixation R	1	16	6337180446	6337389074	208628	575.00	75.20	85	14	-1	10.10	10.10
Fixation L	1	16	6337397314	6337614313	216999	747.96	70.76	33	12	-1	9.85	9.85
Fixation R	1	17	6337397314	6337614313	216999	747.96	70.76	33	12	-1	9.99	9.99
Fixation L	1	17	6337656064	6337839684	183620	133.17	149.87	47	50	-1	9.53	9.53
Fixation R	1	18	6337656064	6337839684	183620	133.17	149.87	47	50	-1	10.09	10.09
Fixation L	1	18	6337923057	6338131681	208624	253.21	141.82	21	17	-1	9.65	9.65
Fixation R	1	19	6337923057	6338131681	208624	253.21	141.82	21	17	-1	10.05	10.05
Fixation L	1	19	6338140055	6338365299	225244	392.51	122.87	33	16	-1	9.76	9.76
Fixation R	1	20	6338140055	6338365299	225244	392.51	122.87	33	16	-1	10.02	10.02
Fixation L	1	20	6338373676	6338657424	283748	548.76	126.83	25	20	-1	9.65	9.65
Fixation R	1	21	6338373676	6338657424	283748	548.76	126.83	25	20	-1	9.93	9.93
Fixation L	1	21	6338665796	6338891042	225246	732.43	133.15	73	14	-1	9.76	9.76
Fixation R	1	22	6338665796	6338891042	225246	732.43	133.15	73	14	-1	10.05	10.05
Fixation L	1	22	6338899415	6339383409	483994	581.72	148.78	79	15	-1	9.86	9.86
Fixation R	1	23	6338899415	6339383409	483994	581.72	148.78	79	15	-1	10.24	10.24
Fixation L	1	23	6339391659	6339558662	167003	644.96	151.85	49	12	-1	9.82	9.82
Fixation R	1	24	6339391659	6339558662	167003	644.96	151.85	49	12	-1	10.20	10.20
Fixation L	1	24	6339566903	6339733779	166876	792.76	136.58	28	10	-1	9.80	9.80
Fixation R	1	25	6339566903	6339733779	166876	792.76	136.58	28	10	-1	9.97	9.97
Fixation L	1	25	6339742151	6339942399	200248	903.49	148.02	34	13	-1	9.80	9.80
Fixation R	1	26	6339742151	6339942399	200248	903.49	148.02	34	13	-1	9.68	9.68
Fixation L	1	26	6340000899	6340434770	433871	115.32	220.17	61	32	-1	9.81	9.81
Fixation R	1	27	6340000899	6340434770	433871	115.32	220.17	61	32	-1	10.33	10.33
Fixation L	1	27	6340443142	6340618388	175246	239.65	207.05	20	18	-1	9.77	9.77
Fixation R	1	28	6340443142	6340618388	175246	239.65	207.05	20	18	-1	10.13	10.13
Fixation L	1	28	6340626763	6340860391	233628	397.64	199.67	77	5	-1	9.85	9.85
Fixation R	1	29	6340626763	6340860391	233628	397.64	199.67	77	5	-1	10.06	10.06
Fixation L	1	29	6340868634	6341119006	250372	610.45	184.48	74	16	-1	9.65	9.65
Fixation R	1	30	6340868634	6341119006	250372	610.45	184.48	74	16	-1	9.94	9.94
Fixation L	1	30	6341127382	6341294253	166871	803.06	192.91	87	6	-1	9.64	9.64
Fixation R	1	31	6341127382	6341294253	166871	803.06	192.91	87	6	-1	9.86	9.86
Fixation L	1	31	6341302629	6341411134	108505	903.63	203.20	22	22	-1	9.65	9.65
Fixation R	1	32	6341302629	6341411134	108505	903.63	203.20	22	22	-1	9.80	9.80
Fixation L	1	32	6341461129	6341694747	233618	146.13	262.06	58	40	-1	9.63	9.63
Fixation R	1	33	6341461129	6341694747	233618	146.13	262.06	58	40	-1	9.96	9.96
Fixation L	1	33	6341719871	6341970122	250251	282.95	252.71	68	16	-1	9.91	9.91
Fixation R	1	34	6341719871	6341970122	250251	282.95	252.71	68	16	-1	10.20	10.20
Fixation L	1	34	6341978495	6342145366	166871	397.34	250.32	26	11	-1	9.80	9.80
Fixation R	1	35	6341978495	6342145366	166871	397.34	250.32	26	11	-1	10.21	10.21
Fixation L	1	35	6342153739	6342529239	375500	555.63	256.59	84	7	-1	9.74	9.74
Fixation R	1	36	6342153739	6342529239	375500	555.63	256.59	84	7	-1	10.08	10.08
Fixation L	1	36	6342537614	6342754606	216992	705.94	252.89	21	7	-1	9.68	9.68
Fixation R	1	37	6342537614	6342754606	216992	705.94	252.89	21	7	-1	9.92	9.92
Fixation L	1	37	6342762858	6342904728	141870	816.60	253.74	45	6	-1	9.65	9.65
Fixation R	1	38	6342762858	6342904728	141870	816.60	253.74	45	6	-1	10.01	10.01
Fixation L	1	38	6342946478	6343171726	225248	133.25	329.35	42	13	-1	9.67	9.67
Fixation R	1	39	6342946478	6343171726	225248	133.25	329.35	42	13	-1	10.10	10.10
Fixation L	1	39	6343180100	6343413721	233621	269.51	317.61	40	19	-1	9.89	9.89
Fixation R	1	40	6343180100	6343413721	233621	269.51	317.61	40	19	-1	10.10	10.10
Fixation L	1	40	6343422097	6343605717	183620	425.54	308.27	61	16	-1	9.83	9.83
Fixation R	1	41	6343422097	6343605717	183620	425.54	308.27	61	16	-1	10.22	10.22
Fixation L	1	41	6343614096	6343889506	275410	570.92	320.29	18	12	-1	9.72	9.72
Fixation R	1	42	6343614096	6343889506	275410	570.92	320.29	18	12	-1	10.01	10.01
Fixation L	1	42	6343897721	6344072959	175238	738.45	313.53	77	15	-1	9.55	9.55
Fixation R	1	43	6343897721	6344072959	175238	738.45	313.53	77	15	-1	9.83	9.83
Fixation L	1	43	6344081335	6344306584	225249	888.98	301.03	69	12	-1	9.54	9.54
Fixation R	1	44	6344081335	6344306584	225249	888.98	301.03	69	12	-1	9.75	9.75
Fixation L	1	44	6344356705	6344515208	158503	186.53	372.58	43	20	-1	9.58	9.58
Fixation R	1	45	6344356705	6344515208	158503	186.53	372.58	43	20	-1	9.94	9.94
Fixation L	1	45	6344523579	6344690456	166877	95.45	381.33	55	11	-1	9.57	9.57
Fixation R	1	46	6344523579	6344690456	166877	95.45	381.33	55	11	-1	9.88	9.88
Fixation L	1	46	6344698827	6344865703	166876	287.90	366.62	27	22	-1	9.83	9.83
Fixation R	1	47	6344698827	6344865703	166876	287.90	366.62	27	22	-1	9.95	9.95
Fixation L	1	47	6344874077	6345124445	250368	386.33	375.44	17	16	-1	9.84	9.84
Fixation R	1	48	6344874077	6345124445	250368	386.33	375.44	17	16	-1	10.15	10.15
Fixation L	1	48	6345141076	6345566693	425617	583.04	381.11	83	15	-1	9.79	9.79
Fixation R	1	49	6345141076	6345566693	425617	583.04	381.11	83	15	-1	10.06	10.06
Fixation L	1	49	6345633440	6345967185	333745	779.88	383.00	17	10	-1	9.70	9.70
Fixation R	1	50	6345633440	6345967185	333745	779.88	383.00	17	10	-1	9.89	9.89
Fixation L	1	50	6346017309	6346184179	166870	150.53	441.00	62	30	-1	9.45	9.45
Fixation R	1	51	6346017309	6346184179	166870	150.53	441.00	62	30	-1	9.80	9.80
Fixation L	1	51	6346426175	6346576298	150123	321.75	414.84	28	22	-1	9.78	9.78
Fixation R	1	52	6346426175	6346576298	150123	321.75	414.84	28	22	-1	9.87	9.87
Fixation L	1	52	6346593054	6346826671	233617	483.26	436.98	81	16	-1	9.92	9.92
Fixation R	1	53	6346593054	6346826671	233617	483.26	436.98	81	16	-1	10.35	10.35
Fixation L	1	53	6346835052	6347001918	166866	556.08	437.99	15	15	-1	9.78	9.78
Fixation R	1	54	6346835052	6347001918	166866	556.08	437.99	15	15	-1	10.00	10.00
Fixation L	1	54	6347010295	6347210541	200246	695.17	433.28	56	5	-1	9.78	9.78
Fixation R	1	55	6347010295	6347210541	200246	695.17	433.28	56	5	-1	10.07	10.07
Fixation L	1	55	6347218915	6347519287	300372	867.44	431.79	86	8	-1	9.44	9.44
Fixation R	1	56	6347218915	6347519287	300372	867.44	431.79	86	8	-1	9.82	9.82
Fixation L	1	56	6347569410	6347736290	166880	140.19	503.70	42	48	-1	9.45	9.45
Fixation R	1	57	6347569410	6347736290	166880	140.19	503.70	42	48	-1	9.80	9.80
Fixation L	1	57	6347744537	6347978278	233741	80.22	509.53	44	7	-1	9.59	9.59
Fixation R	1	58	6347744537	6347978278	233741	80.22	509.53	44	7	-1	9.89	9.89
Fixation L	1	58	6347994905	6348186905	192000	260.41	495.05	29	8	-1	9.95	9.95
Fixation R	1	59	6347994905	6348186905	192000	260.41	495.05	29	8	-1	10.06	10.06
Fixation L	1	59	6348195147	6348403769	208622	425.84	501.31	63	11	-1	9.98	9.98
Fixation R	1	60	6348195147	6348403769	208622	425.84	501.31	63	11	-1	10.47	10.47
Fixation L	1	60	6348420523	6348629140	208617	607.69	502.13	84	5	-1	9.89	9.89
Fixation R	1	61	6348420523	6348629140	208617	607.69	502.13	84	5	-1	10.30	10.30
Fixation L	1	61	6348637400	6348804392	166992	782.25	493.91	84	9	-1	9.60	9.60
Fixation R	1	62	6348637400	6348804392	166992	782.25	493.91	84	9	-1	10.11	10.11
Fixation L	1	62	6348812642	6348987890	175248	910.32	497.06	38	8	-1	9.55	9.55
Fixation R	1	63	6348812642	6348987890	175248	910.32	497.06	38	8	-1	9.92	9.92
Fixation L	1	63	6349046385	6349288386	242001	113.96	570.32	37	19	-1	9.65	9.65
Fixation R	1	64	6349046385	6349288386	242001	113.96	570.32	37	19	-1	9.87	9.87
Fixation L	1	64	6349296631	6349730624	433993	239.26	561.15	80	11	-1	9.96	9.96
Fixation R	1	65	6349296631	6349730624	433993	239.26	561.15	80	11	-1	10.04	10.04
Fixation L	1	65	6349738882	6349980871	241989	419.20	562.47	92	4	-1	9.83	9.83
Fixation R	1	66	6349738882	6349980871	241989	419.20	562.47	92	4	-1	10.43	10.43
Fixation L	1	66	6349989251	6350106120	116869	523.80	568.00	96	3	-1	10.08	10.08
Fixation R	1	67	6349989251	6350106120	116869	523.80	568.00	96	3	-1	10.57	10.57
Fixation L	1	67	6350114498	6350573362	458864	539.21	571.65	14	11	-1	10.04	10.04
Fixation R	1	68	6350114498	6350573362	458864	539.21	571.65	14	11	-1	10.55	10.55
Fixation L	1	68	6350581736	6350773610	191874	621.06	572.08	29	11	-1	9.88	9.88
Fixation R	1	69	6350581736	6350773610	191874	621.06	572.08	29	11	-1	10.27	10.27
Fixation L	1	69	6350781984	6351082355	300371	738.89	558.45	79	9	-1	9.69	9.69
Fixation R	1	70	6350781984	6351082355	300371	738.89	558.45	79	9	-1	10.22	10.22
Fixation L	1	70	6351090736	6351215855	125119	802.13	551.28	14	4	-1	9.47	9.47
Fixation R	1	71	6351090736	6351215855	125119	802.13	551.28	14	4	-1	10.10	10.10
Fixation L	1	71	6351265980	6351516357	250377	128.97	624.64	61	37	-1	9.67	9.67
Fixation R	1	72	6351265980	6351516357	250377	128.97	624.64	61	37	-1	9.83	9.83
Fixation L	1	72	6351524724	6351691474	166750	95.76	635.93	33	17	-1	9.83	9.83
Fixation R	1	73	6351524724	6351691474	166750	95.76	635.93	33	17	-1	9.97	9.97
Fixation L	1	73	6351699846	6351991972	292126	243.13	626.15	68	19	-1	10.14	10.14
Fixation R	1	74	6351699846	6351991972	292126	243.13	626.15	68	19	-1	10.05	10.05
Fixation L	1	74	6352000342	6352225590	225248	347.29	625.24	81	8	-1	10.20	10.20
Fixation R	1	75	6352000342	6352225590	225248	347.29	625.24	81	8	-1	10.59	10.59
Fixation L	1	75	6352233966	6352450964	216998	439.27	622.10	21	5	-1	10.14	10.14
Fixation R	1	76	6352233966	6352450964	216998	439.27	622.10	21	5	-1	10.90	10.90
Fixation L	1	76	6352459211	6352684579	225368	591.27	632.57	53	19	-1	10.43	10.43
Fixation R	1	77	6352459211	6352684579	225368	591.27	632.57	53	19	-1	10.64	10.64
Fixation L	1	77	6352692961	6352934825	241864	735.65	627.74	65	17	-1	10.06	10.06
Fixation R	1	78	6352692961	6352934825	241864	735.65	627.74	65	17	-1	10.60	10.60
Fixation L	1	78	6352943209	6353085076	141867	871.95	627.96	93	6	-1	9.79	9.79
Fixation R	1	79	6352943209	6353085076	141867	871.95	627.96	93	6	-1	10.39	10.39
Fixation L	1	79	6353093455	6353176825	83370	885.54	628.44	8	6	-1	9.75	9.75
Fixation R	1	80	6353093455	6353176825	83370	885.54	628.44	8	6	-1	10.25	10.25
Fixation L	1	80	6353235322	6353502319	266997	145.07	698.52	45	28	-1	9.77	9.77
Fixation R	1	81	6353235322	6353502319	266997	145.07	698.52	45	28	-1	10.11	10.11
Fixation L	1	81	6353510693	6353669196	158503	63.06	717.53	34	19	-1	9.90	9.90
Fixation R	1	82	6353510693	6353669196	158503	63.06	717.53	34	19	-1	10.01	10.01
Fixation L	1	82	6353677564	6353927936	250372	233.54	696.88	67	27	-1	10.13	10.13
Fixation R	1	83	6353677564	6353927936	250372	233.54	696.88	67	27	-1	9.92	9.92
Fixation L	1	83	6353944569	6354403553	458984	385.43	682.81	25	13	-1	10.32	10.32
Fixation R	1	84	6353944569	6354403553	458984	385.43	682.81	25	13	-1	10.67	10.67
Fixation L	1	84	6354728930	6355021048	292118	367.97	650.01	29	17	-1	10.71	10.71
Fixation R	1	85	6354728930	6355021048	292118	367.97	650.01	29	17	-1	10.75	10.75
Fixation L	1	85	6355029420	6355263040	233620	481.30	648.60	68	14	-1	9.99	9.99
Fixation R	1	86	6355029420	6355263040	233620	481.30	648.60	68	14	-1	10.83	10.83
Fixation L	1	86	6355271423	6355446543	175120	684.97	653.37	80	13	-1	9.91	9.91
Fixation R	1	87	6355271423	6355446543	175120	684.97	653.37	80	13	-1	10.77	10.77
Fixation L	1	87	6355454913	6355663538	208625	801.45	674.68	69	28	-1	9.66	9.66
Fixation R	1	88	6355454913	6355663538	208625	801.45	674.68	69	28	-1	10.45	10.45

