[BeGaze]
Converted from:	C:\Program Files\SMI\Experiment Suite 360\Experiment Center 2\Results\Readability_First_01\P02-eye_data.idf
Date:	02.08.2013 11:27:27
Version:	BeGaze 3.2.28
Sample Rate:	120
Subject:	P02
Description:	Run2

Table Header for Fixations:
Event Type	Trial	Number	Start	End	Duration	Location X	Location Y	Dispersion X	Dispersion Y	Plane	Avg. Pupil Size X	Avg. Pupil Size Y


Fixation L	1	1	6108148944	6108332407	183463	170.31	13.00	54	22	-1	9.28	9.28
Fixation R	1	1	6108148944	6108332407	183463	170.31	13.00	54	22	-1	10.30	10.30
Fixation L	1	2	6108340780	6108883149	542369	101.76	44.18	65	27	-1	9.76	9.76
Fixation R	1	2	6108340780	6108883149	542369	101.76	44.18	65	27	-1	10.16	10.16
Fixation L	1	3	6108891527	6109083523	191996	175.61	17.57	40	22	-1	9.83	9.83
Fixation R	1	3	6108891527	6109083523	191996	175.61	17.57	40	22	-1	10.16	10.16
Fixation L	1	4	6109091776	6109242018	150242	395.39	11.18	73	17	-1	10.15	10.15
Fixation R	1	4	6109091776	6109242018	150242	395.39	11.18	73	17	-1	10.28	10.28
Fixation L	1	5	6109308769	6109492394	183625	823.61	634.88	9	75	-1	10.24	10.24
Fixation R	1	5	6109308769	6109492394	183625	823.61	634.88	9	75	-1	10.76	10.76
Fixation L	1	6	6109500642	6109625894	125252	839.41	691.11	24	27	-1	10.28	10.28
Fixation R	1	6	6109500642	6109625894	125252	839.41	691.11	24	27	-1	10.89	10.89
Fixation L	1	7	6109642513	6109834511	191998	516.04	686.61	29	8	-1	10.53	10.53
Fixation R	1	7	6109642513	6109834511	191998	516.04	686.61	29	8	-1	11.50	11.50
Fixation L	1	8	6109884510	6110026388	141878	151.10	128.23	83	9	-1	10.13	10.13
Fixation R	1	8	6109884510	6110026388	141878	151.10	128.23	83	9	-1	10.66	10.66
Fixation L	1	9	6110034757	6110176635	141878	128.38	78.96	20	38	-1	10.03	10.03
Fixation R	1	9	6110034757	6110176635	141878	128.38	78.96	20	38	-1	10.55	10.55
Fixation L	1	10	6110193259	6110443628	250369	333.33	33.78	58	37	-1	10.19	10.19
Fixation R	1	10	6110193259	6110443628	250369	333.33	33.78	58	37	-1	10.51	10.51
Fixation L	1	11	6110452008	6110610501	158493	509.49	22.99	47	9	-1	10.23	10.23
Fixation R	1	11	6110452008	6110610501	158493	509.49	22.99	47	9	-1	10.45	10.45
Fixation L	1	12	6110618875	6110835871	216996	602.82	30.65	31	12	-1	10.23	10.23
Fixation R	1	12	6110618875	6110835871	216996	602.82	30.65	31	12	-1	10.34	10.34
Fixation L	1	13	6110844121	6111019370	175249	714.88	11.10	11	31	-1	10.13	10.13
Fixation R	1	13	6110844121	6111019370	175249	714.88	11.10	11	31	-1	10.43	10.43
Fixation L	1	14	6111102874	6111194618	91744	913.69	39.12	73	23	-1	10.14	10.14
Fixation R	1	14	6111102874	6111194618	91744	913.69	39.12	73	23	-1	9.59	9.59
Fixation L	1	15	6111319864	6111728737	408873	108.31	112.75	66	31	-1	9.97	9.97
Fixation R	1	15	6111319864	6111728737	408873	108.31	112.75	66	31	-1	10.58	10.58
Fixation L	1	16	6111736980	6112070851	333871	217.83	94.48	78	15	-1	10.06	10.06
Fixation R	1	16	6111736980	6112070851	333871	217.83	94.48	78	15	-1	10.46	10.46
Fixation L	1	17	6112079106	6112287731	208625	306.20	86.24	26	10	-1	10.07	10.07
Fixation R	1	17	6112079106	6112287731	208625	306.20	86.24	26	10	-1	10.30	10.30
Fixation L	1	18	6112296098	6112513098	217000	425.93	90.51	53	7	-1	10.06	10.06
Fixation R	1	18	6112296098	6112513098	217000	425.93	90.51	53	7	-1	10.33	10.33
Fixation L	1	19	6112521472	6112730099	208627	553.79	87.66	35	6	-1	10.06	10.06
Fixation R	1	19	6112521472	6112730099	208627	553.79	87.66	35	6	-1	10.27	10.27
Fixation L	1	20	6112738344	6112921966	183622	719.64	79.79	58	20	-1	10.09	10.09
Fixation R	1	20	6112738344	6112921966	183622	719.64	79.79	58	20	-1	10.39	10.39
Fixation L	1	21	6113022088	6113280838	258750	841.46	86.30	81	18	-1	10.10	10.10
Fixation R	1	21	6113022088	6113280838	258750	841.46	86.30	81	18	-1	10.33	10.33
Fixation L	1	22	6113347585	6113572833	225248	152.40	146.82	70	27	-1	9.98	9.98
Fixation R	1	22	6113347585	6113572833	225248	152.40	146.82	70	27	-1	10.65	10.65
Fixation L	1	23	6113581209	6113689705	108496	105.47	153.71	11	5	-1	10.02	10.02
Fixation R	1	23	6113581209	6113689705	108496	105.47	153.71	11	5	-1	10.54	10.54
Fixation L	1	24	6113697951	6114040072	342121	277.22	139.13	74	20	-1	10.14	10.14
Fixation R	1	24	6113697951	6114040072	342121	277.22	139.13	74	20	-1	10.53	10.53
Fixation L	1	25	6114048448	6114232075	183627	183.68	146.12	19	9	-1	10.11	10.11
Fixation R	1	25	6114048448	6114232075	183627	183.68	146.12	19	9	-1	10.57	10.57
Fixation L	1	26	6114248697	6114482444	233747	405.16	140.08	51	13	-1	10.25	10.25
Fixation R	1	26	6114248697	6114482444	233747	405.16	140.08	51	13	-1	10.42	10.42
Fixation L	1	27	6114490693	6114682694	192001	550.63	130.98	28	8	-1	10.22	10.22
Fixation R	1	27	6114490693	6114682694	192001	550.63	130.98	28	8	-1	10.50	10.50
Fixation L	1	28	6114690939	6114974685	283746	634.77	121.94	66	25	-1	9.96	9.96
Fixation R	1	28	6114690939	6114974685	283746	634.77	121.94	66	25	-1	10.31	10.31
Fixation L	1	29	6115166556	6115433678	267122	754.55	126.70	53	40	-1	10.23	10.23
Fixation R	1	29	6115166556	6115433678	267122	754.55	126.70	53	40	-1	10.65	10.65
Fixation L	1	30	6115442052	6116026044	583992	875.17	134.03	73	25	-1	10.07	10.07
Fixation R	1	30	6115442052	6116026044	583992	875.17	134.03	73	25	-1	10.49	10.49
Fixation L	1	31	6116084543	6116326538	241995	129.45	194.55	60	38	-1	9.86	9.86
Fixation R	1	31	6116084543	6116326538	241995	129.45	194.55	60	38	-1	10.46	10.46
Fixation L	1	32	6116334915	6116551787	216872	171.31	199.24	70	24	-1	10.08	10.08
Fixation R	1	32	6116334915	6116551787	216872	171.31	199.24	70	24	-1	10.44	10.44
Fixation L	1	33	6116560165	6116718787	158622	248.30	208.41	50	24	-1	9.99	9.99
Fixation R	1	33	6116560165	6116718787	158622	248.30	208.41	50	24	-1	10.24	10.24
Fixation L	1	34	6116727032	6116977405	250373	382.72	206.64	30	13	-1	9.98	9.98
Fixation R	1	34	6116727032	6116977405	250373	382.72	206.64	30	13	-1	10.15	10.15
Fixation L	1	35	6116985781	6117244399	258618	524.36	187.07	11	18	-1	9.65	9.65
Fixation R	1	35	6116985781	6117244399	258618	524.36	187.07	11	18	-1	9.96	9.96
Fixation L	1	36	6117252773	6117536522	283749	641.95	180.31	58	26	-1	9.51	9.51
Fixation R	1	36	6117252773	6117536522	283749	641.95	180.31	58	26	-1	9.91	9.91
Fixation L	1	37	6117544769	6117678391	133622	744.87	188.43	11	9	-1	9.02	9.02
Fixation R	1	37	6117544769	6117678391	133622	744.87	188.43	11	9	-1	10.08	10.08
Fixation L	1	38	6117820142	6117920392	100250	808.67	227.09	43	12	-1	9.62	9.62
Fixation R	1	38	6117820142	6117920392	100250	808.67	227.09	43	12	-1	9.74	9.74
Fixation L	1	39	6117928637	6118270759	342122	897.08	197.25	59	36	-1	9.72	9.72
Fixation R	1	39	6117928637	6118270759	342122	897.08	197.25	59	36	-1	10.15	10.15
Fixation L	1	40	6118329130	6118671374	342244	123.83	263.37	54	45	-1	9.67	9.67
Fixation R	1	40	6118329130	6118671374	342244	123.83	263.37	54	45	-1	10.10	10.10
Fixation L	1	41	6118679624	6118829874	150250	95.81	276.89	26	18	-1	9.72	9.72
Fixation R	1	41	6118679624	6118829874	150250	95.81	276.89	26	18	-1	10.09	10.09
Fixation L	1	42	6118871625	6119263747	392122	572.20	181.92	54	25	-1	9.86	9.86
Fixation R	1	42	6118871625	6119263747	392122	572.20	181.92	54	25	-1	10.19	10.19
Fixation L	1	43	6119272118	6119547491	275373	706.65	199.25	56	7	-1	9.80	9.80
Fixation R	1	43	6119272118	6119547491	275373	706.65	199.25	56	7	-1	10.24	10.24
Fixation L	1	44	6119555865	6119822863	266998	786.50	202.83	35	10	-1	9.68	9.68
Fixation R	1	44	6119555865	6119822863	266998	786.50	202.83	35	10	-1	10.18	10.18
Fixation L	1	45	6119831236	6120123231	291995	652.48	204.87	46	29	-1	9.59	9.59
Fixation R	1	45	6119831236	6120123231	291995	652.48	204.87	46	29	-1	10.14	10.14
Fixation L	1	46	6120164985	6120423727	258742	187.22	275.44	38	26	-1	9.55	9.55
Fixation R	1	46	6120164985	6120423727	258742	187.22	275.44	38	26	-1	10.04	10.04
Fixation L	1	47	6120431982	6120623975	191993	307.24	268.48	36	9	-1	9.74	9.74
Fixation R	1	47	6120431982	6120623975	191993	307.24	268.48	36	9	-1	10.14	10.14
Fixation L	1	48	6120632344	6120799220	166876	415.51	267.14	10	6	-1	9.69	9.69
Fixation R	1	48	6120632344	6120799220	166876	415.51	267.14	10	6	-1	10.11	10.11
Fixation L	1	49	6120807595	6121116345	308750	526.14	264.98	53	10	-1	9.62	9.62
Fixation R	1	49	6120807595	6121116345	308750	526.14	264.98	53	10	-1	9.96	9.96
Fixation L	1	50	6121124592	6121616966	492374	653.75	254.16	76	10	-1	9.65	9.65
Fixation R	1	50	6121124592	6121616966	492374	653.75	254.16	76	10	-1	10.17	10.17
Fixation L	1	51	6121625336	6121833952	208616	790.27	260.07	57	8	-1	10.13	10.13
Fixation R	1	51	6121625336	6121833952	208616	790.27	260.07	57	8	-1	10.61	10.61
Fixation L	1	52	6121842211	6121950703	108492	639.38	264.90	16	5	-1	10.15	10.15
Fixation R	1	52	6121842211	6121950703	108492	639.38	264.90	16	5	-1	10.77	10.77
Fixation L	1	53	6122117574	6122251197	133623	681.43	269.87	36	14	-1	10.12	10.12
Fixation R	1	53	6122117574	6122251197	133623	681.43	269.87	36	14	-1	10.66	10.66
Fixation L	1	54	6122259446	6122584944	325498	795.06	285.34	80	18	-1	10.00	10.00
Fixation R	1	54	6122259446	6122584944	325498	795.06	285.34	80	18	-1	10.73	10.73
Fixation L	1	55	6122593322	6122710065	116743	862.95	273.29	60	4	-1	10.06	10.06
Fixation R	1	55	6122593322	6122710065	116743	862.95	273.29	60	4	-1	10.38	10.38
Fixation L	1	56	6122718441	6122868687	150246	943.52	280.27	26	8	-1	9.98	9.98
Fixation R	1	56	6122718441	6122868687	150246	943.52	280.27	26	8	-1	10.35	10.35
Fixation L	1	57	6122927065	6123127312	200247	157.65	345.53	64	32	-1	9.91	9.91
Fixation R	1	57	6122927065	6123127312	200247	157.65	345.53	64	32	-1	10.61	10.61
Fixation L	1	58	6123135685	6123319306	183621	120.47	368.80	77	14	-1	9.96	9.96
Fixation R	1	58	6123135685	6123319306	183621	120.47	368.80	77	14	-1	10.62	10.62
Fixation L	1	59	6123327561	6123711428	383867	211.61	347.16	71	23	-1	10.15	10.15
Fixation R	1	59	6123327561	6123711428	383867	211.61	347.16	71	23	-1	10.61	10.61
Fixation L	1	60	6123719802	6123869925	150123	340.00	341.36	13	5	-1	10.24	10.24
Fixation R	1	60	6123719802	6123869925	150123	340.00	341.36	13	5	-1	10.67	10.67
Fixation L	1	61	6123978425	6124220420	241995	418.39	333.97	61	20	-1	10.22	10.22
Fixation R	1	61	6123978425	6124220420	241995	418.39	333.97	61	20	-1	10.84	10.84
Fixation L	1	62	6124228795	6124462414	233619	531.87	340.76	57	11	-1	10.29	10.29
Fixation R	1	62	6124228795	6124462414	233619	531.87	340.76	57	11	-1	10.65	10.65
Fixation L	1	63	6124470792	6124854659	383867	671.08	332.09	63	15	-1	10.04	10.04
Fixation R	1	63	6124470792	6124854659	383867	671.08	332.09	63	15	-1	10.28	10.28
Fixation L	1	64	6124863037	6125130031	266994	847.76	330.71	76	8	-1	10.03	10.03
Fixation R	1	64	6124863037	6125105032	241995	846.04	330.93	40	8	-1	10.00	10.00
Fixation L	1	65	6125138403	6125246779	108376	940.78	319.56	39	12	-1	10.04	10.04
Fixation L	1	66	6125313526	6125580645	267119	148.34	404.12	71	28	-1	9.66	9.66
Fixation R	1	65	6125313526	6125580645	267119	148.34	404.12	71	28	-1	10.45	10.45
Fixation L	1	67	6125814268	6125989517	175249	196.47	413.16	61	19	-1	10.10	10.10
Fixation R	1	66	6125814268	6125989517	175249	196.47	413.16	61	19	-1	10.36	10.36
Fixation L	1	68	6125997893	6126156392	158499	300.70	402.83	34	8	-1	10.48	10.48
Fixation R	1	67	6125997893	6126156392	158499	300.70	402.83	34	8	-1	10.82	10.82
Fixation L	1	69	6126164764	6126348262	183498	426.10	396.55	63	7	-1	10.32	10.32
Fixation R	1	68	6126164764	6126348262	183498	426.10	396.55	63	7	-1	10.81	10.81
Fixation R	1	69	6126390005	6126506883	116878	426.86	393.82	3	6	-1	10.00	10.00
Fixation R	1	70	6126548639	6126690381	141742	493.69	393.47	15	4	-1	10.54	10.54
Fixation L	1	70	6126573637	6126690381	116744	495.13	393.14	3	4	-1	9.41	9.41
Fixation R	1	71	6126698756	6126815629	116873	652.62	389.22	74	6	-1	9.17	9.17
Fixation L	1	71	6126707132	6126815629	108497	656.93	388.95	12	5	-1	10.07	10.07
Fixation L	1	72	6126832252	6127091000	258748	636.89	398.36	30	10	-1	10.20	10.20
Fixation R	1	72	6126832252	6127091000	258748	636.89	398.36	30	10	-1	10.55	10.55
Fixation L	1	73	6127099378	6127232875	133497	801.04	389.86	75	11	-1	10.07	10.07
Fixation R	1	73	6127099378	6127232875	133497	801.04	389.86	75	11	-1	10.46	10.46
Fixation L	1	74	6127249499	6127441494	191995	804.11	390.91	24	11	-1	10.03	10.03
Fixation R	1	74	6127249499	6127441494	191995	804.11	390.91	24	11	-1	10.37	10.37
Fixation L	1	75	6127449745	6127933742	483997	900.70	387.67	64	15	-1	9.80	9.80
Fixation R	1	75	6127449745	6127933742	483997	900.70	387.67	64	15	-1	10.33	10.33
Fixation L	1	76	6127992243	6128150736	158493	172.74	450.80	38	36	-1	9.60	9.60
Fixation R	1	76	6127992243	6128150736	158493	172.74	450.80	38	36	-1	10.16	10.16
Fixation L	1	77	6128192479	6128601353	408874	100.15	470.13	43	11	-1	10.20	10.20
Fixation R	1	77	6128192479	6128601353	408874	100.15	470.13	43	11	-1	10.53	10.53
Fixation L	1	78	6128734853	6129001845	266992	851.27	395.03	81	16	-1	10.48	10.48
Fixation R	1	78	6128734853	6129001845	266992	851.27	395.03	81	16	-1	10.66	10.66
Fixation L	1	79	6129010224	6129127096	116872	911.80	393.73	45	6	-1	10.41	10.41
Fixation R	1	79	6129010224	6129127096	116872	911.80	393.73	45	6	-1	10.65	10.65
Fixation L	1	80	6129177099	6129293968	116869	158.67	463.10	67	30	-1	9.93	9.93
Fixation R	1	80	6129177099	6129293968	116869	158.67	463.10	67	30	-1	10.56	10.56
Fixation L	1	81	6129302218	6129519214	216996	134.95	460.44	61	12	-1	9.99	9.99
Fixation R	1	81	6129302218	6129519214	216996	134.95	460.44	61	12	-1	10.54	10.54
Fixation L	1	82	6129527589	6129769587	241998	310.36	453.27	23	11	-1	10.31	10.31
Fixation R	1	82	6129527589	6129769587	241998	310.36	453.27	23	11	-1	10.71	10.71
Fixation L	1	83	6129777962	6130019957	241995	442.68	462.35	37	10	-1	10.28	10.28
Fixation R	1	83	6129777962	6130019957	241995	442.68	462.35	37	10	-1	10.83	10.83
Fixation L	1	84	6130036582	6130512202	475620	596.32	465.06	49	7	-1	10.37	10.37
Fixation R	1	84	6130036582	6130512202	475620	596.32	465.06	49	7	-1	10.79	10.79
Fixation L	1	85	6130520573	6130837695	317122	751.59	454.70	59	17	-1	10.40	10.40
Fixation R	1	85	6130520573	6130837695	317122	751.59	454.70	59	17	-1	10.63	10.63
Fixation L	1	86	6130846066	6131012945	166879	829.36	457.71	30	8	-1	10.44	10.44
Fixation R	1	86	6130846066	6131012945	166879	829.36	457.71	30	8	-1	10.65	10.65
Fixation L	1	87	6131021189	6131196437	175248	932.85	464.55	10	7	-1	10.22	10.22
Fixation R	1	87	6131021189	6131196437	175248	932.85	464.55	10	7	-1	10.52	10.52
Fixation L	1	88	6131246561	6131338311	91750	182.35	516.84	64	34	-1	10.13	10.13
Fixation R	1	88	6131246561	6131338311	91750	182.35	516.84	64	34	-1	10.58	10.58
Fixation L	1	89	6131346683	6131588681	241998	135.92	529.75	60	26	-1	10.12	10.12
Fixation R	1	89	6131346683	6131588681	241998	135.92	529.75	60	26	-1	10.50	10.50
Fixation L	1	90	6131597057	6131830676	233619	281.20	526.72	11	13	-1	10.17	10.17
Fixation R	1	90	6131597057	6131830676	233619	281.20	526.72	11	13	-1	10.51	10.51
Fixation L	1	91	6131839052	6132164428	325376	414.17	525.59	45	6	-1	10.24	10.24
Fixation R	1	91	6131839052	6132164428	325376	414.17	525.59	45	6	-1	10.73	10.73
Fixation L	1	92	6132172801	6132706789	533988	302.32	525.18	35	7	-1	9.95	9.95
Fixation R	1	92	6132172801	6132706789	533988	302.32	525.18	35	7	-1	10.33	10.33
Fixation L	1	93	6132715169	6132957162	241993	398.26	518.29	38	6	-1	9.94	9.94
Fixation R	1	93	6132715169	6132957162	241993	398.26	518.29	38	6	-1	10.52	10.52
Fixation L	1	94	6132965541	6133190793	225252	555.56	526.43	37	13	-1	10.03	10.03
Fixation R	1	94	6132965541	6133190793	225252	555.56	526.43	37	13	-1	10.47	10.47
Fixation L	1	95	6133199158	6133282655	83497	697.66	519.32	87	11	-1	9.90	9.90
Fixation R	1	95	6133199158	6133282655	83497	697.66	519.32	87	11	-1	10.26	10.26
Fixation L	1	96	6133290914	6133449528	158614	776.86	503.95	88	9	-1	9.83	9.83
Fixation R	1	96	6133290914	6133449528	158614	776.86	503.95	88	9	-1	10.28	10.28
Fixation L	1	97	6133516281	6133783273	266992	136.02	569.95	38	28	-1	9.82	9.82
Fixation R	1	97	6133516281	6133783273	266992	136.02	569.95	38	28	-1	10.12	10.12
Fixation L	1	98	6133791654	6133916781	125127	241.49	565.12	9	4	-1	10.20	10.20
Fixation R	1	98	6133791654	6133916781	125127	241.49	565.12	9	4	-1	10.40	10.40
Fixation L	1	99	6134050268	6134150396	100128	280.35	566.99	29	60	-1	10.84	10.84
Fixation R	1	99	6134050268	6134150396	100128	280.35	566.99	29	60	-1	10.73	10.73
Fixation L	1	100	6134158767	6134467518	308751	452.89	560.57	61	27	-1	10.23	10.23
Fixation R	1	100	6134158767	6134467518	308751	452.89	560.57	61	27	-1	10.74	10.74
Fixation L	1	101	6134475888	6134876384	400496	606.99	560.51	53	23	-1	10.23	10.23
Fixation R	1	101	6134475888	6134876384	400496	606.99	560.51	53	23	-1	10.43	10.43
Fixation L	1	102	6134884759	6135110128	225369	493.02	576.35	53	8	-1	10.12	10.12
Fixation R	1	102	6134884759	6135110128	225369	493.02	576.35	53	8	-1	10.93	10.93
Fixation L	1	103	6135118382	6135435500	317118	401.69	579.03	19	9	-1	10.31	10.31
Fixation R	1	103	6135118382	6135435500	317118	401.69	579.03	19	9	-1	10.96	10.96
Fixation L	1	104	6135443877	6135744249	300372	532.23	584.01	83	10	-1	10.39	10.39
Fixation R	1	104	6135443877	6135744249	300372	532.23	584.01	83	10	-1	10.95	10.95
Fixation L	1	105	6135752622	6135986240	233618	595.04	585.30	28	8	-1	10.50	10.50
Fixation R	1	105	6135752622	6135986240	233618	595.04	585.30	28	8	-1	11.12	11.12
Fixation L	1	106	6135994618	6136236612	241994	671.98	574.38	17	14	-1	10.53	10.53
Fixation R	1	106	6135994618	6136236612	241994	671.98	574.38	17	14	-1	10.58	10.58
Fixation L	1	107	6136244862	6137029350	784488	823.26	566.79	84	14	-1	10.21	10.21
Fixation R	1	107	6136244862	6137029350	784488	823.26	566.79	84	14	-1	10.80	10.80
Fixation L	1	108	6137146098	6137262970	116872	162.69	621.97	52	46	-1	10.27	10.27
Fixation R	1	108	6137146098	6137262970	116872	162.69	621.97	52	46	-1	10.61	10.61
Fixation L	1	109	6137271350	6137513343	241993	104.64	648.92	71	27	-1	10.24	10.24
Fixation R	1	109	6137271350	6137513343	241993	104.64	648.92	71	27	-1	10.72	10.72
Fixation L	1	110	6137521598	6137738590	216992	210.35	638.29	13	15	-1	10.45	10.45
Fixation R	1	110	6137521598	6137738590	216992	210.35	638.29	13	15	-1	10.48	10.48
Fixation L	1	111	6137746979	6137955584	208605	369.38	634.13	81	10	-1	10.52	10.52
Fixation R	1	111	6137746979	6137955584	208605	369.38	634.13	81	10	-1	11.15	11.15
Fixation L	1	112	6137972211	6138205828	233617	551.37	626.30	20	9	-1	10.60	10.60
Fixation R	1	112	6137972211	6138205828	233617	551.37	626.30	20	9	-1	11.19	11.19
Fixation L	1	113	6138214202	6138381077	166875	686.11	632.22	34	7	-1	10.45	10.45
Fixation R	1	113	6138214202	6138381077	166875	686.11	632.22	34	7	-1	10.99	10.99
Fixation L	1	114	6138389452	6138781700	392248	830.44	626.05	25	15	-1	10.10	10.10
Fixation R	1	114	6138389452	6138781700	392248	830.44	626.05	25	15	-1	10.73	10.73
Fixation L	1	115	6138831697	6138931821	100124	147.58	688.40	55	43	-1	10.05	10.05
Fixation R	1	115	6138831697	6138931821	100124	147.58	688.40	55	43	-1	10.40	10.40
Fixation L	1	116	6138940192	6139248947	308755	88.13	712.75	73	24	-1	10.20	10.20
Fixation R	1	116	6138940192	6139248947	308755	88.13	712.75	73	24	-1	10.55	10.55
Fixation L	1	117	6139257317	6139432565	175248	155.29	706.69	28	8	-1	10.53	10.53
Fixation R	1	117	6139257317	6139432565	175248	155.29	706.69	28	8	-1	10.52	10.52
Fixation L	1	118	6139440938	6139707934	266996	282.65	695.61	21	15	-1	10.69	10.69
Fixation R	1	118	6139440938	6139707934	266996	282.65	695.61	21	15	-1	10.77	10.77
Fixation L	1	119	6139716311	6139799686	83375	443.16	700.21	88	11	-1	10.84	10.84
Fixation L	1	120	6139808060	6139949934	141874	448.20	707.79	6	19	-1	10.65	10.65
Fixation L	1	121	6139958180	6140175184	217004	616.04	699.76	81	12	-1	10.80	10.80
Fixation R	1	119	6139958180	6140175184	217004	616.04	699.76	81	12	-1	11.15	11.15
Fixation L	1	122	6140191926	6140567417	375491	778.53	691.59	43	14	-1	10.22	10.22
Fixation R	1	120	6140191926	6140408798	216872	789.72	691.19	17	13	-1	10.41	10.41
Fixation L	1	123	6140575802	6140742667	166865	882.04	691.76	51	5	-1	10.36	10.36
Fixation R	1	121	6140575802	6140742667	166865	882.04	691.76	51	5	-1	10.79	10.79

