[BeGaze]
Converted from:	C:\Program Files\SMI\Experiment Suite 360\Experiment Center 2\Results\Readability_First_01\P02-eye_data.idf
Date:	02.08.2013 11:27:28
Version:	BeGaze 3.2.28
Sample Rate:	120
Subject:	P02
Description:	Run2

Table Header for Fixations:
Event Type	Trial	Number	Start	End	Duration	Location X	Location Y	Dispersion X	Dispersion Y	Plane	Avg. Pupil Size X	Avg. Pupil Size Y


Fixation L	1	1	6511357077	6511532304	175227	323.18	32.48	80	9	-1	9.67	9.67
Fixation R	1	1	6511357077	6511532304	175227	323.18	32.48	80	9	-1	10.14	10.14
Fixation L	1	2	6511540676	6511849425	308749	102.38	45.79	23	26	-1	9.45	9.45
Fixation R	1	2	6511540676	6511849425	308749	102.38	45.79	23	26	-1	9.97	9.97
Fixation L	1	3	6511857674	6512158166	300492	202.52	37.80	51	21	-1	9.64	9.64
Fixation R	1	3	6511857674	6512158166	300492	202.52	37.80	51	21	-1	9.88	9.88
Fixation L	1	4	6512166419	6512441784	275365	349.02	24.91	18	29	-1	9.70	9.70
Fixation R	1	4	6512166419	6512441784	275365	349.02	24.91	18	29	-1	9.98	9.98
Fixation L	1	5	6512450158	6512683787	233629	175.53	10.63	70	27	-1	9.58	9.58
Fixation R	1	5	6512450158	6512683787	233629	175.53	10.63	70	27	-1	10.05	10.05
Fixation L	1	6	6512692155	6512909154	216999	149.63	34.97	11	9	-1	9.73	9.73
Fixation R	1	6	6512692155	6512909154	216999	149.63	34.97	11	9	-1	10.12	10.12
Fixation L	1	7	6512925778	6513167774	241996	385.50	26.78	41	11	-1	9.86	9.86
Fixation R	1	7	6512925778	6513167774	241996	385.50	26.78	41	11	-1	10.09	10.09
Fixation L	1	8	6513176150	6513368020	191870	540.27	18.90	73	12	-1	9.91	9.91
Fixation R	1	8	6513176150	6513368020	191870	540.27	18.90	73	12	-1	10.07	10.07
Fixation L	1	9	6513376393	6513585023	208630	701.44	14.33	74	16	-1	9.79	9.79
Fixation R	1	9	6513376393	6513585023	208630	701.44	14.33	74	16	-1	10.00	10.00
Fixation L	1	10	6513593392	6513777015	183623	837.10	15.43	52	15	-1	9.67	9.67
Fixation R	1	10	6513593392	6513777015	183623	837.10	15.43	52	15	-1	9.92	9.92
Fixation L	1	11	6513810394	6513977264	166870	434.16	74.35	63	27	-1	9.62	9.62
Fixation R	1	11	6513810394	6513977264	166870	434.16	74.35	63	27	-1	10.10	10.10
Fixation L	1	12	6513985517	6514252633	267116	299.34	68.75	74	9	-1	9.67	9.67
Fixation R	1	12	6513985517	6514252633	267116	299.34	68.75	74	9	-1	10.17	10.17
Fixation L	1	13	6514260889	6514578004	317115	467.12	68.18	42	20	-1	9.68	9.68
Fixation R	1	13	6514260889	6514578004	317115	467.12	68.18	42	20	-1	9.96	9.96
Fixation L	1	14	6514594755	6514711504	116749	669.53	77.30	65	7	-1	9.75	9.75
Fixation R	1	14	6514594755	6514711504	116749	669.53	77.30	65	7	-1	9.89	9.89
Fixation L	1	15	6514953499	6515278993	325494	834.78	87.31	76	22	-1	9.84	9.84
Fixation R	1	15	6514953499	6515278993	325494	834.78	87.31	76	22	-1	10.02	10.02
Fixation L	1	16	6515287369	6515629493	342124	704.06	61.63	40	37	-1	9.82	9.82
Fixation R	1	16	6515287369	6515629493	342124	704.06	61.63	40	37	-1	10.07	10.07
Fixation L	1	17	6515637739	6515762992	125253	771.35	62.90	76	19	-1	9.80	9.80
Fixation R	1	17	6515637739	6515762992	125253	771.35	62.90	76	19	-1	9.90	9.90
Fixation L	1	18	6515771236	6516196855	425619	823.39	86.35	38	24	-1	9.93	9.93
Fixation R	1	18	6515771236	6516196855	425619	823.39	86.35	38	24	-1	9.99	9.99
Fixation L	1	19	6516255229	6516572349	317120	137.76	168.61	47	28	-1	9.75	9.75
Fixation R	1	19	6516255229	6516572349	317120	137.76	168.61	47	28	-1	10.01	10.01
Fixation L	1	20	6516580720	6516705847	125127	94.07	128.18	51	31	-1	9.77	9.77
Fixation L	1	21	6516714223	6517014597	300374	256.51	127.07	39	25	-1	9.76	9.76
Fixation R	1	20	6516714223	6517014597	300374	256.51	127.07	39	25	-1	10.03	10.03
Fixation L	1	22	6517022964	6517156463	133499	408.43	106.48	53	27	-1	9.76	9.76
Fixation L	1	23	6517264967	6517548706	283739	566.89	106.81	59	37	-1	9.74	9.74
Fixation R	1	21	6517264967	6517548706	283739	566.89	106.81	59	37	-1	10.11	10.11
Fixation L	1	24	6517557082	6517907451	350369	523.27	123.83	30	18	-1	9.81	9.81
Fixation R	1	22	6517557082	6517907451	350369	523.27	123.83	30	18	-1	10.17	10.17
Fixation L	1	25	6517915831	6517999326	83495	708.67	121.64	89	9	-1	9.69	9.69
Fixation R	1	23	6517915831	6517999326	83495	708.67	121.64	89	9	-1	10.06	10.06
Fixation L	1	26	6518007576	6518166203	158627	717.94	114.54	73	2	-1	9.62	9.62
Fixation R	1	24	6518007576	6518166203	158627	717.94	114.54	73	2	-1	10.01	10.01
Fixation L	1	27	6518174578	6518333073	158495	620.97	121.42	45	11	-1	9.56	9.56
Fixation R	1	25	6518174578	6518333073	158495	620.97	121.42	45	11	-1	9.98	9.98
Fixation L	1	28	6518341451	6518566697	225246	517.11	126.08	18	5	-1	9.66	9.66
Fixation R	1	26	6518341451	6518566697	225246	517.11	126.08	18	5	-1	10.01	10.01
Fixation L	1	29	6518575071	6519017315	442244	651.14	128.76	57	17	-1	9.73	9.73
Fixation R	1	27	6518575071	6519017315	442244	651.14	128.76	57	17	-1	10.28	10.28
Fixation L	1	30	6519067440	6519326053	258613	113.13	208.73	25	26	-1	9.73	9.73
Fixation R	1	28	6519067440	6519326053	258613	113.13	208.73	25	26	-1	10.46	10.46
Fixation L	1	31	6519334429	6519543057	208628	223.65	196.61	53	27	-1	9.85	9.85
Fixation R	1	29	6519334429	6519543057	208628	223.65	196.61	53	27	-1	10.43	10.43
Fixation L	1	32	6519551427	6519734922	183495	347.98	179.96	64	5	-1	9.70	9.70
Fixation R	1	30	6519551427	6519734922	183495	347.98	179.96	64	5	-1	10.09	10.09
Fixation L	1	33	6519743305	6519926921	183616	501.23	182.01	49	15	-1	9.67	9.67
Fixation R	1	31	6519743305	6519926921	183616	501.23	182.01	49	15	-1	9.86	9.86
Fixation L	1	34	6519935170	6520118800	183630	698.36	188.84	84	4	-1	9.53	9.53
Fixation R	1	32	6519935170	6520118800	183630	698.36	188.84	84	4	-1	10.02	10.02
Fixation L	1	35	6520127168	6520452538	325370	793.59	152.53	24	73	-1	9.51	9.51
Fixation R	1	33	6520127168	6520452538	325370	793.59	152.53	24	73	-1	10.03	10.03
Fixation L	1	36	6520494290	6520636158	141868	325.64	188.06	59	38	-1	9.49	9.49
Fixation R	1	34	6520494290	6520636158	141868	325.64	188.06	59	38	-1	10.10	10.10
Fixation L	1	37	6520652785	6520828033	175248	97.49	253.00	33	65	-1	9.01	9.01
Fixation R	1	35	6520652785	6520828033	175248	97.49	253.00	33	65	-1	9.95	9.95
Fixation L	1	38	6520836407	6521020035	183628	89.14	271.55	8	14	-1	9.51	9.51
Fixation R	1	36	6520836407	6521020035	183628	89.14	271.55	8	14	-1	9.86	9.86
Fixation L	1	39	6521028405	6521253651	225246	214.12	257.85	28	13	-1	9.69	9.69
Fixation R	1	37	6521028405	6521253651	225246	214.12	257.85	28	13	-1	10.09	10.09
Fixation L	1	40	6521262024	6521453897	191873	360.60	228.49	17	32	-1	9.70	9.70
Fixation R	1	38	6521262024	6521453897	191873	360.60	228.49	17	32	-1	10.04	10.04
Fixation L	1	41	6521462272	6521645907	183635	505.39	242.59	53	43	-1	9.71	9.71
Fixation R	1	39	6521462272	6521645907	183635	505.39	242.59	53	43	-1	9.90	9.90
Fixation L	1	42	6521662519	6521946272	283753	662.53	248.16	51	24	-1	9.55	9.55
Fixation R	1	40	6521662519	6521946272	283753	662.53	248.16	51	24	-1	9.89	9.89
Fixation L	1	43	6521962893	6522154888	191995	788.40	259.97	40	19	-1	9.63	9.63
Fixation R	1	41	6521962893	6522154888	191995	788.40	259.97	40	19	-1	10.00	10.00
Fixation L	1	44	6522204892	6522455262	250370	119.20	325.57	43	46	-1	9.46	9.46
Fixation R	1	42	6522204892	6522455262	250370	119.20	325.57	43	46	-1	9.93	9.93
Fixation L	1	45	6522563759	6522872508	308749	271.74	314.16	83	15	-1	9.76	9.76
Fixation R	1	43	6522563759	6522872508	308749	271.74	314.16	83	15	-1	10.12	10.12
Fixation L	1	46	6522939254	6523064375	125121	486.52	321.61	85	7	-1	9.76	9.76
Fixation R	1	44	6522939254	6523064375	125121	486.52	321.61	85	7	-1	10.17	10.17
Fixation L	1	47	6523189620	6523298127	108507	565.03	296.92	75	20	-1	9.65	9.65
Fixation R	1	45	6523189620	6523298127	108507	565.03	296.92	75	20	-1	9.81	9.81
Fixation L	1	48	6523314748	6523756988	442240	674.09	320.15	78	13	-1	9.78	9.78
Fixation R	1	46	6523314748	6523756988	442240	674.09	320.15	78	13	-1	10.27	10.27
Fixation L	1	49	6523765363	6524215981	450618	870.20	324.36	89	10	-1	9.63	9.63
Fixation R	1	47	6523765363	6524215981	450618	870.20	324.36	89	10	-1	10.06	10.06
Fixation L	1	50	6524224358	6524533103	308745	918.63	328.78	13	9	-1	9.62	9.62
Fixation R	1	48	6524224358	6524533103	308745	918.63	328.78	13	9	-1	10.08	10.08
Fixation L	1	51	6524574730	6524716596	141866	425.06	335.44	74	5	-1	9.90	9.90
Fixation R	1	49	6524574730	6524674851	100121	428.66	335.35	72	5	-1	9.56	9.56
Fixation L	1	52	6524733349	6524875223	141874	171.44	350.45	75	19	-1	9.85	9.85
Fixation R	1	50	6524733349	6524875223	141874	171.44	350.45	75	19	-1	10.35	10.35
Fixation L	1	53	6524883470	6525125471	242001	75.90	381.59	27	21	-1	9.80	9.80
Fixation R	1	51	6524883470	6525125471	242001	75.90	381.59	27	21	-1	10.20	10.20
Fixation R	1	52	6525133842	6525342462	208620	248.06	383.87	43	22	-1	10.28	10.28
Fixation L	1	54	6525342462	6525434213	91751	331.63	370.44	77	16	-1	9.90	9.90
Fixation R	1	53	6525350852	6525434213	83361	337.35	369.40	20	11	-1	10.30	10.30
Fixation L	1	55	6525667959	6525809707	141748	496.21	379.65	74	25	-1	10.01	10.01
Fixation R	1	54	6525667959	6525809707	141748	496.21	379.65	74	25	-1	10.51	10.51
Fixation L	1	56	6525818081	6525934954	116873	513.55	391.18	49	6	-1	10.14	10.14
Fixation R	1	55	6525818081	6525934954	116873	513.55	391.18	49	6	-1	10.54	10.54
Fixation L	1	57	6525943329	6526143579	200250	675.90	380.23	32	21	-1	9.79	9.79
Fixation R	1	56	6525943329	6526143579	200250	675.90	380.23	32	21	-1	10.30	10.30
Fixation L	1	58	6526151958	6526519070	367112	549.50	364.99	77	22	-1	9.68	9.68
Fixation R	1	57	6526151958	6526519070	367112	549.50	364.99	77	22	-1	10.28	10.28
Fixation L	1	59	6526527451	6526777696	250245	468.05	385.56	80	6	-1	9.79	9.79
Fixation R	1	58	6526527451	6526777696	250245	468.05	385.56	80	6	-1	10.39	10.39
Fixation L	1	60	6526786067	6526952946	166879	637.97	387.39	10	4	-1	9.93	9.93
Fixation R	1	59	6526786067	6526952946	166879	637.97	387.39	10	4	-1	10.54	10.54
Fixation L	1	61	6527128190	6527211686	83496	749.22	358.70	54	26	-1	9.96	9.96
Fixation R	1	60	6527211686	6527420307	208621	852.56	378.49	82	12	-1	10.62	10.62
Fixation L	1	62	6527219935	6527428564	208629	856.73	378.85	42	9	-1	10.18	10.18
Fixation R	1	61	6527428564	6527587181	158617	935.06	382.09	53	3	-1	10.67	10.67
Fixation L	1	63	6527436936	6527587181	150245	937.36	382.19	24	3	-1	10.19	10.19
Fixation L	1	64	6527637179	6527779059	141880	113.58	427.34	63	36	-1	10.00	10.00
Fixation R	1	62	6527637179	6527779059	141880	113.58	427.34	63	36	-1	10.64	10.64
Fixation L	1	65	6527787427	6527987674	200247	96.20	451.38	10	37	-1	10.18	10.18
Fixation R	1	63	6527787427	6527987674	200247	96.20	451.38	10	37	-1	10.66	10.66
Fixation L	1	66	6527996048	6528329797	333749	210.52	453.11	66	16	-1	10.30	10.30
Fixation R	1	64	6527996048	6528329797	333749	210.52	453.11	66	16	-1	10.61	10.61
Fixation L	1	67	6528338170	6528580170	242000	319.46	440.99	77	22	-1	10.22	10.22
Fixation R	1	65	6528338170	6528580170	242000	319.46	440.99	77	22	-1	10.62	10.62
Fixation L	1	68	6528588538	6528772036	183498	507.59	442.54	51	8	-1	10.16	10.16
Fixation R	1	66	6528588538	6528772036	183498	507.59	442.54	51	8	-1	10.73	10.73
Fixation L	1	69	6528780416	6528980663	200247	605.78	435.66	47	13	-1	9.86	9.86
Fixation R	1	67	6528780416	6528980663	200247	605.78	435.66	47	13	-1	10.41	10.41
Fixation L	1	70	6528989034	6529598150	609116	701.99	442.19	59	26	-1	9.59	9.59
Fixation R	1	68	6528989034	6529598150	609116	701.99	442.19	59	26	-1	10.01	10.01
Fixation L	1	71	6529606528	6529815147	208619	834.73	438.84	46	10	-1	9.47	9.47
Fixation R	1	69	6529606528	6529815147	208619	834.73	438.84	46	10	-1	9.87	9.87
Fixation L	1	72	6529823522	6529990397	166875	919.05	438.37	67	11	-1	9.41	9.41
Fixation R	1	70	6529823522	6529990397	166875	919.05	438.37	67	11	-1	9.80	9.80
Fixation L	1	73	6530040394	6530157269	116875	117.36	489.51	47	51	-1	9.42	9.42
Fixation R	1	71	6530040394	6530157269	116875	117.36	489.51	47	51	-1	9.81	9.81
Fixation L	1	74	6530165643	6530307516	141873	100.11	495.26	30	6	-1	9.43	9.43
Fixation R	1	72	6530165643	6530307516	141873	100.11	495.26	30	6	-1	9.89	9.89
Fixation L	1	75	6530315762	6530607889	292127	224.24	471.67	22	31	-1	9.69	9.69
Fixation R	1	73	6530315762	6530607889	292127	224.24	471.67	22	31	-1	9.98	9.98
Fixation L	1	76	6530616265	6530883263	266998	366.23	487.50	78	14	-1	9.65	9.65
Fixation R	1	74	6530616265	6530883263	266998	366.23	487.50	78	14	-1	9.69	9.69
Fixation L	1	77	6530891630	6531241999	350369	559.50	504.17	70	23	-1	9.65	9.65
Fixation R	1	75	6530891630	6531241999	350369	559.50	504.17	70	23	-1	10.27	10.27
Fixation L	1	78	6531258752	6531534126	275374	747.12	487.80	18	29	-1	9.47	9.47
Fixation R	1	76	6531258752	6531534126	275374	747.12	487.80	18	29	-1	10.10	10.10
Fixation L	1	79	6531542494	6531751116	208622	883.05	483.67	94	5	-1	9.41	9.41
Fixation R	1	77	6531542494	6531751116	208622	883.05	483.67	94	5	-1	9.93	9.93
Fixation L	1	80	6531759369	6531867868	108499	881.76	489.79	3	4	-1	9.53	9.53
Fixation R	1	78	6531759369	6531867868	108499	881.76	489.79	3	4	-1	9.88	9.88
Fixation L	1	81	6531926362	6532143239	216877	122.19	550.38	75	22	-1	9.44	9.44
Fixation R	1	79	6531926362	6532143239	216877	122.19	550.38	75	22	-1	9.79	9.79
Fixation L	1	82	6532151610	6532285114	133504	59.84	572.47	21	8	-1	9.45	9.45
Fixation R	1	80	6532151610	6532285114	133504	59.84	572.47	21	8	-1	9.74	9.74
Fixation L	1	83	6532301861	6532560484	258623	288.17	559.01	35	15	-1	9.68	9.68
Fixation R	1	81	6532301861	6532560484	258623	288.17	559.01	35	15	-1	9.79	9.79
Fixation L	1	84	6532568858	6532752475	183617	421.01	564.37	73	6	-1	9.27	9.27
Fixation R	1	82	6532568858	6532752475	183617	421.01	564.37	73	6	-1	10.07	10.07
Fixation L	1	85	6532760729	6532994349	233620	558.13	566.19	76	9	-1	9.66	9.66
Fixation R	1	83	6532760729	6532994349	233620	558.13	566.19	76	9	-1	10.36	10.36
Fixation L	1	86	6533002721	6533211355	208634	711.27	559.52	18	12	-1	9.59	9.59
Fixation R	1	84	6533002721	6533211355	208634	711.27	559.52	18	12	-1	10.12	10.12
Fixation L	1	87	6533219719	6533495091	275372	838.53	552.09	50	9	-1	9.43	9.43
Fixation R	1	85	6533219719	6533495091	275372	838.53	552.09	50	9	-1	9.93	9.93
Fixation L	1	88	6533503462	6533595216	91754	663.03	552.98	79	16	-1	9.61	9.61
Fixation R	1	86	6533503462	6533595216	91754	663.03	552.98	79	16	-1	10.18	10.18
Fixation L	1	89	6533603588	6533803835	200247	639.84	564.40	52	5	-1	9.67	9.67
Fixation R	1	87	6533603588	6533803835	200247	639.84	564.40	52	5	-1	10.36	10.36
Fixation L	1	90	6533812214	6534004082	191868	549.84	558.77	85	10	-1	9.63	9.63
Fixation R	1	88	6533812214	6534004082	191868	549.84	558.77	85	10	-1	10.53	10.53
Fixation L	1	91	6534095831	6534304450	208619	881.33	564.89	58	8	-1	9.54	9.54
Fixation R	1	89	6534095831	6534304450	208619	881.33	564.89	58	8	-1	10.03	10.03
Fixation L	1	92	6534362955	6534604948	241993	88.73	633.33	40	18	-1	9.53	9.53
Fixation R	1	90	6534362955	6534604948	241993	88.73	633.33	40	18	-1	10.01	10.01
Fixation L	1	93	6534613202	6535063822	450620	162.46	628.96	79	14	-1	9.72	9.72
Fixation R	1	91	6534613202	6535063822	450620	162.46	628.96	79	14	-1	9.84	9.84
Fixation L	1	94	6535072195	6535163941	91746	269.62	619.41	9	34	-1	8.24	8.24
Fixation R	1	92	6535072195	6535347565	275370	273.73	616.70	17	40	-1	9.85	9.85
Fixation L	1	95	6535239068	6535481060	241992	303.86	624.53	66	26	-1	9.92	9.92
Fixation R	1	93	6535355939	6535489440	133501	328.78	627.60	27	27	-1	10.27	10.27
Fixation R	1	94	6535748056	6536023431	275375	264.43	569.76	21	67	-1	9.86	9.86
Fixation L	1	96	6535823181	6536307176	483995	261.68	595.28	36	58	-1	9.83	9.83
Fixation R	1	95	6536273799	6536482422	208623	295.83	605.46	61	11	-1	10.20	10.20
Fixation L	1	97	6536315555	6536482422	166867	300.23	605.08	33	11	-1	9.64	9.64
Fixation L	1	98	6536490801	6536916292	425491	437.25	618.15	57	16	-1	10.09	10.09
Fixation R	1	96	6536490801	6536916292	425491	437.25	618.15	57	16	-1	11.02	11.02
Fixation L	1	99	6536924665	6537099910	175245	597.86	615.58	82	12	-1	10.28	10.28
Fixation R	1	97	6536924665	6537099910	175245	597.86	615.58	82	12	-1	10.56	10.56
Fixation L	1	100	6537108288	6537283532	175244	706.22	615.91	41	8	-1	9.94	9.94
Fixation R	1	98	6537108288	6537283532	175244	706.22	615.91	41	8	-1	10.21	10.21
Fixation L	1	101	6537291787	6537567157	275370	806.15	608.18	32	11	-1	9.55	9.55
Fixation R	1	99	6537291787	6537567157	275370	806.15	608.18	32	11	-1	10.16	10.16
Fixation L	1	102	6537617282	6537759150	141868	132.55	660.45	43	47	-1	9.47	9.47
Fixation R	1	100	6537617282	6537759150	141868	132.55	660.45	43	47	-1	10.02	10.02
Fixation L	1	103	6537767529	6537934398	166869	75.86	684.01	48	38	-1	9.59	9.59
Fixation R	1	101	6537767529	6537934398	166869	75.86	684.01	48	38	-1	10.19	10.19
Fixation L	1	104	6537951025	6538318273	367248	288.16	685.77	25	29	-1	10.05	10.05
Fixation R	1	102	6537951025	6538234768	283743	291.02	682.75	21	20	-1	9.61	9.61
Fixation L	1	105	6538326519	6538560261	233742	383.97	675.26	53	28	-1	9.95	9.95
Fixation R	1	103	6538326519	6538560261	233742	383.97	675.26	53	28	-1	10.76	10.76
Fixation L	1	106	6538568518	6538852259	283741	576.17	678.03	40	20	-1	10.15	10.15
Fixation R	1	104	6538568518	6538852259	283741	576.17	678.03	40	20	-1	10.88	10.88
Fixation L	1	107	6538860632	6539060879	200247	731.98	685.71	62	9	-1	10.00	10.00
Fixation R	1	105	6538860632	6539060879	200247	731.98	685.71	62	9	-1	10.66	10.66
Fixation L	1	108	6539069259	6539286125	216866	802.31	686.30	42	6	-1	9.94	9.94
Fixation R	1	106	6539069259	6539286125	216866	802.31	686.30	42	6	-1	10.50	10.50
Fixation L	1	109	6539294509	6539461375	166866	892.47	693.27	18	13	-1	9.70	9.70
Fixation R	1	107	6539294509	6539461375	166866	892.47	693.27	18	13	-1	10.34	10.34
Fixation R	1	108	6539553250	6539645008	91758	111.34	-16.01	18	35	-1	10.22	10.22

