[BeGaze]
Converted from:	C:\Program Files\SMI\Experiment Suite 360\Experiment Center 2\Results\Readability_First_01\P02-eye_data.idf
Date:	02.08.2013 11:27:25
Version:	BeGaze 3.2.28
Sample Rate:	120
Subject:	P02
Description:	Run2

Table Header for Fixations:
Event Type	Trial	Number	Start	End	Duration	Location X	Location Y	Dispersion X	Dispersion Y	Plane	Avg. Pupil Size X	Avg. Pupil Size Y


Fixation L	1	1	4633829153	4633987744	158591	247.52	31.70	23	12	-1	10.42	10.42
Fixation R	1	1	4633829153	4633987744	158591	247.52	31.70	23	12	-1	11.21	11.21
Fixation L	1	2	4633996120	4634221364	225244	105.16	74.76	46	53	-1	10.26	10.26
Fixation R	1	2	4633996120	4634221364	225244	105.16	74.76	46	53	-1	11.05	11.05
Fixation L	1	3	4634237990	4634471735	233745	245.78	68.53	22	40	-1	10.31	10.31
Fixation R	1	3	4634237990	4634471735	233745	245.78	68.53	22	40	-1	10.91	10.91
Fixation L	1	4	4634479982	4634655231	175249	400.53	52.00	53	12	-1	10.35	10.35
Fixation R	1	4	4634479982	4634655231	175249	400.53	52.00	53	12	-1	10.89	10.89
Fixation L	1	5	4634696982	4635072476	375494	526.19	46.39	37	57	-1	10.50	10.50
Fixation R	1	5	4634713729	4635072476	358747	526.22	47.56	36	40	-1	10.99	10.99
Fixation L	1	6	4635080847	4635239349	158502	637.61	50.40	32	15	-1	10.40	10.40
Fixation R	1	6	4635080847	4635239349	158502	637.61	50.40	32	15	-1	10.96	10.96
Fixation L	1	7	4635247724	4635456342	208618	716.09	50.04	12	22	-1	10.26	10.26
Fixation R	1	7	4635247724	4635456342	208618	716.09	50.04	12	22	-1	10.81	10.81
Fixation L	1	8	4635506466	4635731714	225248	112.38	145.73	16	53	-1	10.21	10.21
Fixation R	1	8	4635506466	4635731714	225248	112.38	145.73	16	53	-1	11.05	11.05
Fixation L	1	9	4635740089	4635998716	258627	208.28	137.06	60	24	-1	10.51	10.51
Fixation R	1	9	4635740089	4635998716	258627	208.28	137.06	60	24	-1	11.12	11.12
Fixation L	1	10	4636007086	4636182335	175249	311.48	124.83	24	5	-1	10.55	10.55
Fixation R	1	10	4636007086	4636182335	175249	311.48	124.83	24	5	-1	11.03	11.03
Fixation L	1	11	4636190708	4636374205	183497	441.17	121.08	34	10	-1	10.72	10.72
Fixation R	1	11	4636190708	4636374205	183497	441.17	121.08	34	10	-1	11.04	11.04
Fixation L	1	12	4636382581	4636582828	200247	577.54	109.19	16	9	-1	10.65	10.65
Fixation R	1	12	4636382581	4636582828	200247	577.54	109.19	16	9	-1	10.94	10.94
Fixation L	1	13	4636591201	4636783073	191872	724.79	107.12	49	8	-1	10.54	10.54
Fixation R	1	13	4636591201	4636783073	191872	724.79	107.12	49	8	-1	10.80	10.80
Fixation L	1	14	4636791449	4636916699	125250	789.68	105.74	20	7	-1	10.35	10.35
Fixation R	1	14	4636791449	4636916699	125250	789.68	105.74	20	7	-1	10.71	10.71
Fixation L	1	15	4636966696	4637175319	208623	149.28	203.21	77	19	-1	10.40	10.40
Fixation R	1	15	4636966696	4637175319	208623	149.28	203.21	77	19	-1	11.16	11.16
Fixation L	1	16	4637183693	4637283817	100124	130.55	208.50	89	9	-1	10.42	10.42
Fixation R	1	16	4637183693	4637283817	100124	130.55	208.50	89	9	-1	11.19	11.19
Fixation L	1	17	4637292191	4637517439	225248	242.01	187.20	28	25	-1	10.68	10.68
Fixation R	1	17	4637292191	4637517439	225248	242.01	187.20	28	25	-1	11.18	11.18
Fixation L	1	18	4637525812	4637742810	216998	390.91	173.57	27	57	-1	10.76	10.76
Fixation R	1	18	4637525812	4637742810	216998	390.91	173.57	27	57	-1	11.09	11.09
Fixation L	1	19	4637751063	4637892931	141868	446.08	111.22	50	40	-1	10.82	10.82
Fixation R	1	19	4637751063	4637892931	141868	446.08	111.22	50	40	-1	11.27	11.27
Fixation L	1	20	4637901311	4638243428	342117	567.09	112.42	53	17	-1	10.78	10.78
Fixation R	1	20	4637901311	4638243428	342117	567.09	112.42	53	17	-1	11.28	11.28
Fixation L	1	21	4638251805	4638452051	200246	476.64	169.34	44	42	-1	10.70	10.70
Fixation R	1	21	4638251805	4638452051	200246	476.64	169.34	44	42	-1	11.20	11.20
Fixation L	1	22	4638460421	4638677297	216876	378.07	172.23	29	14	-1	10.70	10.70
Fixation R	1	22	4638460421	4638677297	216876	378.07	172.23	29	14	-1	11.32	11.32
Fixation L	1	23	4638694044	4638894289	200245	633.53	158.58	76	17	-1	10.52	10.52
Fixation R	1	23	4638694044	4638894289	200245	633.53	158.58	76	17	-1	10.55	10.55
Fixation L	1	24	4638911040	4639261408	350368	784.88	165.95	44	19	-1	10.57	10.57
Fixation R	1	24	4638911040	4639261408	350368	784.88	165.95	44	19	-1	11.00	11.00
Fixation L	1	25	4639269783	4639470030	200247	896.47	159.57	47	18	-1	10.56	10.56
Fixation R	1	25	4639269783	4639470030	200247	896.47	159.57	47	18	-1	10.97	10.97
Fixation L	1	26	4639520154	4639662029	141875	170.80	222.33	64	26	-1	10.42	10.42
Fixation R	1	26	4639520154	4639662029	141875	170.80	222.33	64	26	-1	11.33	11.33
Fixation L	1	27	4639670277	4639895653	225376	110.34	242.54	67	27	-1	10.42	10.42
Fixation R	1	27	4639670277	4639895653	225376	110.34	242.54	67	27	-1	11.25	11.25
Fixation L	1	28	4639904030	4640062524	158494	236.40	239.40	32	13	-1	10.55	10.55
Fixation R	1	28	4639904030	4640062524	158494	236.40	239.40	32	13	-1	11.11	11.11
Fixation L	1	29	4640070895	4640254400	183505	399.84	229.75	42	13	-1	10.50	10.50
Fixation R	1	29	4640070895	4640254400	183505	399.84	229.75	42	13	-1	11.03	11.03
Fixation L	1	30	4640262771	4640429645	166874	521.70	218.57	80	9	-1	10.47	10.47
Fixation R	1	30	4640262771	4640429645	166874	521.70	218.57	80	9	-1	11.11	11.11
Fixation L	1	31	4640438017	4640680017	242000	672.74	210.42	29	5	-1	10.44	10.44
Fixation R	1	31	4640438017	4640680017	242000	672.74	210.42	29	5	-1	11.09	11.09
Fixation L	1	32	4640688390	4640963758	275368	872.65	209.79	81	10	-1	10.34	10.34
Fixation R	1	32	4640688390	4640963758	275368	872.65	209.79	81	10	-1	10.90	10.90
Fixation L	1	33	4641013761	4641230759	216998	161.84	291.11	65	28	-1	10.21	10.21
Fixation R	1	33	4641013761	4641230759	216998	161.84	291.11	65	28	-1	11.13	11.13
Fixation L	1	34	4641239132	4641339255	100123	108.61	297.83	14	24	-1	10.17	10.17
Fixation R	1	34	4641239132	4641339255	100123	108.61	297.83	14	24	-1	10.94	10.94
Fixation L	1	35	4641355885	4641522877	166992	301.87	285.17	12	37	-1	10.44	10.44
Fixation R	1	35	4641355885	4641522877	166992	301.87	285.17	12	37	-1	11.03	11.03
Fixation L	1	36	4641631255	4641831629	200374	469.68	270.37	48	11	-1	10.56	10.56
Fixation R	1	36	4641631255	4641831629	200374	469.68	270.37	48	11	-1	11.12	11.12
Fixation L	1	37	4641848248	4642165368	317120	686.01	276.32	49	12	-1	10.45	10.45
Fixation R	1	37	4641848248	4642165368	317120	686.01	276.32	49	12	-1	10.93	10.93
Fixation L	1	38	4642173744	4642490736	316992	850.58	276.69	76	8	-1	10.18	10.18
Fixation R	1	38	4642173744	4642490736	316992	850.58	276.69	76	8	-1	10.65	10.65
Fixation L	1	39	4642499110	4642649358	150248	669.65	273.17	89	10	-1	10.22	10.22
Fixation R	1	39	4642499110	4642649358	150248	669.65	273.17	89	10	-1	10.86	10.86
Fixation L	1	40	4642657742	4643233481	575739	700.49	278.37	62	28	-1	10.32	10.32
Fixation R	1	40	4642657742	4643233481	575739	700.49	278.37	62	28	-1	10.82	10.82
Fixation L	1	41	4643250099	4643391975	141876	874.71	271.47	24	25	-1	10.22	10.22
Fixation R	1	41	4643250099	4643391975	141876	874.71	271.47	24	25	-1	10.71	10.71
Fixation L	1	42	4643442097	4643625593	183496	158.06	341.16	68	26	-1	10.22	10.22
Fixation R	1	42	4643442097	4643625593	183496	158.06	341.16	68	26	-1	10.98	10.98
Fixation L	1	43	4643633979	4643792591	158612	125.26	357.32	57	11	-1	10.29	10.29
Fixation R	1	43	4643633979	4643792591	158612	125.26	357.32	57	11	-1	10.86	10.86
Fixation L	1	44	4643800842	4644101337	300495	240.25	349.35	27	16	-1	10.42	10.42
Fixation R	1	44	4643800842	4644101337	300495	240.25	349.35	27	16	-1	10.98	10.98
Fixation L	1	45	4644109585	4644334971	225386	390.37	330.12	73	13	-1	10.35	10.35
Fixation R	1	45	4644109585	4644334971	225386	390.37	330.12	73	13	-1	10.99	10.99
Fixation L	1	46	4644343334	4644518456	175122	530.83	338.88	53	21	-1	10.40	10.40
Fixation L	1	47	4644526828	4644677081	150253	681.31	336.54	60	17	-1	10.26	10.26
Fixation R	1	46	4644526828	4644677081	150253	681.31	336.54	60	17	-1	10.73	10.73
Fixation L	1	48	4644685458	4644802200	116742	584.78	334.50	73	4	-1	10.20	10.20
Fixation R	1	47	4644685458	4644802200	116742	584.78	334.50	73	4	-1	10.77	10.77
Fixation L	1	49	4644810575	4645219443	408868	443.66	335.25	57	12	-1	10.19	10.19
Fixation R	1	48	4644810575	4645219443	408868	443.66	335.25	57	12	-1	10.83	10.83
Fixation L	1	50	4645236199	4645327943	91744	729.72	331.48	89	8	-1	10.18	10.18
Fixation R	1	49	4645236199	4645327943	91744	729.72	331.48	89	8	-1	10.65	10.65
Fixation L	1	51	4645336323	4645645063	308740	789.50	330.09	73	8	-1	10.16	10.16
Fixation R	1	50	4645336323	4645645063	308740	789.50	330.09	73	8	-1	10.57	10.57
Fixation R	1	51	4645695062	4646012182	317120	148.34	402.12	56	43	-1	10.80	10.80
Fixation L	1	52	4645745185	4646020558	275373	145.71	405.07	44	16	-1	10.09	10.09
Fixation L	1	53	4646028808	4646287560	258752	300.77	399.64	43	15	-1	10.33	10.33
Fixation R	1	52	4646028808	4646287560	258752	300.77	399.64	43	15	-1	10.94	10.94
Fixation L	1	54	4646295930	4646546178	250248	487.04	392.68	68	6	-1	10.41	10.41
Fixation R	1	53	4646295930	4646546178	250248	487.04	392.68	68	6	-1	10.99	10.99
Fixation L	1	55	4646554549	4646863295	308746	647.17	394.59	53	7	-1	10.39	10.39
Fixation R	1	54	4646554549	4646863295	308746	647.17	394.59	53	7	-1	10.84	10.84
Fixation L	1	56	4646871668	4647213790	342122	779.97	396.65	80	6	-1	10.30	10.30
Fixation R	1	55	4646871668	4647213790	342122	779.97	396.65	80	6	-1	10.79	10.79
Fixation L	1	57	4647222163	4647414040	191877	910.50	389.18	17	11	-1	10.27	10.27
Fixation R	1	56	4647222163	4647414040	191877	910.50	389.18	17	11	-1	10.83	10.83
Fixation L	1	58	4647464166	4647631035	166869	176.75	460.67	56	18	-1	10.24	10.24
Fixation R	1	57	4647464166	4647631035	166869	176.75	460.67	56	18	-1	11.02	11.02
Fixation L	1	59	4647639413	4647747785	108372	110.68	470.46	21	10	-1	10.19	10.19
Fixation R	1	58	4647639413	4647747785	108372	110.68	470.46	21	10	-1	10.88	10.88
Fixation L	1	60	4647881406	4648256899	375493	238.59	458.63	83	15	-1	10.48	10.48
Fixation R	1	59	4647881406	4648256899	375493	238.59	458.63	83	15	-1	10.97	10.97
Fixation L	1	61	4648265155	4648782516	517361	183.03	464.37	89	8	-1	10.49	10.49
Fixation R	1	60	4648265155	4648782516	517361	183.03	464.37	89	8	-1	10.90	10.90
Fixation L	1	62	4648790897	4649158010	367113	129.60	463.88	42	25	-1	10.50	10.50
Fixation R	1	61	4648790897	4649158010	367113	129.60	463.88	42	25	-1	10.96	10.96
Fixation L	1	63	4649291639	4649433380	141741	223.38	450.07	62	16	-1	10.53	10.53
Fixation R	1	62	4649291639	4649433380	141741	223.38	450.07	62	16	-1	10.94	10.94
Fixation L	1	64	4649441762	4649625379	183617	274.89	452.86	35	7	-1	10.73	10.73
Fixation R	1	63	4649441762	4649625379	183617	274.89	452.86	35	7	-1	11.12	11.12
Fixation L	1	65	4649633751	4649867378	233627	380.43	456.76	30	3	-1	10.57	10.57
Fixation R	1	64	4649633751	4649867378	233627	380.43	456.76	30	3	-1	10.99	10.99
Fixation L	1	66	4649875748	4650159368	283620	514.09	455.89	70	7	-1	10.40	10.40
Fixation R	1	65	4649875748	4650159368	283620	514.09	455.89	70	7	-1	10.77	10.77
Fixation L	1	67	4650167746	4650409740	241994	624.48	461.03	69	9	-1	10.20	10.20
Fixation R	1	66	4650167746	4650409740	241994	624.48	461.03	69	9	-1	10.77	10.77
Fixation L	1	68	4650418119	4650843617	425498	767.12	453.75	71	21	-1	10.13	10.13
Fixation R	1	67	4650418119	4650843617	425498	767.12	453.75	71	21	-1	10.70	10.70
Fixation L	1	69	4650851984	4651018855	166871	886.46	453.10	41	15	-1	10.31	10.31
Fixation R	1	68	4650851984	4651018855	166871	886.46	453.10	41	15	-1	10.77	10.77
Fixation L	1	70	4651068982	4651411101	342119	130.25	523.36	74	24	-1	10.11	10.11
Fixation R	1	69	4651068982	4651411101	342119	130.25	523.36	74	24	-1	10.86	10.86
Fixation L	1	71	4651419483	4651619728	200245	327.36	509.15	69	14	-1	10.50	10.50
Fixation R	1	70	4651419483	4651619728	200245	327.36	509.15	69	14	-1	10.70	10.70
Fixation L	1	72	4651628100	4651819978	191878	434.48	515.50	24	14	-1	10.16	10.16
Fixation R	1	71	4651628100	4652120348	492248	418.48	515.09	39	21	-1	11.23	11.23
Fixation L	1	73	4652128716	4652353962	225246	547.18	518.70	50	7	-1	10.51	10.51
Fixation R	1	72	4652128716	4652353962	225246	547.18	518.70	50	7	-1	11.12	11.12
Fixation L	1	74	4652362337	4652545960	183623	674.80	517.55	19	5	-1	10.54	10.54
Fixation R	1	73	4652362337	4652545960	183623	674.80	517.55	19	5	-1	11.22	11.22
Fixation L	1	75	4652554338	4652696210	141872	764.65	511.40	30	17	-1	9.84	9.84
Fixation R	1	74	4652554338	4652696210	141872	764.65	511.40	30	17	-1	11.12	11.12
Fixation L	1	76	4652704457	4652929827	225370	649.45	512.06	64	11	-1	10.47	10.47
Fixation R	1	75	4652704457	4652929827	225370	649.45	512.06	64	11	-1	11.19	11.19
Fixation L	1	77	4652971458	4653246950	275492	107.55	590.98	48	19	-1	10.34	10.34
Fixation R	1	76	4652971458	4653246950	275492	107.55	590.98	48	19	-1	10.99	10.99
Fixation L	1	78	4653255198	4653505571	250373	215.79	576.00	52	12	-1	10.49	10.49
Fixation R	1	77	4653255198	4653505571	250373	215.79	576.00	52	12	-1	10.93	10.93
Fixation L	1	79	4653513947	4653755939	241992	400.72	578.44	59	11	-1	10.48	10.48
Fixation R	1	78	4653513947	4653755939	241992	400.72	578.44	59	11	-1	11.33	11.33
Fixation L	1	80	4653764190	4654022941	258751	569.39	579.95	81	12	-1	10.50	10.50
Fixation R	1	79	4653764190	4654022941	258751	569.39	579.95	81	12	-1	11.30	11.30
Fixation L	1	81	4654031313	4654164809	133496	685.39	580.42	10	6	-1	10.37	10.37
Fixation R	1	80	4654031313	4654164809	133496	685.39	580.42	10	6	-1	11.06	11.06
Fixation L	1	82	4654323316	4655099427	776111	856.58	569.14	65	21	-1	10.24	10.24
Fixation R	1	81	4654323316	4655099427	776111	856.58	569.14	65	21	-1	11.12	11.12
Fixation L	1	83	4655149433	4655458163	308730	111.74	656.93	75	20	-1	10.25	10.25
Fixation R	1	82	4655149433	4655458163	308730	111.74	656.93	75	20	-1	10.96	10.96
Fixation L	1	84	4655550043	4655783660	233617	262.06	646.48	64	27	-1	10.53	10.53
Fixation R	1	83	4655550043	4655783660	233617	262.06	646.48	64	27	-1	10.73	10.73
Fixation L	1	85	4655791908	4656067280	275372	390.99	643.10	10	11	-1	10.44	10.44
Fixation R	1	84	4655791908	4656067280	275372	390.99	643.10	10	11	-1	11.36	11.36
Fixation L	1	86	4656075657	4656417773	342116	561.31	647.70	61	6	-1	10.64	10.64
Fixation R	1	85	4656075657	4656417773	342116	561.31	647.70	61	6	-1	11.37	11.37
Fixation L	1	87	4656426156	4656659771	233615	621.61	638.04	61	18	-1	10.69	10.69
Fixation R	1	86	4656426156	4656659771	233615	621.61	638.04	61	18	-1	11.37	11.37
Fixation L	1	88	4656668147	4657068639	400492	741.13	641.03	55	9	-1	10.41	10.41
Fixation R	1	87	4656668147	4657068639	400492	741.13	641.03	55	9	-1	11.22	11.22
Fixation L	1	89	4657110390	4657352391	242001	130.67	714.96	58	37	-1	10.37	10.37
Fixation R	1	88	4657110390	4657352391	242001	130.67	714.96	58	37	-1	10.91	10.91
Fixation L	1	90	4657360760	4657569383	208623	249.28	702.67	13	14	-1	10.64	10.64
Fixation R	1	89	4657360760	4657569383	208623	249.28	702.67	13	14	-1	10.86	10.86
Fixation L	1	91	4657577759	4657844753	266994	432.51	704.23	52	12	-1	10.85	10.85
Fixation R	1	90	4657577759	4657844753	266994	432.51	704.23	52	12	-1	11.75	11.75
Fixation L	1	92	4657853135	4658028257	175122	561.87	704.97	35	2	-1	10.87	10.87
Fixation R	1	91	4657853135	4658028257	175122	561.87	704.97	35	2	-1	11.72	11.72
Fixation L	1	93	4658036626	4658662492	625866	707.13	700.71	54	10	-1	10.64	10.64
Fixation R	1	92	4658036626	4658662492	625866	707.13	700.71	54	10	-1	11.51	11.51
Fixation L	1	94	4658670865	4659496979	826114	692.76	696.10	87	11	-1	10.66	10.66
Fixation R	1	93	4658670865	4659496979	826114	692.76	696.10	87	11	-1	11.47	11.47
Fixation L	1	95	4659505230	4659813976	308746	701.19	702.41	71	12	-1	10.61	10.61
Fixation R	1	94	4659505230	4659813976	308746	701.19	702.41	71	12	-1	11.44	11.44
Fixation L	1	96	4659830731	4660022595	191864	908.68	698.04	81	13	-1	10.48	10.48
Fixation R	1	95	4659972598	4660122719	150121	947.87	705.79	57	17	-1	11.09	11.09
Fixation L	1	97	4660030973	4660122719	91746	958.12	709.28	9	7	-1	10.27	10.27

