[BeGaze]
Converted from:	C:\Program Files\SMI\Experiment Suite 360\Experiment Center 2\Results\Readability_First_01\P02-eye_data.idf
Date:	02.08.2013 11:27:25
Version:	BeGaze 3.2.28
Sample Rate:	120
Subject:	P02
Description:	Run2

Table Header for Fixations:
Event Type	Trial	Number	Start	End	Duration	Location X	Location Y	Dispersion X	Dispersion Y	Plane	Avg. Pupil Size X	Avg. Pupil Size Y


Fixation L	1	1	4909212741	4909396194	183453	215.26	18.92	34	11	-1	9.85	9.85
Fixation R	1	1	4909212741	4909396194	183453	215.26	18.92	34	11	-1	10.42	10.42
Fixation L	1	2	4909404575	4909563070	158495	86.63	53.01	13	68	-1	9.79	9.79
Fixation R	1	2	4909404575	4909563070	158495	86.63	53.01	13	68	-1	10.39	10.39
Fixation L	1	3	4909646566	4909788442	141876	361.40	32.28	85	7	-1	10.12	10.12
Fixation R	1	3	4909646566	4909788442	141876	361.40	32.28	85	7	-1	10.35	10.35
Fixation L	1	4	4909796813	4909938563	141750	579.20	37.58	18	16	-1	10.26	10.26
Fixation R	1	4	4909796813	4909938563	141750	579.20	37.58	18	16	-1	10.40	10.40
Fixation L	1	5	4909955314	4910305811	350497	768.70	25.70	62	16	-1	10.05	10.05
Fixation R	1	5	4909955314	4910305811	350497	768.70	25.70	62	16	-1	10.40	10.40
Fixation L	1	6	4910314182	4910514428	200246	847.82	47.19	38	17	-1	9.95	9.95
Fixation R	1	6	4910314182	4910514428	200246	847.82	47.19	38	17	-1	10.29	10.29
Fixation L	1	7	4910556056	4910714677	158621	187.12	95.54	57	27	-1	9.95	9.95
Fixation R	1	7	4910556056	4910714677	158621	187.12	95.54	57	27	-1	10.69	10.69
Fixation L	1	8	4910723050	4911040045	316995	85.17	108.42	59	36	-1	10.04	10.04
Fixation R	1	8	4910723050	4911040045	316995	85.17	108.42	59	36	-1	10.63	10.63
Fixation L	1	9	4911048422	4911215294	166872	231.69	105.88	17	21	-1	10.31	10.31
Fixation R	1	9	4911048422	4911215294	166872	231.69	105.88	17	21	-1	10.65	10.65
Fixation L	1	10	4911223666	4911515789	292123	399.44	86.66	52	24	-1	10.43	10.43
Fixation R	1	10	4911223666	4911515789	292123	399.44	86.66	52	24	-1	10.75	10.75
Fixation L	1	11	4911524038	4911749411	225373	514.86	83.17	32	13	-1	10.42	10.42
Fixation R	1	11	4911524038	4911749411	225373	514.86	83.17	32	13	-1	10.84	10.84
Fixation L	1	12	4911757789	4911899533	141744	617.59	74.38	45	6	-1	10.41	10.41
Fixation R	1	12	4911757789	4911899533	141744	617.59	74.38	45	6	-1	10.79	10.79
Fixation L	1	13	4911907909	4912074780	166871	693.40	67.67	14	6	-1	10.36	10.36
Fixation R	1	13	4911907909	4912074780	166871	693.40	67.67	14	6	-1	10.66	10.66
Fixation L	1	14	4912108158	4912200028	91870	161.29	153.28	61	38	-1	10.18	10.18
Fixation R	1	14	4912108158	4912200028	91870	161.29	153.28	61	38	-1	10.86	10.86
Fixation L	1	15	4912208279	4912375274	166995	133.37	158.20	44	15	-1	10.23	10.23
Fixation R	1	15	4912208279	4912375274	166995	133.37	158.20	44	15	-1	10.83	10.83
Fixation R	1	16	4912475270	4913209644	734374	101.13	178.70	51	31	-1	10.89	10.89
Fixation L	1	16	4912483649	4913209644	725995	100.94	178.75	51	31	-1	10.48	10.48
Fixation L	1	17	4913351509	4913818877	467368	125.37	157.73	63	33	-1	10.27	10.27
Fixation R	1	17	4913351509	4913818877	467368	125.37	157.73	63	33	-1	10.53	10.53
Fixation L	1	18	4913827127	4913977374	150247	238.18	152.14	55	40	-1	10.21	10.21
Fixation R	1	18	4913827127	4913977374	150247	238.18	152.14	55	40	-1	10.63	10.63
Fixation L	1	19	4913994000	4914169246	175246	347.12	156.00	25	26	-1	10.17	10.17
Fixation R	1	19	4913994000	4914169246	175246	347.12	156.00	25	26	-1	10.56	10.56
Fixation L	1	20	4914177620	4914336247	158627	484.38	146.94	50	11	-1	9.63	9.63
Fixation R	1	20	4914177620	4914394620	217000	483.43	144.17	56	21	-1	10.52	10.52
Fixation L	1	21	4914402993	4914494743	91750	625.20	142.67	61	31	-1	10.08	10.08
Fixation L	1	22	4914611622	4914753362	141740	828.07	130.19	83	12	-1	10.20	10.20
Fixation R	1	21	4914611622	4914753362	141740	828.07	130.19	83	12	-1	10.14	10.14
Fixation L	1	23	4914761742	4914870240	108498	849.13	130.90	84	14	-1	10.40	10.40
Fixation R	1	22	4914761742	4914870240	108498	849.13	130.90	84	14	-1	10.70	10.70
Fixation L	1	24	4914878610	4915137237	258627	865.52	132.51	69	17	-1	10.44	10.44
Fixation R	1	23	4914878610	4915137237	258627	865.52	132.51	69	17	-1	10.81	10.81
Fixation L	1	25	4915145607	4915487729	342122	677.53	191.67	25	49	-1	10.28	10.28
Fixation R	1	24	4915145607	4915487729	342122	677.53	191.67	25	49	-1	10.86	10.86
Fixation L	1	26	4915496107	4916338837	842730	869.04	164.66	54	41	-1	10.45	10.45
Fixation R	1	25	4915496107	4916338837	842730	869.04	164.66	54	41	-1	10.92	10.92
Fixation L	1	27	4916472341	4916731083	258742	797.20	176.49	66	27	-1	10.62	10.62
Fixation R	1	26	4916472341	4916731083	258742	797.20	176.49	66	27	-1	11.27	11.27
Fixation L	1	28	4916739460	4916973083	233623	724.80	199.27	57	23	-1	10.70	10.70
Fixation R	1	27	4916739460	4916973083	233623	724.80	199.27	57	23	-1	11.28	11.28
Fixation L	1	29	4916989704	4917423701	433997	435.40	235.92	26	67	-1	10.54	10.54
Fixation R	1	28	4916989704	4917423701	433997	435.40	235.92	26	67	-1	11.12	11.12
Fixation L	1	30	4917440323	4917640570	200247	555.66	283.76	74	17	-1	10.53	10.53
Fixation R	1	29	4917440323	4917640570	200247	555.66	283.76	74	17	-1	10.90	10.90
Fixation L	1	31	4917657320	4917999437	342117	787.01	149.47	50	24	-1	10.32	10.32
Fixation R	1	30	4917657320	4917999437	342117	787.01	149.47	50	24	-1	10.66	10.66
Fixation L	1	32	4918007820	4918191314	183494	902.62	163.40	77	20	-1	10.53	10.53
Fixation R	1	31	4918007820	4918191314	183494	902.62	163.40	77	20	-1	10.87	10.87
Fixation L	1	33	4918233060	4918391681	158621	209.32	226.88	57	42	-1	10.49	10.49
Fixation R	1	32	4918233060	4918391681	158621	209.32	226.88	57	42	-1	11.25	11.25
Fixation L	1	34	4918399932	4918641927	241995	191.34	219.80	14	4	-1	10.56	10.56
Fixation R	1	33	4918399932	4918641927	241995	191.34	219.80	14	4	-1	11.09	11.09
Fixation L	1	35	4918650302	4918942426	292124	342.58	226.37	16	11	-1	10.75	10.75
Fixation R	1	34	4918650302	4918942426	292124	342.58	226.37	16	11	-1	10.87	10.87
Fixation L	1	36	4918950677	4919109303	158626	459.92	228.91	13	6	-1	10.62	10.62
Fixation R	1	35	4918950677	4919109303	158626	459.92	228.91	13	6	-1	10.80	10.80
Fixation L	1	37	4919117549	4919276167	158618	565.27	212.69	44	20	-1	10.32	10.32
Fixation R	1	36	4919117549	4919276167	158618	565.27	212.69	44	20	-1	10.61	10.61
Fixation L	1	38	4919284549	4919543163	258614	741.93	224.98	28	18	-1	10.09	10.09
Fixation R	1	37	4919284549	4919367918	83369	736.69	217.62	25	8	-1	9.63	9.63
Fixation R	1	38	4919693411	4919885289	191878	706.02	144.26	16	10	-1	10.79	10.79
Fixation L	1	39	4919718412	4919885289	166877	707.30	144.69	14	10	-1	10.32	10.32
Fixation L	1	40	4919893658	4920093906	200248	524.65	174.04	31	50	-1	10.60	10.60
Fixation R	1	39	4919893658	4920093906	200248	524.65	174.04	31	50	-1	11.24	11.24
Fixation L	1	41	4920102279	4920252405	150126	636.95	220.79	53	36	-1	10.61	10.61
Fixation R	1	40	4920102279	4920252405	150126	636.95	220.79	53	36	-1	11.19	11.19
Fixation L	1	42	4920277529	4920360904	83375	774.09	239.52	70	17	-1	10.62	10.62
Fixation R	1	41	4920277529	4920360904	83375	774.09	239.52	70	17	-1	10.44	10.44
Fixation R	1	42	4920527778	4920694774	166996	173.06	301.88	60	30	-1	11.10	11.10
Fixation R	1	43	4920703020	4920794771	91751	107.74	310.28	21	11	-1	10.99	10.99
Fixation R	1	44	4921020137	4921120265	100128	240.21	288.24	57	16	-1	11.11	11.11
Fixation R	1	45	4921128642	4921378887	250245	126.19	309.64	64	27	-1	11.07	11.07
Fixation L	1	43	4921370641	4921512511	141870	93.29	324.32	22	30	-1	9.60	9.60
Fixation R	1	46	4921387264	4921545883	158619	94.65	322.56	22	30	-1	10.89	10.89
Fixation R	1	47	4921587633	4921921377	333744	115.78	307.40	49	17	-1	10.74	10.74
Fixation L	1	44	4921637635	4921921377	283742	120.80	305.98	38	12	-1	10.32	10.32
Fixation L	1	45	4921938007	4922079884	141877	143.64	304.78	36	11	-1	9.84	9.84
Fixation R	1	48	4921938007	4922146626	208619	150.20	301.29	37	16	-1	10.36	10.36
Fixation L	1	46	4922155006	4922363622	208616	263.79	285.50	42	8	-1	10.53	10.53
Fixation R	1	49	4922155006	4922363622	208616	263.79	285.50	42	8	-1	10.39	10.39
Fixation L	1	47	4922371996	4922739119	367123	349.81	286.05	32	16	-1	10.44	10.44
Fixation R	1	50	4922371996	4922739119	367123	349.81	286.05	32	16	-1	10.83	10.83
Fixation L	1	48	4922747491	4923022864	275373	462.34	280.46	27	10	-1	10.40	10.40
Fixation R	1	51	4922747491	4923022864	275373	462.34	280.46	27	10	-1	10.82	10.82
Fixation L	1	49	4923031238	4923314858	283620	578.81	277.76	42	4	-1	10.43	10.43
Fixation R	1	52	4923031238	4923314858	283620	578.81	277.76	42	4	-1	10.87	10.87
Fixation L	1	50	4923323233	4923565228	241995	685.93	275.44	61	4	-1	10.34	10.34
Fixation R	1	53	4923323233	4923565228	241995	685.93	275.44	61	4	-1	10.53	10.53
Fixation L	1	51	4923573604	4923765475	191871	782.64	277.77	42	8	-1	10.30	10.30
Fixation R	1	54	4923573604	4923765475	191871	782.64	277.77	42	8	-1	10.87	10.87
Fixation L	1	52	4923815600	4924057604	242004	131.86	342.49	25	29	-1	10.09	10.09
Fixation R	1	55	4923815600	4924057604	242004	131.86	342.49	25	29	-1	10.79	10.79
Fixation L	1	53	4924065853	4924441465	375612	238.13	350.63	49	12	-1	10.46	10.46
Fixation R	1	56	4924065853	4924441465	375612	238.13	350.63	49	12	-1	10.83	10.83
Fixation L	1	54	4924449716	4924666714	216998	334.74	339.69	16	9	-1	10.45	10.45
Fixation R	1	57	4924449716	4924666714	216998	334.74	339.69	16	9	-1	10.66	10.66
Fixation L	1	55	4924675087	4924816962	141875	458.72	338.21	16	5	-1	10.31	10.31
Fixation R	1	58	4924675087	4924816962	141875	458.72	338.21	16	5	-1	10.67	10.67
Fixation L	1	56	4924825210	4925125706	300496	563.92	340.73	39	6	-1	10.28	10.28
Fixation R	1	59	4924825210	4925125706	300496	563.92	340.73	39	6	-1	10.65	10.65
Fixation L	1	57	4925133956	4925467828	333872	750.50	345.16	82	11	-1	10.39	10.39
Fixation R	1	60	4925133956	4925467828	333872	750.50	345.16	82	11	-1	10.38	10.38
Fixation L	1	58	4925509454	4925951820	442366	134.06	403.60	66	29	-1	10.29	10.29
Fixation R	1	61	4925509454	4925951820	442366	134.06	403.60	66	29	-1	10.67	10.67
Fixation L	1	59	4925968447	4926193819	225372	311.00	401.33	25	7	-1	10.52	10.52
Fixation R	1	62	4925968447	4926193819	225372	311.00	401.33	25	7	-1	10.93	10.93
Fixation L	1	60	4926202067	4926377313	175246	421.95	397.35	45	11	-1	10.52	10.52
Fixation R	1	63	4926327312	4926544186	216874	483.57	403.47	85	14	-1	10.43	10.43
Fixation L	1	61	4926385689	4926627685	241996	505.37	407.29	70	17	-1	9.98	9.98
Fixation L	1	62	4926636060	4926827931	191871	650.86	347.82	16	57	-1	10.25	10.25
Fixation R	1	64	4926636060	4926827931	191871	650.86	347.82	16	57	-1	10.58	10.58
Fixation L	1	63	4926836308	4927170052	333744	540.68	322.74	39	22	-1	10.31	10.31
Fixation R	1	65	4926836308	4927170052	333744	540.68	322.74	39	22	-1	10.69	10.69
Fixation L	1	64	4927178427	4927437050	258623	681.81	376.12	41	55	-1	10.40	10.40
Fixation R	1	66	4927178427	4927437050	258623	681.81	376.12	41	55	-1	10.75	10.75
Fixation L	1	65	4927445423	4927620669	175246	604.96	402.92	22	25	-1	10.42	10.42
Fixation R	1	67	4927445423	4927620669	175246	604.96	402.92	22	25	-1	10.87	10.87
Fixation L	1	66	4927637417	4927846041	208624	785.90	394.45	33	15	-1	10.29	10.29
Fixation R	1	68	4927637417	4927846041	208624	785.90	394.45	33	15	-1	10.61	10.61
Fixation L	1	67	4927854293	4927946167	91874	848.42	392.82	55	4	-1	10.24	10.24
Fixation R	1	69	4927854293	4927946167	91874	848.42	392.82	55	4	-1	10.61	10.61
Fixation L	1	68	4927987789	4928146411	158622	156.68	466.76	63	27	-1	10.20	10.20
Fixation R	1	70	4927987789	4928146411	158622	156.68	466.76	63	27	-1	10.65	10.65
Fixation L	1	69	4928154787	4928271532	116745	87.75	473.61	18	12	-1	10.29	10.29
Fixation R	1	71	4928154787	4928271532	116745	87.75	473.61	18	12	-1	10.74	10.74
Fixation L	1	70	4928405029	4928488531	83502	202.07	455.76	64	34	-1	10.11	10.11
Fixation R	1	72	4928405029	4928488531	83502	202.07	455.76	64	34	-1	10.70	10.70
Fixation L	1	71	4928546907	4928747150	200243	378.84	446.46	23	21	-1	10.65	10.65
Fixation R	1	73	4928546907	4928747150	200243	378.84	446.46	23	21	-1	11.12	11.12
Fixation L	1	72	4928755524	4929106019	350495	468.66	461.58	49	11	-1	10.46	10.46
Fixation R	1	74	4928755524	4929106019	350495	468.66	461.58	49	11	-1	11.07	11.07
Fixation L	1	73	4929114400	4929281267	166867	578.24	457.53	65	7	-1	10.39	10.39
Fixation R	1	75	4929114400	4929281267	166867	578.24	457.53	65	7	-1	10.85	10.85
Fixation L	1	74	4929289646	4929740137	450491	699.40	458.50	61	9	-1	10.32	10.32
Fixation R	1	76	4929289646	4929740137	450491	699.40	458.50	61	9	-1	10.76	10.76
Fixation L	1	75	4929748510	4930007142	258632	843.01	457.65	62	15	-1	10.14	10.14
Fixation R	1	77	4929748510	4930007142	258632	843.01	457.65	62	15	-1	10.57	10.57
Fixation L	1	76	4930023884	4930240886	217002	973.11	456.67	37	15	-1	10.09	10.09
Fixation R	1	78	4930023884	4930240886	217002	973.11	456.67	37	15	-1	10.52	10.52
Fixation L	1	77	4930299255	4931233865	934610	115.84	523.01	62	36	-1	10.26	10.26
Fixation R	1	79	4930299255	4931233865	934610	115.84	523.01	62	36	-1	10.58	10.58
Fixation L	1	78	4931242238	4931592732	350494	292.44	513.38	70	15	-1	10.63	10.63
Fixation R	1	80	4931242238	4931592732	350494	292.44	513.38	70	15	-1	10.93	10.93
Fixation L	1	79	4931609357	4931876358	267001	493.84	512.99	83	15	-1	10.38	10.38
Fixation R	1	81	4931609357	4931876358	267001	493.84	512.99	83	15	-1	10.98	10.98
Fixation L	1	80	4931884727	4931976479	91752	542.47	525.93	13	6	-1	10.50	10.50
Fixation R	1	82	4931884727	4931976479	91752	542.47	525.93	13	6	-1	10.91	10.91
Fixation L	1	81	4931984850	4932660716	675866	650.56	511.34	31	25	-1	10.23	10.23
Fixation R	1	83	4931984850	4932660716	675866	650.56	511.34	31	25	-1	10.70	10.70
Fixation L	1	82	4932669090	4932936087	266997	749.67	511.75	39	7	-1	10.09	10.09
Fixation R	1	84	4932669090	4932936087	266997	749.67	511.75	39	7	-1	10.59	10.59
Fixation L	1	83	4932944462	4933219832	275370	890.58	518.85	50	7	-1	10.07	10.07
Fixation R	1	85	4932944462	4933219832	275370	890.58	518.85	50	7	-1	10.64	10.64
Fixation L	1	84	4933278210	4933587078	308868	120.83	589.61	57	22	-1	10.03	10.03
Fixation R	1	86	4933278210	4933587078	308868	120.83	589.61	57	22	-1	10.44	10.44
Fixation L	1	85	4933595326	4934087696	492370	256.79	580.41	65	18	-1	10.29	10.29
Fixation R	1	87	4933595326	4934087696	492370	256.79	580.41	65	18	-1	10.48	10.48
Fixation L	1	86	4934096070	4934271315	175245	431.26	578.32	44	5	-1	10.33	10.33
Fixation R	1	88	4934096070	4934271315	175245	431.26	578.32	44	5	-1	11.01	11.01
Fixation L	1	87	4934279568	4934596686	317118	564.54	583.35	74	16	-1	10.47	10.47
Fixation R	1	89	4934279568	4934596686	317118	564.54	583.35	74	16	-1	10.91	10.91
Fixation L	1	88	4934605069	4934847060	241991	714.05	577.65	79	12	-1	10.36	10.36
Fixation R	1	90	4934605069	4934847060	241991	714.05	577.65	79	12	-1	10.75	10.75
Fixation L	1	89	4934855437	4935214178	358741	840.28	566.64	43	21	-1	10.06	10.06
Fixation R	1	91	4934855437	4935214178	358741	840.28	566.64	43	21	-1	10.70	10.70
Fixation L	1	90	4935264302	4935522923	258621	124.35	646.26	46	24	-1	10.18	10.18
Fixation R	1	92	4935264302	4935522923	258621	124.35	646.26	46	24	-1	10.82	10.82
Fixation L	1	91	4935531301	4935739922	208621	264.05	640.23	82	8	-1	10.57	10.57
Fixation R	1	93	4935531301	4935739922	208621	264.05	640.23	82	8	-1	10.70	10.70
Fixation L	1	92	4935748168	4935973540	225372	376.86	645.40	18	7	-1	10.60	10.60
Fixation R	1	94	4935748168	4935973540	225372	376.86	645.40	18	7	-1	11.25	11.25
Fixation L	1	93	4935981919	4936340662	358743	520.73	647.56	70	15	-1	10.57	10.57
Fixation R	1	95	4935981919	4936340662	358743	520.73	647.56	70	15	-1	11.24	11.24
Fixation L	1	94	4936349034	4936757908	408874	689.94	634.87	62	23	-1	10.49	10.49
Fixation R	1	96	4936449158	4936757908	308750	690.81	634.43	16	7	-1	11.03	11.03
Fixation L	1	95	4936766283	4937050024	283741	845.02	634.39	26	5	-1	10.31	10.31
Fixation R	1	97	4936766283	4937050024	283741	845.02	634.39	26	5	-1	10.92	10.92
Fixation L	1	96	4937100023	4937350398	250375	109.11	724.18	81	17	-1	10.39	10.39
Fixation R	1	98	4937100023	4937350398	250375	109.11	724.18	81	17	-1	10.78	10.78
Fixation L	1	97	4937408775	4937634145	225370	227.15	707.00	19	16	-1	10.61	10.61
Fixation R	1	99	4937408775	4937634145	225370	227.15	707.00	19	16	-1	10.54	10.54
Fixation L	1	98	4937642519	4937876139	233620	345.61	706.41	11	10	-1	10.78	10.78
Fixation R	1	100	4937642519	4937876139	233620	345.61	706.41	11	10	-1	11.23	11.23
Fixation L	1	99	4937884515	4938134762	250247	519.08	700.06	57	16	-1	10.60	10.60
Fixation R	1	101	4937884515	4938134762	250247	519.08	700.06	57	16	-1	11.40	11.40
Fixation L	1	100	4938151510	4938560382	408872	695.32	695.09	14	11	-1	10.42	10.42
Fixation R	1	102	4938151510	4938560382	408872	695.32	695.09	14	11	-1	11.00	11.00
Fixation L	1	101	4938568753	4938877498	308745	883.69	705.48	84	8	-1	10.28	10.28
Fixation R	1	103	4938568753	4938877498	308745	883.69	705.48	84	8	-1	10.99	10.99
Fixation L	1	102	4938977621	4939061005	83384	156.10	37.83	7	43	-1	10.15	10.15
Fixation R	1	104	4938977621	4939061005	83384	156.10	37.83	7	43	-1	10.89	10.89

