[BeGaze]
Converted from:	C:\Program Files\SMI\Experiment Suite 360\Experiment Center 2\Results\Readability_First_01\P02-eye_data.idf
Date:	02.08.2013 11:27:26
Version:	BeGaze 3.2.28
Sample Rate:	120
Subject:	P02
Description:	Run2

Table Header for Fixations:
Event Type	Trial	Number	Start	End	Duration	Location X	Location Y	Dispersion X	Dispersion Y	Plane	Avg. Pupil Size X	Avg. Pupil Size Y


Fixation L	1	1	5663985686	5664361135	375449	119.57	22.84	58	12	-1	9.48	9.48
Fixation R	1	1	5663985686	5664361135	375449	119.57	22.84	58	12	-1	9.79	9.79
Fixation L	1	2	5664369519	5664494634	125115	238.37	21.79	8	7	-1	9.62	9.62
Fixation R	1	2	5664369519	5664494634	125115	238.37	21.79	8	7	-1	10.06	10.06
Fixation L	1	3	5664578009	5664678258	100249	301.40	13.92	78	21	-1	9.87	9.87
Fixation R	1	3	5664578009	5664678258	100249	301.40	13.92	78	21	-1	10.26	10.26
Fixation L	1	4	5664736629	5665061997	325368	434.23	23.11	64	31	-1	9.86	9.86
Fixation R	1	4	5664736629	5665061997	325368	434.23	23.11	64	31	-1	10.15	10.15
Fixation L	1	5	5665070382	5665328993	258611	624.55	-2.51	56	22	-1	9.82	9.82
Fixation R	1	5	5665070382	5665328993	258611	624.55	-2.51	56	22	-1	10.00	10.00
Fixation L	1	6	5665345747	5665571123	225376	817.34	-2.57	68	19	-1	9.70	9.70
Fixation R	1	6	5665345747	5665571123	225376	817.34	-2.57	68	19	-1	9.88	9.88
Fixation L	1	7	5665579366	5665746367	167001	894.59	6.53	54	7	-1	9.66	9.66
Fixation R	1	7	5665579366	5665746367	167001	894.59	6.53	54	7	-1	9.88	9.88
Fixation L	1	8	5665813112	5666063357	250245	116.18	100.46	27	28	-1	9.53	9.53
Fixation R	1	8	5665813112	5666063357	250245	116.18	100.46	27	28	-1	10.05	10.05
Fixation L	1	9	5666080124	5666296986	216862	381.87	74.09	55	20	-1	9.75	9.75
Fixation R	1	9	5666080124	5666296986	216862	381.87	74.09	55	20	-1	9.96	9.96
Fixation L	1	10	5666305353	5666897850	592497	457.32	65.81	83	14	-1	9.61	9.61
Fixation R	1	10	5666305353	5666897850	592497	457.32	65.81	83	14	-1	9.87	9.87
Fixation L	1	11	5666906219	5667056343	150124	393.80	74.20	15	9	-1	9.67	9.67
Fixation R	1	11	5666906219	5667056343	150124	393.80	74.20	15	9	-1	10.02	10.02
Fixation L	1	12	5667064717	5667331714	266997	509.21	74.69	24	15	-1	9.75	9.75
Fixation R	1	12	5667064717	5667331714	266997	509.21	74.69	24	15	-1	10.08	10.08
Fixation L	1	13	5667340086	5667456965	116879	599.56	63.80	22	20	-1	9.69	9.69
Fixation R	1	13	5667340086	5667456965	116879	599.56	63.80	22	20	-1	10.08	10.08
Fixation L	1	14	5667607084	5667832456	225372	679.00	68.53	86	9	-1	10.05	10.05
Fixation R	1	14	5667607084	5667832456	225372	679.00	68.53	86	9	-1	10.33	10.33
Fixation L	1	15	5667840834	5668015955	175121	737.77	70.91	19	3	-1	10.16	10.16
Fixation R	1	15	5667840834	5668015955	175121	737.77	70.91	19	3	-1	10.45	10.45
Fixation L	1	16	5668024332	5668116203	91871	839.11	60.74	21	11	-1	10.00	10.00
Fixation R	1	16	5668024332	5668116203	91871	839.11	60.74	21	11	-1	10.18	10.18
Fixation L	1	17	5668166200	5668408200	242000	114.10	135.31	49	38	-1	9.68	9.68
Fixation R	1	17	5668166200	5668408200	242000	114.10	135.31	49	38	-1	10.32	10.32
Fixation L	1	18	5668416574	5668583448	166874	246.45	130.97	25	4	-1	10.04	10.04
Fixation R	1	18	5668416574	5668583448	166874	246.45	130.97	25	4	-1	10.41	10.41
Fixation L	1	19	5668591819	5668775329	183510	353.91	129.20	67	10	-1	10.03	10.03
Fixation R	1	19	5668591819	5668775329	183510	353.91	129.20	67	10	-1	10.36	10.36
Fixation L	1	20	5668783693	5669142560	358867	434.81	119.40	74	21	-1	10.00	10.00
Fixation R	1	20	5668783693	5669142560	358867	434.81	119.40	74	21	-1	10.25	10.25
Fixation L	1	21	5669150815	5669334436	183621	553.69	125.13	41	16	-1	9.86	9.86
Fixation R	1	21	5669150815	5669334436	183621	553.69	125.13	41	16	-1	10.12	10.12
Fixation L	1	22	5669342814	5669576439	233625	652.44	137.36	46	20	-1	9.84	9.84
Fixation R	1	22	5669342814	5669576439	233625	652.44	137.36	46	20	-1	10.28	10.28
Fixation L	1	23	5669651558	5669835179	183621	870.67	116.64	39	18	-1	9.89	9.89
Fixation R	1	23	5669651558	5669835179	183621	870.67	116.64	39	18	-1	10.14	10.14
Fixation L	1	24	5669843427	5669976931	133504	803.89	126.19	16	5	-1	9.68	9.68
Fixation R	1	24	5669843427	5669976931	133504	803.89	126.19	16	5	-1	10.06	10.06
Fixation L	1	25	5670027056	5670302423	275367	124.75	198.63	58	17	-1	9.62	9.62
Fixation R	1	25	5670027056	5670302423	275367	124.75	198.63	58	17	-1	10.29	10.29
Fixation L	1	26	5670310796	5670536044	225248	221.87	200.11	15	10	-1	9.64	9.64
Fixation R	1	26	5670310796	5670536044	225248	221.87	200.11	15	10	-1	10.08	10.08
Fixation R	1	27	5670544420	5670719664	175244	308.67	199.94	24	9	-1	10.05	10.05
Fixation L	1	27	5670728044	5670936662	208618	422.67	182.57	24	33	-1	9.66	9.66
Fixation R	1	28	5670728044	5670936662	208618	422.67	182.57	24	33	-1	10.07	10.07
Fixation L	1	28	5670944914	5671145160	200246	578.31	171.47	14	7	-1	9.61	9.61
Fixation R	1	29	5670944914	5671145160	200246	578.31	171.47	14	7	-1	9.85	9.85
Fixation L	1	29	5671153534	5671362158	208624	750.99	170.69	57	16	-1	9.46	9.46
Fixation R	1	30	5671153534	5671362158	208624	750.99	170.69	57	16	-1	9.96	9.96
Fixation L	1	30	5671378909	5671537404	158495	878.32	170.15	63	33	-1	9.49	9.49
Fixation R	1	31	5671378909	5671537404	158495	878.32	170.15	63	33	-1	9.82	9.82
Fixation L	1	31	5671579163	5671762773	183610	222.96	238.76	67	32	-1	9.43	9.43
Fixation R	1	32	5671579163	5671762773	183610	222.96	238.76	67	32	-1	9.91	9.91
Fixation L	1	32	5671804402	5671971269	166867	342.33	232.99	60	37	-1	9.62	9.62
Fixation R	1	33	5671804402	5671971269	166867	342.33	232.99	60	37	-1	10.03	10.03
Fixation L	1	33	5671979651	5672071519	91868	355.82	257.93	22	9	-1	9.59	9.59
Fixation R	1	34	5671979651	5672071519	91868	355.82	257.93	22	9	-1	10.00	10.00
Fixation L	1	34	5672079773	5672188271	108498	429.10	250.74	33	17	-1	9.59	9.59
Fixation R	1	35	5672079773	5672188271	108498	429.10	250.74	33	17	-1	10.05	10.05
Fixation L	1	35	5672321763	5672472012	150249	476.40	221.43	37	10	-1	9.64	9.64
Fixation R	1	36	5672321763	5672472012	150249	476.40	221.43	37	10	-1	10.02	10.02
Fixation L	1	36	5672480389	5672689015	208626	618.37	199.62	32	48	-1	9.92	9.92
Fixation R	1	37	5672480389	5672689015	208626	618.37	199.62	32	48	-1	10.44	10.44
Fixation L	1	37	5672697258	5672872506	175248	708.74	232.57	37	12	-1	9.84	9.84
Fixation R	1	38	5672697258	5672872506	175248	708.74	232.57	37	12	-1	10.28	10.28
Fixation L	1	38	5672880882	5673114505	233623	825.48	231.66	82	13	-1	9.86	9.86
Fixation R	1	39	5672880882	5673114505	233623	825.48	231.66	82	13	-1	10.21	10.21
Fixation L	1	39	5673122878	5673323126	200248	959.64	243.79	35	13	-1	9.80	9.80
Fixation R	1	40	5673122878	5673323126	200248	959.64	243.79	35	13	-1	10.09	10.09
Fixation L	1	40	5673381501	5673531750	150249	138.22	296.44	35	36	-1	9.92	9.92
Fixation R	1	41	5673381501	5673531750	150249	138.22	296.44	35	36	-1	10.33	10.33
Fixation L	1	41	5673540122	5673748743	208621	80.29	319.96	24	11	-1	9.94	9.94
Fixation R	1	42	5673540122	5673748743	208621	80.29	319.96	24	11	-1	10.28	10.28
Fixation L	1	42	5673757000	5674032366	275366	219.45	299.93	49	33	-1	9.87	9.87
Fixation R	1	43	5673757000	5674032366	275366	219.45	299.93	49	33	-1	10.18	10.18
Fixation L	1	43	5674040738	5674399609	358871	330.64	289.69	36	26	-1	9.67	9.67
Fixation R	1	44	5674040738	5674399609	358871	330.64	289.69	36	26	-1	10.05	10.05
Fixation L	1	44	5674407991	5674608237	200246	446.21	276.79	23	16	-1	9.67	9.67
Fixation R	1	45	5674407991	5674608237	200246	446.21	276.79	23	16	-1	10.05	10.05
Fixation L	1	45	5674616478	5674883602	267124	603.53	286.92	65	28	-1	9.59	9.59
Fixation R	1	46	5674616478	5674883602	267124	603.53	286.92	65	28	-1	10.15	10.15
Fixation L	1	46	5674891853	5675092228	200375	614.72	252.95	24	25	-1	9.45	9.45
Fixation R	1	47	5674891853	5675092228	200375	614.72	252.95	24	25	-1	10.00	10.00
Fixation L	1	47	5675100473	5675300846	200373	687.97	295.42	13	23	-1	9.67	9.67
Fixation R	1	48	5675100473	5675300846	200373	687.97	295.42	13	23	-1	10.06	10.06
Fixation L	1	48	5675317471	5675567842	250371	844.40	305.10	22	3	-1	9.64	9.64
Fixation R	1	49	5675317471	5675567842	250371	844.40	305.10	22	3	-1	10.02	10.02
Fixation L	1	49	5675576216	5675726344	150128	950.94	310.50	31	9	-1	9.45	9.45
Fixation R	1	50	5675576216	5675726344	150128	950.94	310.50	31	9	-1	9.88	9.88
Fixation L	1	50	5675784837	5676010088	225251	136.19	372.05	60	38	-1	9.43	9.43
Fixation R	1	51	5675784837	5676010088	225251	136.19	372.05	60	38	-1	9.87	9.87
Fixation L	1	51	5676035085	5676277082	241997	256.40	363.50	70	10	-1	9.61	9.61
Fixation R	1	52	5676035085	5676277082	241997	256.40	363.50	70	10	-1	10.04	10.04
Fixation L	1	52	5676293832	5676502452	208620	482.25	370.76	22	13	-1	9.64	9.64
Fixation R	1	53	5676293832	5676502452	208620	482.25	370.76	22	13	-1	10.16	10.16
Fixation L	1	53	5676510706	5676610832	100126	605.12	378.89	31	3	-1	9.53	9.53
Fixation R	1	54	5676510706	5676610832	100126	605.12	378.89	31	3	-1	10.16	10.16
Fixation L	1	54	5676619203	5676919572	300369	727.94	364.62	38	19	-1	9.51	9.51
Fixation R	1	55	5676619203	5676919572	300369	727.94	364.62	38	19	-1	10.17	10.17
Fixation L	1	55	5676927943	5677169941	241998	866.73	362.69	52	9	-1	9.50	9.50
Fixation R	1	56	5676927943	5677169941	241998	866.73	362.69	52	9	-1	9.98	9.98
Fixation L	1	56	5677178316	5677353565	175249	942.35	362.43	86	5	-1	9.46	9.46
Fixation R	1	57	5677178316	5677353565	175249	942.35	362.43	86	5	-1	9.97	9.97
Fixation L	1	57	5677403564	5677553809	150245	144.93	413.16	20	39	-1	9.48	9.48
Fixation R	1	58	5677403564	5677553809	150245	144.93	413.16	20	39	-1	9.96	9.96
Fixation L	1	58	5677562190	5677879305	317115	80.80	450.18	32	25	-1	9.58	9.58
Fixation R	1	59	5677562190	5677879305	317115	80.80	450.18	32	25	-1	9.90	9.90
Fixation L	1	59	5677887556	5678129551	241995	201.03	426.70	55	29	-1	9.74	9.74
Fixation R	1	60	5677887556	5678129551	241995	201.03	426.70	55	29	-1	9.98	9.98
Fixation L	1	60	5678146306	5678363303	216997	415.31	430.95	41	20	-1	9.61	9.61
Fixation R	1	61	5678146306	5678363303	216997	415.31	430.95	41	20	-1	10.32	10.32
Fixation L	1	61	5678371547	5678571795	200248	574.55	441.37	75	7	-1	9.61	9.61
Fixation R	1	62	5678371547	5678571795	200248	574.55	441.37	75	7	-1	10.34	10.34
Fixation L	1	62	5678580167	5678730418	150251	696.27	440.05	29	7	-1	9.42	9.42
Fixation R	1	63	5678580167	5678730418	150251	696.27	440.05	29	7	-1	10.07	10.07
Fixation L	1	63	5678738793	5678905664	166871	860.97	436.72	51	16	-1	9.37	9.37
Fixation R	1	64	5678738793	5678905664	166871	860.97	436.72	51	16	-1	9.88	9.88
Fixation L	1	64	5678913919	5679030785	116866	969.30	430.67	46	6	-1	9.54	9.54
Fixation R	1	65	5678913919	5679030785	116866	969.30	430.67	46	6	-1	9.81	9.81
Fixation L	1	65	5679080910	5679222661	141751	152.94	497.03	41	14	-1	9.53	9.53
Fixation R	1	66	5679080910	5679222661	141751	152.94	497.03	41	14	-1	9.94	9.94
Fixation L	1	66	5679231034	5679439660	208626	57.11	499.04	33	10	-1	9.48	9.48
Fixation R	1	67	5679231034	5679439660	208626	57.11	499.04	33	10	-1	9.84	9.84
Fixation L	1	67	5679456410	5679907023	450613	261.30	494.41	79	20	-1	9.64	9.64
Fixation R	1	68	5679456410	5679907023	450613	261.30	494.41	79	20	-1	9.92	9.92
Fixation L	1	68	5679915279	5680040525	125246	334.14	481.73	26	68	-1	9.60	9.60
Fixation R	1	69	5679915279	5680040525	125246	334.14	481.73	26	68	-1	10.17	10.17
Fixation L	1	69	5680123895	5680307552	183657	204.53	-8.59	58	34	-1	9.41	9.41
Fixation R	1	70	5680123895	5680307552	183657	204.53	-8.59	58	34	-1	9.78	9.78

