[BeGaze]
Converted from:	C:\Program Files\SMI\Experiment Suite 360\Experiment Center 2\Results\Readability_First_01\P02-eye_data.idf
Date:	02.08.2013 11:27:28
Version:	BeGaze 3.2.28
Sample Rate:	120
Subject:	P02
Description:	Run2

Table Header for Fixations:
Event Type	Trial	Number	Start	End	Duration	Location X	Location Y	Dispersion X	Dispersion Y	Plane	Avg. Pupil Size X	Avg. Pupil Size Y


Fixation L	1	1	6786794145	6787111249	317104	132.34	67.34	32	38	-1	9.87	9.87
Fixation R	1	1	6786794145	6787111249	317104	132.34	67.34	32	38	-1	10.37	10.37
Fixation L	1	2	6787119626	6787286496	166870	262.66	65.09	61	37	-1	9.90	9.90
Fixation R	1	2	6787119626	6787286496	166870	262.66	65.09	61	37	-1	10.25	10.25
Fixation L	1	3	6787294874	6787495119	200245	236.68	50.30	87	6	-1	9.73	9.73
Fixation R	1	3	6787294874	6787495119	200245	236.68	50.30	87	6	-1	10.08	10.08
Fixation L	1	4	6787503493	6787812239	308746	412.75	42.34	82	16	-1	9.91	9.91
Fixation R	1	4	6787503493	6787812239	308746	412.75	42.34	82	16	-1	10.17	10.17
Fixation L	1	5	6787820616	6787954108	133492	470.68	33.91	77	16	-1	9.85	9.85
Fixation R	1	5	6787820616	6787954108	133492	470.68	33.91	77	16	-1	10.26	10.26
Fixation L	1	6	6787962359	6788137614	175255	540.50	50.96	8	25	-1	9.84	9.84
Fixation R	1	6	6787962359	6788137614	175255	540.50	50.96	8	25	-1	10.13	10.13
Fixation L	1	7	6788145986	6788337980	191994	657.86	47.81	37	28	-1	9.83	9.83
Fixation R	1	7	6788145986	6788337980	191994	657.86	47.81	37	28	-1	10.15	10.15
Fixation L	1	8	6788346231	6788638351	292120	814.59	33.70	27	18	-1	9.91	9.91
Fixation R	1	8	6788346231	6788638351	292120	814.59	33.70	27	18	-1	10.17	10.17
Fixation L	1	9	6788646725	6788838596	191871	738.92	47.41	59	3	-1	10.06	10.06
Fixation R	1	9	6788646725	6788838596	191871	738.92	47.41	59	3	-1	10.37	10.37
Fixation L	1	10	6788846974	6789155714	308740	853.29	45.72	51	8	-1	10.12	10.12
Fixation R	1	10	6788846974	6789155714	308740	853.29	45.72	51	8	-1	10.29	10.29
Fixation L	1	11	6789205717	6789439463	233746	159.87	120.56	44	30	-1	10.21	10.21
Fixation R	1	11	6789205717	6789439463	233746	159.87	120.56	44	30	-1	10.76	10.76
Fixation L	1	12	6789522841	6789906707	383866	367.92	96.37	86	12	-1	10.32	10.32
Fixation R	1	12	6789522841	6789906707	383866	367.92	96.37	86	12	-1	10.45	10.45
Fixation L	1	13	6789915079	6790248826	333747	500.49	91.03	50	9	-1	10.12	10.12
Fixation R	1	13	6789915079	6790248826	333747	500.49	91.03	50	9	-1	10.27	10.27
Fixation L	1	14	6790257197	6790607698	350501	610.76	83.13	78	11	-1	10.05	10.05
Fixation R	1	14	6790257197	6790607698	350501	610.76	83.13	78	11	-1	10.18	10.18
Fixation L	1	15	6790615941	6791191809	575868	705.41	92.42	53	16	-1	9.95	9.95
Fixation R	1	15	6790615941	6791191809	575868	705.41	92.42	53	16	-1	10.23	10.23
Fixation L	1	16	6791200065	6791400309	200244	755.84	89.61	37	7	-1	9.94	9.94
Fixation R	1	16	6791200065	6791400309	200244	755.84	89.61	37	7	-1	10.07	10.07
Fixation L	1	17	6791408684	6791750805	342121	853.74	95.99	63	35	-1	9.89	9.89
Fixation R	1	17	6791408684	6791750805	342121	853.74	95.99	63	35	-1	10.05	10.05
Fixation L	1	18	6791817552	6792001177	183625	108.91	191.87	61	37	-1	9.71	9.71
Fixation R	1	18	6791817552	6792001177	183625	108.91	191.87	61	37	-1	10.35	10.35
Fixation L	1	19	6792051300	6792218173	166873	191.63	166.19	53	14	-1	9.46	9.46
Fixation R	1	19	6792051300	6792218173	166873	191.63	166.19	53	14	-1	10.33	10.33
Fixation L	1	20	6792268168	6792551918	283750	316.39	159.81	41	33	-1	9.91	9.91
Fixation R	1	20	6792276547	6792551918	275371	316.29	159.77	41	33	-1	10.18	10.18
Fixation L	1	21	6792560287	6792818912	258625	470.06	160.49	43	20	-1	10.14	10.14
Fixation R	1	21	6792560287	6792818912	258625	470.06	160.49	43	20	-1	10.31	10.31
Fixation L	1	22	6792827295	6792994155	166860	563.96	146.89	18	6	-1	9.90	9.90
Fixation R	1	22	6792827295	6792994155	166860	563.96	146.89	18	6	-1	10.15	10.15
Fixation L	1	23	6793002534	6793302906	300372	737.30	106.82	59	39	-1	9.97	9.97
Fixation R	1	23	6793002534	6793302906	300372	737.30	106.82	59	39	-1	10.12	10.12
Fixation L	1	24	6793311277	6793595022	283745	583.17	144.32	62	36	-1	9.93	9.93
Fixation R	1	24	6793311277	6793595022	283745	583.17	144.32	62	36	-1	10.21	10.21
Fixation L	1	25	6793636647	6793937148	300501	673.14	152.52	78	4	-1	9.84	9.84
Fixation R	1	25	6793636647	6793937148	300501	673.14	152.52	78	4	-1	10.16	10.16
Fixation L	1	26	6793945393	6794112389	166996	751.17	146.94	30	10	-1	9.82	9.82
Fixation R	1	26	6793945393	6794112389	166996	751.17	146.94	30	10	-1	10.03	10.03
Fixation L	1	27	6794120643	6794295887	175244	838.43	149.15	19	20	-1	9.76	9.76
Fixation R	1	27	6794120643	6794295887	175244	838.43	149.15	19	20	-1	9.93	9.93
Fixation L	1	28	6794354388	6794696504	342116	117.64	226.77	42	19	-1	9.65	9.65
Fixation R	1	28	6794354388	6794696504	342116	117.64	226.77	42	19	-1	10.31	10.31
Fixation L	1	29	6794704759	6794980133	275374	224.60	213.84	23	13	-1	9.68	9.68
Fixation R	1	29	6794704759	6794980133	275374	224.60	213.84	23	13	-1	10.05	10.05
Fixation L	1	30	6794988502	6795230505	242003	356.16	210.80	8	16	-1	9.77	9.77
Fixation R	1	30	6794988502	6795230505	242003	356.16	210.80	8	16	-1	9.99	9.99
Fixation L	1	31	6795238875	6795706119	467244	465.78	198.60	82	12	-1	9.67	9.67
Fixation R	1	31	6795238875	6795706119	467244	465.78	198.60	82	12	-1	10.04	10.04
Fixation L	1	32	6795714492	6795931497	217005	383.16	201.63	13	9	-1	9.64	9.64
Fixation R	1	32	6795714492	6795931497	217005	383.16	201.63	13	9	-1	10.01	10.01
Fixation L	1	33	6795939738	6796089984	150246	478.83	202.15	57	7	-1	9.63	9.63
Fixation R	1	33	6795939738	6796089984	150246	478.83	202.15	57	7	-1	10.07	10.07
Fixation L	1	34	6796098360	6796198482	100122	573.82	203.51	87	4	-1	9.56	9.56
Fixation R	1	34	6796098360	6796198482	100122	573.82	203.51	87	4	-1	10.06	10.06
Fixation L	1	35	6796206861	6796590727	383866	666.40	192.32	15	22	-1	9.69	9.69
Fixation R	1	35	6796206861	6796590727	383866	666.40	192.32	15	22	-1	10.05	10.05
Fixation L	1	36	6796598977	6796874348	275371	792.87	194.51	82	3	-1	9.62	9.62
Fixation R	1	36	6796598977	6796874348	275371	792.87	194.51	82	3	-1	9.95	9.95
Fixation L	1	37	6796924474	6797183101	258627	159.70	281.67	46	25	-1	9.68	9.68
Fixation R	1	37	6796924474	6797183101	258627	159.70	281.67	46	25	-1	10.20	10.20
Fixation L	1	38	6797191472	6797400091	208619	246.06	269.19	46	19	-1	9.76	9.76
Fixation R	1	38	6797191472	6797400091	208619	246.06	269.19	46	19	-1	10.19	10.19
Fixation L	1	39	6797408467	6797625339	216872	393.64	260.04	36	10	-1	9.65	9.65
Fixation R	1	39	6797408467	6797625339	216872	393.64	260.04	36	10	-1	9.97	9.97
Fixation L	1	40	6797633718	6797934087	300369	563.59	258.43	81	9	-1	9.40	9.40
Fixation R	1	40	6797633718	6797934087	300369	563.59	258.43	81	9	-1	9.74	9.74
Fixation L	1	41	6797942462	6798126082	183620	750.47	260.91	87	6	-1	9.44	9.44
Fixation R	1	41	6797942462	6798126082	183620	750.47	260.91	87	6	-1	9.81	9.81
Fixation L	1	42	6798134458	6798267955	133497	868.87	252.41	25	4	-1	9.41	9.41
Fixation R	1	42	6798134458	6798267955	133497	868.87	252.41	25	4	-1	9.65	9.65
Fixation L	1	43	6798317955	6798518200	200245	157.40	323.88	78	18	-1	9.42	9.42
Fixation R	1	43	6798317955	6798518200	200245	157.40	323.88	78	18	-1	9.97	9.97
Fixation L	1	44	6798526580	6798760197	233617	111.37	352.77	31	21	-1	9.68	9.68
Fixation R	1	44	6798526580	6798768575	241995	112.46	352.71	37	21	-1	10.11	10.11
Fixation R	1	45	6798785325	6799043942	258617	247.01	325.94	80	16	-1	10.08	10.08
Fixation L	1	45	6799052313	6799235946	183633	386.60	330.23	62	3	-1	9.81	9.81
Fixation R	1	46	6799052313	6799235946	183633	386.60	330.23	62	3	-1	10.16	10.16
Fixation L	1	46	6799244187	6799461186	216999	476.92	323.72	42	10	-1	9.67	9.67
Fixation R	1	47	6799244187	6799461186	216999	476.92	323.72	42	10	-1	9.96	9.96
Fixation L	1	47	6799469557	6799694805	225248	588.68	326.94	62	4	-1	9.61	9.61
Fixation R	1	48	6799469557	6799694805	225248	588.68	326.94	62	4	-1	9.96	9.96
Fixation L	1	48	6799703180	6799961805	258625	797.24	322.38	47	21	-1	9.48	9.48
Fixation R	1	49	6799703180	6799961805	258625	797.24	322.38	47	21	-1	9.86	9.86
Fixation L	1	49	6800011930	6800228923	216993	123.75	377.73	58	38	-1	9.40	9.40
Fixation R	1	50	6800011930	6800228923	216993	123.75	377.73	58	38	-1	9.88	9.88
Fixation L	1	50	6800437551	6800562672	125121	154.48	399.35	63	33	-1	9.80	9.80
Fixation R	1	51	6800437551	6800562672	125121	154.48	399.35	63	33	-1	9.97	9.97
Fixation L	1	51	6800571044	6801063290	492246	214.15	398.58	75	18	-1	9.73	9.73
Fixation R	1	52	6800571044	6801063290	492246	214.15	398.58	75	18	-1	10.14	10.14
Fixation L	1	52	6801071662	6801480527	408865	276.12	393.78	49	11	-1	9.84	9.84
Fixation R	1	53	6801071662	6801480527	408865	276.12	393.78	49	11	-1	10.14	10.14
Fixation L	1	53	6801488908	6801730899	241991	422.57	387.95	73	12	-1	9.85	9.85
Fixation R	1	54	6801488908	6801730899	241991	422.57	387.95	73	12	-1	10.22	10.22
Fixation L	1	54	6801739276	6802415145	675869	538.03	386.20	87	9	-1	9.72	9.72
Fixation R	1	55	6801739276	6802415145	675869	538.03	386.20	87	9	-1	10.19	10.19
Fixation L	1	55	6802423515	6802623760	200245	631.69	385.22	51	6	-1	9.64	9.64
Fixation R	1	56	6802423515	6802623760	200245	631.69	385.22	51	6	-1	10.22	10.22
Fixation L	1	56	6802632134	6802824009	191875	754.64	372.79	18	14	-1	9.46	9.46
Fixation R	1	57	6802632134	6802824009	191875	754.64	372.79	18	14	-1	10.11	10.11
Fixation L	1	57	6802874132	6803149511	275379	111.71	447.84	43	36	-1	9.46	9.46
Fixation R	1	58	6802874132	6803149511	275379	111.71	447.84	43	36	-1	10.03	10.03
Fixation L	1	58	6803157751	6803341378	183627	224.80	453.09	75	3	-1	9.85	9.85
Fixation R	1	59	6803157751	6803341378	183627	224.80	453.09	75	3	-1	10.13	10.13
Fixation L	1	59	6803349754	6803750246	400492	352.37	455.32	35	20	-1	9.76	9.76
Fixation R	1	60	6803349754	6803750246	400492	352.37	455.32	35	20	-1	10.22	10.22
Fixation L	1	60	6803758621	6803958868	200247	494.44	450.96	29	15	-1	9.40	9.40
Fixation R	1	61	6803758621	6803958868	200247	494.44	450.96	29	15	-1	10.23	10.23
Fixation L	1	61	6803967246	6804359487	392241	371.05	460.05	73	10	-1	9.74	9.74
Fixation R	1	62	6803967246	6804359487	392241	371.05	460.05	73	10	-1	10.29	10.29
Fixation L	1	62	6804367740	6804809979	442239	488.16	455.97	59	7	-1	9.83	9.83
Fixation R	1	63	6804367740	6804809979	442239	488.16	455.97	59	7	-1	10.34	10.34
Fixation L	1	63	6804818357	6805085349	266992	627.33	452.19	33	11	-1	9.71	9.71
Fixation R	1	64	6804818357	6805085349	266992	627.33	452.19	33	11	-1	10.45	10.45
Fixation L	1	64	6805093728	6805293976	200248	782.47	446.32	26	3	-1	9.66	9.66
Fixation R	1	65	6805093728	6805293976	200248	782.47	446.32	26	3	-1	10.06	10.06
Fixation L	1	65	6805344098	6805594471	250373	130.17	515.39	49	30	-1	9.43	9.43
Fixation R	1	66	6805344098	6805594471	250373	130.17	515.39	49	30	-1	9.99	9.99
Fixation L	1	66	6805602717	6805777965	175248	249.41	509.66	72	8	-1	9.76	9.76
Fixation R	1	67	6805602717	6805777965	175248	249.41	509.66	72	8	-1	10.01	10.01
Fixation L	1	67	6805786339	6806011587	225248	126.31	519.59	68	11	-1	9.75	9.75
Fixation R	1	68	6805786339	6806011587	225248	126.31	519.59	68	11	-1	10.04	10.04
Fixation L	1	68	6806019968	6806236960	216992	294.25	509.94	38	15	-1	9.96	9.96
Fixation R	1	69	6806019968	6806236960	216992	294.25	509.94	38	15	-1	10.23	10.23
Fixation L	1	69	6806245206	6806562329	317123	505.84	511.47	47	11	-1	10.04	10.04
Fixation R	1	70	6806245206	6806562329	317123	505.84	511.47	47	11	-1	10.55	10.55
Fixation L	1	70	6806579077	6806787697	208620	675.50	506.98	25	13	-1	9.77	9.77
Fixation R	1	71	6806579077	6806787697	208620	675.50	506.98	25	13	-1	10.38	10.38
Fixation L	1	71	6806796076	6807096446	300370	814.01	503.81	91	7	-1	9.65	9.65
Fixation R	1	72	6806796076	6807096446	300370	814.01	503.81	91	7	-1	10.21	10.21
Fixation L	1	72	6807154817	6807321696	166879	157.76	561.18	56	35	-1	9.67	9.67
Fixation R	1	73	6807154817	6807321696	166879	157.76	561.18	56	35	-1	10.01	10.01
Fixation L	1	73	6807330064	6807522070	192006	107.20	575.40	29	7	-1	9.74	9.74
Fixation R	1	74	6807330064	6807522070	192006	107.20	575.40	29	7	-1	10.06	10.06
Fixation L	1	74	6807530310	6807755684	225374	250.80	571.79	86	6	-1	10.04	10.04
Fixation R	1	75	6807530310	6807755684	225374	250.80	571.79	86	6	-1	10.08	10.08
Fixation L	1	75	6807763936	6807872438	108502	386.70	567.78	12	3	-1	8.60	8.60
Fixation R	1	76	6807763936	6807930928	166992	391.18	565.87	55	11	-1	10.52	10.52
Fixation L	1	76	6807939179	6808231300	292121	553.05	563.98	58	12	-1	9.94	9.94
Fixation R	1	77	6807939179	6808231300	292121	553.05	563.98	58	12	-1	10.53	10.53
Fixation L	1	77	6808239674	6808681926	442252	646.25	569.27	56	21	-1	9.87	9.87
Fixation R	1	78	6808239674	6808681926	442252	646.25	569.27	56	21	-1	10.41	10.41
Fixation L	1	78	6808690294	6808873796	183502	723.31	566.11	91	7	-1	9.59	9.59
Fixation R	1	79	6808690294	6808873796	183502	723.31	566.11	91	7	-1	10.35	10.35
Fixation L	1	79	6808882165	6809516279	634114	835.51	564.21	75	23	-1	9.65	9.65
Fixation R	1	80	6808882165	6809516279	634114	835.51	564.21	75	23	-1	10.28	10.28
Fixation L	1	80	6809524662	6809641528	116866	895.82	571.30	54	23	-1	9.61	9.61
Fixation R	1	81	6809524662	6809641528	116866	895.82	571.30	54	23	-1	10.19	10.19
Fixation L	1	81	6809708278	6809816778	108500	973.22	592.84	55	44	-1	9.80	9.80
Fixation R	1	82	6809708278	6809816778	108500	973.22	592.84	55	44	-1	9.52	9.52
Fixation L	1	82	6809825157	6809925283	100126	928.94	569.28	65	14	-1	9.90	9.90
Fixation R	1	83	6809825157	6809925283	100126	928.94	569.28	65	14	-1	10.52	10.52
Fixation L	1	83	6809933526	6810025405	91879	848.86	564.70	76	19	-1	9.64	9.64
Fixation R	1	84	6809933526	6810025405	91879	848.86	564.70	76	19	-1	10.29	10.29
Fixation L	1	84	6810275652	6810384147	108495	881.03	554.84	73	24	-1	10.02	10.02
Fixation R	1	85	6810275652	6810384147	108495	881.03	554.84	73	24	-1	10.22	10.22
Fixation L	1	85	6810392520	6811068381	675861	825.65	559.39	55	27	-1	9.82	9.82
Fixation R	1	86	6810392520	6810834761	442241	835.77	556.06	41	17	-1	10.39	10.39
Fixation R	1	87	6811068381	6811352137	283756	884.06	571.56	89	4	-1	10.24	10.24
Fixation L	1	86	6811076764	6811352137	275373	886.28	571.55	48	4	-1	9.82	9.82
Fixation L	1	87	6811402256	6811510625	108369	129.02	625.90	43	56	-1	9.89	9.89
Fixation R	1	88	6811402256	6811510625	108369	129.02	625.90	43	56	-1	9.44	9.44
Fixation L	1	88	6811519003	6811785999	266996	96.42	637.10	42	16	-1	9.88	9.88
Fixation R	1	89	6811519003	6811785999	266996	96.42	637.10	42	16	-1	10.39	10.39
Fixation L	1	89	6811794376	6812053118	258742	222.29	624.73	32	22	-1	9.92	9.92
Fixation R	1	90	6811794376	6812053118	258742	222.29	624.73	32	22	-1	10.00	10.00
Fixation L	1	90	6812069743	6812244989	175246	433.13	622.05	59	6	-1	9.91	9.91
Fixation R	1	91	6812069743	6812244989	175246	433.13	622.05	59	6	-1	10.99	10.99
Fixation L	1	91	6812253368	6812486987	233619	622.32	619.23	66	10	-1	10.04	10.04
Fixation R	1	92	6812253368	6812486987	233619	622.32	619.23	66	10	-1	10.56	10.56
Fixation L	1	92	6812495365	6812804109	308744	715.91	620.62	22	18	-1	9.81	9.81
Fixation R	1	93	6812495365	6812804109	308744	715.91	620.62	22	18	-1	10.33	10.33
Fixation L	1	93	6812812481	6813154606	342125	848.22	629.13	38	10	-1	9.73	9.73
Fixation R	1	94	6812812481	6813154606	342125	848.22	629.13	38	10	-1	10.12	10.12
Fixation R	1	95	6813204600	6813304728	100128	116.84	675.70	62	34	-1	10.22	10.22
Fixation L	1	94	6813237976	6813563470	325494	108.07	682.21	87	11	-1	9.63	9.63
Fixation R	1	96	6813313098	6813563470	250372	107.81	682.17	87	11	-1	10.05	10.05
Fixation L	1	95	6813571846	6813838840	266994	180.29	688.07	52	15	-1	9.86	9.86
Fixation R	1	97	6813571846	6813838840	266994	180.29	688.07	52	15	-1	10.02	10.02
Fixation L	1	96	6813847215	6814506334	659119	240.74	683.47	83	16	-1	9.89	9.89
Fixation R	1	98	6813847215	6814506334	659119	240.74	683.47	83	16	-1	9.91	9.91
Fixation L	1	97	6814514706	6814664953	150247	208.43	689.70	90	8	-1	10.04	10.04
Fixation R	1	99	6814514706	6814664953	150247	208.43	689.70	90	8	-1	9.90	9.90
Fixation L	1	98	6814673330	6815132200	458870	251.55	679.11	82	14	-1	9.98	9.98
Fixation R	1	100	6814673330	6815132200	458870	251.55	679.11	82	14	-1	9.90	9.90
Fixation L	1	99	6815140573	6815532694	392121	216.35	685.81	77	22	-1	9.96	9.96
Fixation R	1	101	6815140573	6815532694	392121	216.35	685.81	77	22	-1	9.96	9.96
Fixation L	1	100	6815541065	6815758064	216999	276.10	674.32	67	13	-1	9.99	9.99
Fixation R	1	102	6815541065	6815758064	216999	276.10	674.32	67	13	-1	10.02	10.02
Fixation L	1	101	6815766437	6815966685	200248	398.75	684.87	12	10	-1	10.02	10.02
Fixation R	1	103	6815766437	6815966685	200248	398.75	684.87	12	10	-1	10.81	10.81
Fixation L	1	102	6815975056	6816217057	242001	547.92	679.28	69	8	-1	10.13	10.13
Fixation R	1	104	6815975056	6816217057	242001	547.92	679.28	69	8	-1	10.75	10.75
Fixation L	1	103	6816233686	6816442302	208616	687.08	677.94	59	11	-1	10.05	10.05
Fixation R	1	105	6816233686	6816442302	208616	687.08	677.94	59	11	-1	10.49	10.49
Fixation L	1	104	6816450674	6816801173	350499	814.76	684.52	86	10	-1	9.73	9.73
Fixation R	1	106	6816450674	6816801173	350499	814.76	684.52	86	10	-1	10.19	10.19
Fixation L	1	105	6816809424	6816976299	166875	888.70	692.99	19	7	-1	9.66	9.66
Fixation R	1	107	6816809424	6816976299	166875	888.70	692.99	19	7	-1	10.12	10.12
Fixation R	1	108	6817068167	6817159938	91771	103.78	95.83	54	43	-1	10.37	10.37

