[BeGaze]
Converted from:	C:\Program Files\SMI\Experiment Suite 360\Experiment Center 2\Results\Readability_First_01\P02-eye_data.idf
Date:	02.08.2013 11:27:26
Version:	BeGaze 3.2.28
Sample Rate:	120
Subject:	P02
Description:	Run2

Table Header for Fixations:
Event Type	Trial	Number	Start	End	Duration	Location X	Location Y	Dispersion X	Dispersion Y	Plane	Avg. Pupil Size X	Avg. Pupil Size Y


Fixation R	1	1	5277888037	5278038110	150073	85.43	83.12	33	36	-1	10.18	10.18
Fixation R	1	2	5278163364	5278346861	183497	-58.09	113.56	70	18	-1	9.90	9.90
Fixation R	1	3	5278355232	5278530479	175247	98.31	72.33	18	43	-1	9.86	9.86
Fixation R	1	4	5278563858	5278688975	125117	67.74	50.20	48	14	-1	9.77	9.77
Fixation R	1	5	5278705727	5278930974	225247	277.12	29.23	18	20	-1	9.90	9.90
Fixation R	1	6	5278964350	5279164595	200245	376.52	21.09	23	9	-1	9.98	9.98
Fixation R	1	7	5279172971	5279331592	158621	505.53	10.49	23	15	-1	9.92	9.92
Fixation R	1	8	5279364848	5279448346	83498	522.62	2.90	93	6	-1	9.89	9.89
Fixation R	1	9	5279456717	5279723715	266998	586.19	32.71	23	40	-1	9.94	9.94
Fixation R	1	10	5279765466	5280032459	266993	690.73	36.52	28	29	-1	9.99	9.99
Fixation R	1	11	5280441323	5280533201	91878	126.32	98.37	68	20	-1	10.38	10.38
Fixation R	1	12	5280566579	5280708446	141867	131.81	92.64	74	21	-1	10.14	10.14
Fixation R	1	13	5280716696	5280883569	166873	235.60	65.13	47	12	-1	10.15	10.15
Fixation R	1	14	5280967072	5281192313	225241	335.16	68.77	36	10	-1	10.03	10.03
Fixation R	1	15	5281200698	5281334187	133489	442.97	69.44	20	10	-1	10.11	10.11
Fixation R	1	16	5281392687	5281734812	342125	557.16	50.68	37	18	-1	9.87	9.87
Fixation R	1	17	5281801563	5281985052	183489	650.61	72.56	42	37	-1	9.88	9.88
Fixation R	1	18	5282043551	5282135299	91748	-35.30	192.05	53	11	-1	9.71	9.71
Fixation R	1	19	5282168679	5282285546	116867	-56.85	198.62	62	7	-1	9.74	9.74
Fixation R	1	20	5282569172	5282677669	108497	210.35	133.80	17	5	-1	9.97	9.97
Fixation R	1	21	5282686042	5282852918	166876	107.62	153.39	30	25	-1	10.06	10.06
Fixation R	1	22	5282969793	5283253535	283742	-37.40	177.51	67	32	-1	9.86	9.86
Fixation R	1	23	5283370283	5283687400	317117	246.82	130.61	65	34	-1	10.18	10.18
Fixation R	1	24	5283804280	5284087896	283616	347.20	156.63	48	27	-1	10.08	10.08
Fixation R	1	25	5284171397	5284296516	125119	437.77	114.55	30	20	-1	9.88	9.88
Fixation R	1	26	5284304900	5284538514	233614	562.21	100.79	39	14	-1	9.96	9.96
Fixation R	1	27	5284571891	5284805514	233623	607.96	119.18	68	31	-1	9.89	9.89
Fixation R	1	28	5284822260	5284939133	116873	694.90	119.29	25	27	-1	9.91	9.91
Fixation R	1	29	5284972508	5285072631	100123	704.98	101.64	27	5	-1	9.86	9.86
Fixation R	1	30	5285122631	5285272877	150246	-1.62	214.64	84	14	-1	9.78	9.78
Fixation R	1	31	5285590004	5285740121	150117	153.29	216.07	17	15	-1	9.81	9.81
Fixation R	1	32	5285773498	5285940365	166867	148.68	202.75	51	12	-1	9.84	9.84
Fixation R	1	33	5285948743	5286140741	191998	292.33	185.35	58	27	-1	9.80	9.80
Fixation R	1	34	5286265863	5286407742	141879	447.17	180.49	31	25	-1	9.81	9.81
Fixation R	1	35	5286574613	5286674731	100118	480.21	201.02	14	8	-1	9.85	9.85
Fixation R	1	36	5286683111	5286891727	208616	567.38	204.57	84	13	-1	9.97	9.97
Fixation R	1	37	5286975106	5287200473	225367	-64.14	320.20	82	13	-1	9.70	9.70
Fixation R	1	38	5287225473	5287342346	116873	16.80	297.32	62	14	-1	10.00	10.00
Fixation R	1	39	5287375722	5287475843	100121	23.33	282.96	9	13	-1	9.90	9.90
Fixation R	1	40	5287484099	5287609346	125247	99.95	276.68	39	14	-1	10.06	10.06
Fixation R	1	41	5287617718	5287742839	125121	-11.82	302.20	34	24	-1	9.90	9.90
Fixation R	1	42	5287776218	5287884715	108497	-20.32	306.97	82	4	-1	9.85	9.85
Fixation R	1	43	5287893086	5288143334	250248	202.51	274.09	36	31	-1	9.97	9.97
Fixation R	1	44	5288260212	5288477202	216990	346.16	260.43	23	10	-1	9.99	9.99
Fixation R	1	45	5288577330	5288760830	183500	513.47	245.21	11	16	-1	10.06	10.06
Fixation R	1	46	5288802573	5288944446	141873	-3.26	336.92	70	18	-1	10.18	10.18
Fixation R	1	47	5289102948	5289311573	208625	130.51	337.09	55	42	-1	10.77	10.77
Fixation R	1	48	5289378317	5289495190	116873	49.09	354.18	70	6	-1	10.48	10.48
Fixation R	1	49	5289503564	5289712192	208628	-61.53	371.39	74	23	-1	10.21	10.21
Fixation R	1	50	5289795557	5289995803	200246	171.81	322.72	55	42	-1	10.48	10.48
Fixation R	1	51	5290004179	5290146053	141874	216.95	308.41	70	15	-1	10.47	10.47
Fixation R	1	52	5290179433	5290488176	308743	292.28	326.19	54	12	-1	10.16	10.16
Fixation R	1	53	5290646669	5290888668	241999	267.48	313.53	48	19	-1	9.89	9.89
Fixation R	1	54	5291022289	5291347661	325372	283.71	310.33	49	14	-1	10.01	10.01
Fixation R	1	55	5291381038	5291497907	116869	243.85	318.51	26	8	-1	9.92	9.92
Fixation R	1	56	5291506157	5291748154	241997	347.73	307.46	23	18	-1	9.89	9.89
Fixation R	1	57	5291789911	5291981901	191990	455.53	298.73	26	10	-1	10.02	10.02
Fixation R	1	58	5292182153	5292290648	108495	545.91	281.24	49	4	-1	10.04	10.04
Fixation R	1	59	5292298895	5292549276	250381	625.44	286.23	15	5	-1	9.98	9.98
Fixation R	1	60	5292691145	5292841392	150247	-63.05	417.41	74	11	-1	9.78	9.78
Fixation R	1	61	5293050008	5293225131	175123	36.61	401.07	39	17	-1	10.15	10.15
Fixation R	1	62	5293425506	5293759255	333749	4.66	398.21	60	20	-1	10.20	10.20
Fixation L	1	1	5294907735	5295425101	517366	833.17	388.51	75	23	-1	10.81	10.81
Fixation R	1	63	5294907735	5295425101	517366	833.17	388.51	75	23	-1	11.33	11.33
Fixation L	1	2	5295475098	5295625349	150251	178.83	456.47	62	32	-1	10.35	10.35
Fixation R	1	64	5295475098	5295625349	150251	178.83	456.47	62	32	-1	10.99	10.99
Fixation L	1	3	5295633720	5295742222	108502	127.85	468.20	15	22	-1	10.36	10.36
Fixation R	1	65	5295633720	5295742222	108502	127.85	468.20	15	22	-1	10.93	10.93
Fixation R	1	66	5295858966	5295992469	133503	284.09	469.98	68	31	-1	11.00	11.00
Fixation L	1	4	5295875715	5296217836	342121	301.11	466.90	80	13	-1	10.67	10.67
Fixation R	1	67	5296000840	5296217836	216996	308.37	466.76	28	4	-1	11.19	11.19
Fixation L	1	5	5296226085	5296593337	367252	437.89	466.53	16	15	-1	10.55	10.55
Fixation R	1	68	5296226085	5296593337	367252	437.89	466.53	16	15	-1	11.05	11.05
Fixation L	1	6	5296601705	5296860326	258621	640.57	468.32	75	16	-1	10.53	10.53
Fixation R	1	69	5296601705	5296860326	258621	640.57	468.32	75	16	-1	10.93	10.93
Fixation L	1	7	5296868700	5296960454	91754	727.70	464.40	54	7	-1	10.48	10.48
Fixation R	1	70	5296868700	5296960454	91754	727.70	464.40	54	7	-1	10.84	10.84
Fixation L	1	8	5296968826	5298328933	1360107	837.02	454.05	78	12	-1	10.51	10.51
Fixation R	1	71	5296968826	5298328933	1360107	837.02	454.05	78	12	-1	11.02	11.02
Fixation L	1	9	5298387431	5298612678	225247	137.21	516.33	56	34	-1	10.39	10.39
Fixation R	1	72	5298387431	5298612678	225247	137.21	516.33	56	34	-1	10.87	10.87
Fixation L	1	10	5298621053	5298929799	308746	96.35	535.16	65	9	-1	10.49	10.49
Fixation R	1	73	5298621053	5298929799	308746	96.35	535.16	65	9	-1	10.78	10.78
Fixation L	1	11	5298938171	5299088293	150122	211.21	524.53	9	10	-1	10.61	10.61
Fixation R	1	74	5298938171	5299088293	150122	211.21	524.53	9	10	-1	10.73	10.73
Fixation L	1	12	5299096676	5299463787	367111	331.83	518.61	37	9	-1	10.55	10.55
Fixation R	1	75	5299096676	5299463787	367111	331.83	518.61	37	9	-1	10.84	10.84
Fixation L	1	13	5299472161	5299730783	258622	467.37	525.13	44	8	-1	10.51	10.51
Fixation R	1	76	5299472161	5299730783	258622	467.37	525.13	44	8	-1	10.95	10.95
Fixation L	1	14	5299739159	5300014535	275376	631.59	520.90	87	11	-1	10.36	10.36
Fixation R	1	77	5299739159	5300014535	275376	631.59	520.90	87	11	-1	10.77	10.77
Fixation L	1	15	5300022904	5300314902	291998	797.92	515.10	39	15	-1	10.19	10.19
Fixation R	1	78	5300022904	5300314902	291998	797.92	515.10	39	15	-1	10.52	10.52
Fixation L	1	16	5300365024	5300515273	150249	161.30	570.33	59	39	-1	10.05	10.05
Fixation R	1	79	5300365024	5300515273	150249	161.30	570.33	59	39	-1	10.47	10.47
Fixation L	1	17	5300523522	5300715521	191999	101.46	584.53	52	19	-1	10.08	10.08
Fixation R	1	80	5300523522	5300715521	191999	101.46	584.53	52	19	-1	10.61	10.61
Fixation L	1	18	5300723896	5301341385	617489	229.22	573.26	36	23	-1	10.47	10.47
Fixation R	1	81	5300723896	5301341385	617489	229.22	573.26	36	23	-1	10.66	10.66
Fixation L	1	19	5301349639	5301558258	208619	316.37	574.78	32	17	-1	10.48	10.48
Fixation R	1	82	5301349639	5301558258	208619	316.37	574.78	32	17	-1	10.90	10.90
Fixation L	1	20	5301575007	5301800257	225250	504.79	579.98	42	5	-1	10.66	10.66
Fixation R	1	83	5301575007	5301800257	225250	504.79	579.98	42	5	-1	11.19	11.19
Fixation L	1	21	5301808633	5302092372	283739	686.88	580.60	65	4	-1	10.49	10.49
Fixation R	1	84	5301808633	5302092372	283739	686.88	580.60	65	4	-1	11.03	11.03
Fixation L	1	22	5302100753	5302492866	392113	778.79	571.30	80	15	-1	10.35	10.35
Fixation R	1	85	5302100753	5302492866	392113	778.79	571.30	80	15	-1	10.93	10.93
Fixation L	1	23	5302501249	5302734865	233616	682.23	574.23	37	20	-1	10.33	10.33
Fixation R	1	86	5302501249	5302734865	233616	682.23	574.23	37	20	-1	10.98	10.98
Fixation L	1	24	5302743239	5303168733	425494	786.41	577.11	77	15	-1	10.34	10.34
Fixation R	1	87	5302743239	5303168733	425494	786.41	577.11	77	15	-1	10.93	10.93
Fixation L	1	25	5303177108	5303527605	350497	682.19	580.51	73	20	-1	10.32	10.32
Fixation R	1	88	5303177108	5303527605	350497	682.19	580.51	73	20	-1	10.96	10.96
Fixation L	1	26	5303535979	5303819727	283748	769.95	584.47	58	8	-1	10.27	10.27
Fixation R	1	89	5303535979	5303819727	283748	769.95	584.47	58	8	-1	10.89	10.89
Fixation L	1	27	5303827974	5304328715	500741	838.13	574.17	77	19	-1	10.17	10.17
Fixation R	1	90	5303827974	5304328715	500741	838.13	574.17	77	19	-1	10.89	10.89
Fixation L	1	28	5304336961	5304620712	283751	765.05	569.58	38	12	-1	10.28	10.28
Fixation R	1	91	5304336961	5304620712	283751	765.05	569.58	38	12	-1	10.96	10.96
Fixation L	1	29	5304670833	5305062953	392120	98.67	651.56	64	22	-1	10.28	10.28
Fixation R	1	92	5304670833	5305062953	392120	98.67	651.56	64	22	-1	10.80	10.80
Fixation L	1	30	5305071327	5305263323	191996	197.02	641.64	20	19	-1	10.48	10.48
Fixation R	1	93	5305071327	5305263323	191996	197.02	641.64	20	19	-1	10.51	10.51
Fixation L	1	31	5305271574	5305455202	183628	290.27	637.94	82	6	-1	10.56	10.56
Fixation R	1	94	5305271574	5305455202	183628	290.27	637.94	82	6	-1	10.82	10.82
Fixation L	1	32	5305463571	5305597068	133497	409.87	634.76	4	6	-1	10.00	10.00
Fixation R	1	95	5305463571	5305597068	133497	409.87	634.76	4	6	-1	11.35	11.35
Fixation L	1	33	5305622069	5305755572	133503	389.07	627.55	32	14	-1	10.23	10.23
Fixation R	1	96	5305622069	5305780693	158624	391.26	628.77	67	14	-1	11.63	11.63
Fixation R	1	97	5305788941	5305889065	100124	593.83	626.76	56	9	-1	11.96	11.96
Fixation R	1	98	5305939189	5306055941	116752	597.10	631.98	11	8	-1	11.88	11.88
Fixation R	1	99	5306064313	5306147814	83501	711.33	629.83	23	12	-1	11.69	11.69
Fixation R	1	100	5306464936	5306548304	83368	834.11	655.77	35	52	-1	11.56	11.56
Fixation R	1	101	5306606679	5306773676	166997	851.38	640.54	45	41	-1	12.43	12.43
Fixation L	1	34	5307174172	5307474540	300368	237.58	706.99	40	12	-1	11.54	11.54
Fixation R	1	102	5307174172	5307474540	300368	237.58	706.99	40	12	-1	11.90	11.90
Fixation L	1	35	5307482921	5308000283	517362	352.59	705.68	83	12	-1	11.00	11.00
Fixation R	1	103	5307482921	5308000283	517362	352.59	705.68	83	12	-1	11.47	11.47
Fixation L	1	36	5308016910	5308233911	217001	577.47	705.75	58	13	-1	10.95	10.95
Fixation R	1	104	5308016910	5308233911	217001	577.47	705.75	58	13	-1	11.62	11.62
Fixation L	1	37	5308242278	5308509275	266997	750.43	701.26	70	3	-1	10.68	10.68
Fixation R	1	105	5308242278	5308509275	266997	750.43	701.26	70	3	-1	11.20	11.20
Fixation L	1	38	5308517651	5308759648	241997	886.44	705.47	75	5	-1	10.51	10.51
Fixation R	1	106	5308517651	5308759648	241997	886.44	705.47	75	5	-1	11.07	11.07
Fixation L	1	39	5308868146	5309051648	183502	166.93	43.87	24	74	-1	10.13	10.13
Fixation R	1	107	5308909770	5309293655	383885	148.31	64.60	42	41	-1	10.60	10.60
Fixation L	1	40	5309060018	5309293655	233637	137.56	76.90	23	15	-1	10.36	10.36

