[BeGaze]
Converted from:	C:\Program Files\SMI\Experiment Suite 360\Experiment Center 2\Results\Readability_First_01\P02-eye_data.idf
Date:	02.08.2013 11:27:24
Version:	BeGaze 3.2.28
Sample Rate:	120
Subject:	P02
Description:	Run2

Table Header for Fixations:
Event Type	Trial	Number	Start	End	Duration	Location X	Location Y	Dispersion X	Dispersion Y	Plane	Avg. Pupil Size X	Avg. Pupil Size Y


Fixation L	1	1	4476064031	4476197626	133595	725.90	690.96	39	31	-1	10.39	10.39
Fixation R	1	1	4476064031	4476197626	133595	725.90	690.96	39	31	-1	11.12	11.12
Fixation L	1	2	4476247628	4476356127	108499	210.31	180.13	55	30	-1	10.05	10.05
Fixation R	1	2	4476247628	4476356127	108499	210.31	180.13	55	30	-1	10.74	10.74
Fixation L	1	3	4476364498	4476773377	408879	122.64	83.68	39	60	-1	9.86	9.86
Fixation R	1	3	4476364498	4476773377	408879	122.64	83.68	39	60	-1	10.48	10.48
Fixation L	1	4	4476781743	4476915239	133496	180.58	64.95	76	23	-1	9.70	9.70
Fixation R	1	4	4476781743	4476915239	133496	180.58	64.95	76	23	-1	10.20	10.20
Fixation L	1	5	4476923499	4477040365	116866	186.56	40.35	6	16	-1	9.68	9.68
Fixation R	1	5	4476923499	4477040365	116866	186.56	40.35	6	16	-1	10.20	10.20
Fixation L	1	6	4477048741	4477265738	216997	320.35	31.51	47	13	-1	9.82	9.82
Fixation R	1	6	4477048741	4477265738	216997	320.35	31.51	47	13	-1	10.26	10.26
Fixation L	1	7	4477273990	4477390864	116874	431.41	50.34	69	10	-1	9.94	9.94
Fixation R	1	7	4477273990	4477390864	116874	431.41	50.34	69	10	-1	10.32	10.32
Fixation L	1	8	4477399240	4477549363	150123	306.78	42.31	39	19	-1	9.83	9.83
Fixation R	1	8	4477399240	4477549363	150123	306.78	42.31	39	19	-1	10.45	10.45
Fixation L	1	9	4477557735	4477799734	241999	476.69	43.43	71	22	-1	9.94	9.94
Fixation R	1	9	4477557735	4477799734	241999	476.69	43.43	71	22	-1	10.40	10.40
Fixation L	1	10	4477808107	4478208602	400495	377.22	48.27	61	18	-1	9.88	9.88
Fixation R	1	10	4477808107	4478208602	400495	377.22	48.27	61	18	-1	10.51	10.51
Fixation L	1	11	4478216973	4478475602	258629	423.31	48.60	78	13	-1	9.88	9.88
Fixation R	1	11	4478216973	4478475602	258629	423.31	48.60	78	13	-1	10.42	10.42
Fixation L	1	12	4478483973	4478709345	225372	572.61	48.89	26	4	-1	9.81	9.81
Fixation R	1	12	4478483973	4478709345	225372	572.61	48.89	26	4	-1	10.45	10.45
Fixation L	1	13	4478725971	4479026341	300370	300.69	33.44	43	17	-1	9.90	9.90
Fixation R	1	13	4478725971	4479026341	300370	300.69	33.44	43	17	-1	10.59	10.59
Fixation L	1	14	4479043089	4479268335	225246	610.95	46.54	56	42	-1	10.25	10.25
Fixation R	1	14	4479043089	4479268335	225246	610.95	46.54	56	42	-1	10.69	10.69
Fixation L	1	15	4479343459	4479769078	425619	762.91	53.31	55	43	-1	10.13	10.13
Fixation R	1	15	4479343459	4479769078	425619	762.91	53.31	55	43	-1	10.61	10.61
Fixation L	1	16	4479777331	4479944323	166992	811.11	19.20	60	18	-1	9.96	9.96
Fixation R	1	16	4479777331	4479944323	166992	811.11	19.20	60	18	-1	10.42	10.42
Fixation L	1	17	4479994324	4480186317	191993	145.28	99.19	39	56	-1	9.85	9.85
Fixation R	1	17	4479994324	4480186317	191993	145.28	99.19	39	56	-1	10.71	10.71
Fixation L	1	18	4480194571	4480336440	141869	112.70	119.65	31	33	-1	9.87	9.87
Fixation R	1	18	4480194571	4480336440	141869	112.70	119.65	31	33	-1	10.60	10.60
Fixation L	1	19	4480411566	4480528447	116881	174.86	103.80	41	14	-1	10.02	10.02
Fixation R	1	19	4480411566	4480528447	116881	174.86	103.80	41	14	-1	10.61	10.61
Fixation L	1	20	4480536687	4480887182	350495	312.33	110.75	59	27	-1	10.16	10.16
Fixation R	1	20	4480536687	4480887182	350495	312.33	110.75	59	27	-1	10.70	10.70
Fixation L	1	21	4480895557	4481137553	241996	449.43	114.97	37	28	-1	10.12	10.12
Fixation R	1	21	4480895557	4481137553	241996	449.43	114.97	37	28	-1	10.42	10.42
Fixation L	1	22	4481145931	4481462923	316992	537.25	107.62	38	25	-1	9.98	9.98
Fixation R	1	22	4481145931	4481462923	316992	537.25	107.62	38	25	-1	10.28	10.28
Fixation L	1	23	4481471298	4481746669	275371	659.64	90.26	15	13	-1	9.83	9.83
Fixation R	1	23	4481471298	4481746669	275371	659.64	90.26	15	13	-1	10.20	10.20
Fixation L	1	24	4481755050	4482022050	267000	812.94	91.12	37	16	-1	9.89	9.89
Fixation R	1	24	4481755050	4482022050	267000	812.94	91.12	37	16	-1	10.22	10.22
Fixation L	1	25	4482030422	4482214042	183620	696.89	83.78	20	16	-1	9.88	9.88
Fixation R	1	25	4482030422	4482214042	183620	696.89	83.78	20	16	-1	10.17	10.17
Fixation L	1	26	4482222291	4482355790	133499	852.04	86.75	80	19	-1	9.94	9.94
Fixation R	1	26	4482222291	4482355790	133499	852.04	86.75	80	19	-1	10.24	10.24
Fixation L	1	27	4482364160	4482572782	208622	850.09	101.24	7	17	-1	10.00	10.00
Fixation R	1	27	4482364160	4482572782	208622	850.09	101.24	7	17	-1	10.25	10.25
Fixation L	1	28	4482639532	4482948277	308745	129.60	178.98	71	16	-1	9.76	9.76
Fixation R	1	28	4482639532	4482948277	308745	129.60	178.98	71	16	-1	10.46	10.46
Fixation L	1	29	4482956654	4483123527	166873	196.68	174.78	37	10	-1	9.95	9.95
Fixation R	1	29	4482956654	4483123527	166873	196.68	174.78	37	10	-1	10.47	10.47
Fixation L	1	30	4483131905	4483682645	550740	254.99	161.84	80	18	-1	9.82	9.82
Fixation R	1	30	4483131905	4483682645	550740	254.99	161.84	80	18	-1	10.34	10.34
Fixation L	1	31	4483732645	4483899638	166993	328.57	158.19	18	12	-1	9.87	9.87
Fixation R	1	31	4483732645	4483899638	166993	328.57	158.19	18	12	-1	10.32	10.32
Fixation L	1	32	4483966389	4484074761	108372	313.57	162.57	64	33	-1	10.24	10.24
Fixation R	1	32	4483966389	4484074761	108372	313.57	162.57	64	33	-1	10.12	10.12
Fixation L	1	33	4484141509	4484383510	242001	503.49	159.70	87	5	-1	10.03	10.03
Fixation R	1	33	4484141509	4484383510	242001	503.49	159.70	87	5	-1	10.38	10.38
Fixation L	1	34	4484391881	4484842505	450624	639.35	151.83	74	20	-1	9.97	9.97
Fixation R	1	34	4484391881	4484842505	450624	639.35	151.83	74	20	-1	10.33	10.33
Fixation L	1	35	4484934252	4485084501	150249	629.31	176.39	92	7	-1	9.91	9.91
Fixation R	1	35	4484934252	4485084501	150249	629.31	176.39	92	7	-1	10.11	10.11
Fixation L	1	36	4485109497	4485301489	191992	794.58	163.12	57	15	-1	10.11	10.11
Fixation R	1	36	4485109497	4485301489	191992	794.58	163.12	57	15	-1	10.64	10.64
Fixation L	1	37	4485309743	4486202727	892984	930.74	162.68	71	22	-1	9.94	9.94
Fixation R	1	37	4485309743	4486202727	892984	930.74	162.68	71	22	-1	10.43	10.43
Fixation L	1	38	4486261101	4486586477	325376	118.91	233.76	34	28	-1	9.80	9.80
Fixation R	1	38	4486261101	4486586477	325376	118.91	233.76	34	28	-1	10.71	10.71
Fixation L	1	39	4486653222	4486820220	166998	224.01	242.57	90	9	-1	9.74	9.74
Fixation R	1	39	4486653222	4486820220	166998	224.01	242.57	90	9	-1	10.48	10.48
Fixation L	1	40	4486828470	4486911968	83498	252.35	236.37	86	3	-1	9.86	9.86
Fixation R	1	40	4486828470	4486911968	83498	252.35	236.37	86	3	-1	10.50	10.50
Fixation L	1	41	4486920343	4487295835	375492	381.48	227.91	62	15	-1	9.95	9.95
Fixation R	1	41	4486920343	4487295835	375492	381.48	227.91	62	15	-1	10.49	10.49
Fixation L	1	42	4487304084	4487529461	225377	526.36	226.29	11	7	-1	9.91	9.91
Fixation R	1	42	4487304084	4487529461	225377	526.36	226.29	11	7	-1	10.35	10.35
Fixation L	1	43	4487537837	4487879952	342115	649.12	224.35	44	7	-1	9.81	9.81
Fixation R	1	43	4487537837	4487879952	342115	649.12	224.35	44	7	-1	10.40	10.40
Fixation L	1	44	4487888208	4488088578	200370	775.15	222.94	48	7	-1	9.82	9.82
Fixation R	1	44	4487888208	4488088578	200370	775.15	222.94	48	7	-1	10.35	10.35
Fixation L	1	45	4488096823	4488305446	208623	634.76	226.03	36	3	-1	9.78	9.78
Fixation R	1	45	4488096823	4488305446	208623	634.76	226.03	36	3	-1	10.44	10.44
Fixation L	1	46	4488355568	4488747689	392121	126.42	312.03	43	44	-1	9.84	9.84
Fixation R	1	46	4488355568	4488747689	392121	126.42	312.03	43	44	-1	10.54	10.54
Fixation L	1	47	4488756063	4489031437	275374	304.29	246.88	13	54	-1	9.98	9.98
Fixation R	1	47	4488756063	4489031437	275374	304.29	246.88	13	54	-1	10.40	10.40
Fixation L	1	48	4489039815	4489323557	283742	225.04	279.94	54	43	-1	9.92	9.92
Fixation R	1	48	4489039815	4489323557	283742	225.04	279.94	54	43	-1	10.61	10.61
Fixation L	1	49	4489331807	4489715673	383866	300.26	294.40	91	7	-1	10.00	10.00
Fixation R	1	49	4489331807	4489715673	383866	300.26	294.40	91	7	-1	10.67	10.67
Fixation L	1	50	4489724049	4489840928	116879	235.78	298.65	16	8	-1	9.94	9.94
Fixation R	1	50	4489724049	4489840928	116879	235.78	298.65	16	8	-1	10.62	10.62
Fixation L	1	51	4489999420	4490358288	358868	398.80	285.58	46	7	-1	10.08	10.08
Fixation R	1	51	4489999420	4490358288	358868	398.80	285.58	46	7	-1	10.68	10.68
Fixation L	1	52	4490366543	4490833909	467366	549.16	285.62	66	18	-1	9.89	9.89
Fixation R	1	52	4490366543	4490833909	467366	549.16	285.62	66	18	-1	10.32	10.32
Fixation L	1	53	4490842289	4491009154	166865	647.06	288.94	16	15	-1	9.68	9.68
Fixation R	1	53	4491000778	4491176030	175252	727.66	276.66	88	11	-1	10.26	10.26
Fixation L	1	54	4491017407	4491309523	292116	736.27	273.64	42	12	-1	9.70	9.70
Fixation R	1	54	4491184403	4491309523	125120	737.85	270.62	38	3	-1	10.28	10.28
Fixation L	1	55	4491317902	4491902019	584117	882.46	273.04	65	15	-1	9.75	9.75
Fixation R	1	55	4491317902	4491902019	584117	882.46	273.04	65	15	-1	10.26	10.26
Fixation L	1	56	4491910267	4492035516	125249	772.27	271.85	59	4	-1	9.72	9.72
Fixation R	1	56	4491910267	4492035516	125249	772.27	271.85	59	4	-1	10.32	10.32
Fixation L	1	57	4492043897	4492686382	642485	592.03	281.50	79	19	-1	9.82	9.82
Fixation R	1	57	4492043897	4492686382	642485	592.03	281.50	79	19	-1	10.34	10.34
Fixation L	1	58	4492703006	4493061874	358868	874.21	275.22	68	19	-1	9.74	9.74
Fixation R	1	58	4492703006	4493061874	358868	874.21	275.22	68	19	-1	10.22	10.22
Fixation L	1	59	4493111999	4493287121	175122	149.15	348.77	66	31	-1	9.72	9.72
Fixation R	1	59	4493111999	4493287121	175122	149.15	348.77	66	31	-1	10.47	10.47
Fixation L	1	60	4493295500	4493612617	317117	103.69	354.93	81	16	-1	9.90	9.90
Fixation R	1	60	4493295500	4493612617	317117	103.69	354.93	81	16	-1	10.40	10.40
Fixation L	1	61	4493620993	4493912985	291992	238.66	339.03	15	53	-1	9.97	9.97
Fixation R	1	61	4493620993	4493912985	291992	238.66	339.03	15	53	-1	10.44	10.44
Fixation L	1	62	4493921364	4494296860	375496	270.62	280.36	47	23	-1	10.00	10.00
Fixation R	1	62	4493921364	4494296860	375496	270.62	280.36	47	23	-1	10.45	10.45
Fixation L	1	63	4494313605	4494630599	316994	501.27	283.06	87	12	-1	10.07	10.07
Fixation R	1	63	4494313605	4494630599	316994	501.27	283.06	87	12	-1	10.48	10.48
Fixation L	1	64	4494638975	4494989470	350495	585.48	276.52	82	16	-1	9.87	9.87
Fixation R	1	64	4494638975	4494989470	350495	585.48	276.52	82	16	-1	10.33	10.33
Fixation L	1	65	4494997849	4495114593	116744	626.10	274.29	15	9	-1	9.66	9.66
Fixation R	1	65	4494997849	4495114593	116744	626.10	274.29	15	9	-1	10.22	10.22
Fixation L	1	66	4495122971	4495506845	383874	729.03	274.36	80	16	-1	9.71	9.71
Fixation R	1	66	4495122971	4495506845	383874	729.03	274.36	80	16	-1	10.21	10.21
Fixation L	1	67	4495515215	4495665336	150121	792.03	251.75	68	21	-1	9.73	9.73
Fixation R	1	67	4495515215	4495665336	150121	792.03	251.75	68	21	-1	10.25	10.25
Fixation L	1	68	4495673715	4496341325	667610	870.12	277.89	63	33	-1	9.80	9.80
Fixation R	1	68	4495673715	4496049209	375494	859.70	274.13	43	30	-1	9.98	9.98
Fixation R	1	69	4496291201	4496524825	233624	901.41	277.05	26	9	-1	10.44	10.44
Fixation L	1	69	4496349579	4496524825	175246	903.73	276.08	11	8	-1	9.91	9.91
Fixation L	1	70	4496591571	4496766826	175255	181.66	330.21	80	19	-1	9.84	9.84
Fixation R	1	70	4496591571	4496766826	175255	181.66	330.21	80	19	-1	10.61	10.61
Fixation L	1	71	4496775200	4497142313	367113	143.71	350.66	69	26	-1	10.06	10.06
Fixation R	1	71	4496775200	4497142313	367113	143.71	350.66	69	26	-1	10.55	10.55
Fixation L	1	72	4497150694	4497250816	100122	350.09	343.38	56	16	-1	10.09	10.09
Fixation R	1	72	4497150694	4497250816	100122	350.09	343.38	56	16	-1	10.49	10.49
Fixation L	1	73	4497259185	4497709805	450620	506.83	333.77	39	14	-1	9.98	9.98
Fixation R	1	73	4497259185	4497709805	450620	506.83	333.77	39	14	-1	10.47	10.47
Fixation L	1	74	4497793177	4497960051	166874	566.46	251.64	48	22	-1	9.91	9.91
Fixation R	1	74	4497793177	4497960051	166874	566.46	251.64	48	22	-1	10.49	10.49
Fixation L	1	75	4497968424	4498160424	192000	636.82	269.21	31	17	-1	10.18	10.18
Fixation R	1	75	4497968424	4498160424	192000	636.82	269.21	31	17	-1	10.73	10.73
Fixation L	1	76	4498168673	4498419042	250369	564.48	295.25	26	73	-1	10.10	10.10
Fixation R	1	76	4498168673	4498419042	250369	564.48	295.25	26	73	-1	10.75	10.75
Fixation L	1	77	4498502548	4498694412	191864	690.76	333.20	47	12	-1	10.19	10.19
Fixation R	1	77	4498502548	4498694412	191864	690.76	333.20	47	12	-1	10.80	10.80
Fixation L	1	78	4498894660	4499053286	158626	727.55	319.33	81	18	-1	10.22	10.22
Fixation R	1	78	4498894660	4499053286	158626	727.55	319.33	81	18	-1	10.68	10.68
Fixation L	1	79	4499061533	4499236782	175249	683.63	276.23	34	36	-1	10.38	10.38
Fixation R	1	79	4499061533	4499236782	175249	683.63	276.23	34	36	-1	10.96	10.96
Fixation L	1	80	4499245153	4499370279	125126	623.26	278.45	18	18	-1	10.23	10.23
Fixation R	1	80	4499245153	4499370279	125126	623.26	278.45	18	18	-1	10.84	10.84
Fixation L	1	81	4499378658	4499737523	358865	834.67	277.84	75	21	-1	10.07	10.07
Fixation R	1	81	4499378658	4499737523	358865	834.67	277.84	75	21	-1	10.69	10.69
Fixation L	1	82	4499745897	4500071269	325372	866.00	281.97	22	14	-1	10.07	10.07
Fixation R	1	82	4499745897	4500071269	325372	866.00	281.97	22	14	-1	10.68	10.68
Fixation L	1	83	4500104644	4500313263	208619	474.03	321.40	52	37	-1	10.10	10.10
Fixation R	1	83	4500104644	4500313263	208619	474.03	321.40	52	37	-1	10.92	10.92
Fixation L	1	84	4500321637	4500480143	158506	623.21	333.87	45	11	-1	10.34	10.34
Fixation R	1	84	4500321637	4500480143	158506	623.21	333.87	45	11	-1	11.03	11.03
Fixation L	1	85	4500488511	4500930762	442251	692.59	336.97	15	21	-1	10.03	10.03
Fixation R	1	85	4500488511	4500930762	442251	692.59	336.97	15	21	-1	10.79	10.79
Fixation L	1	86	4500939129	4501247876	308747	819.54	342.98	81	13	-1	9.86	9.86
Fixation R	1	86	4500939129	4501247876	308747	819.54	342.98	81	13	-1	10.46	10.46
Fixation L	1	87	4501256252	4501539871	283619	907.99	331.19	16	15	-1	9.82	9.82
Fixation R	1	87	4501256252	4501539871	283619	907.99	331.19	16	15	-1	10.36	10.36
Fixation L	1	88	4501589997	4501815245	225248	126.91	401.74	54	35	-1	9.77	9.77
Fixation R	1	88	4501589997	4501815245	225248	126.91	401.74	54	35	-1	10.44	10.44
Fixation L	1	89	4501823616	4501990490	166874	73.75	404.43	34	8	-1	9.78	9.78
Fixation R	1	89	4501823616	4501990490	166874	73.75	404.43	34	8	-1	10.25	10.25
Fixation L	1	90	4502007239	4502215862	208623	275.63	391.01	25	13	-1	9.90	9.90
Fixation R	1	90	4502007239	4502215862	208623	275.63	391.01	25	13	-1	10.42	10.42
Fixation L	1	91	4502407732	4502758230	350498	389.82	376.09	66	20	-1	10.18	10.18
Fixation R	1	91	4502407732	4502758230	350498	389.82	376.09	66	20	-1	10.90	10.90
Fixation L	1	92	4502766604	4502933480	166876	457.37	386.73	52	5	-1	10.13	10.13
Fixation R	1	92	4502766604	4502933480	166876	457.37	386.73	52	5	-1	10.71	10.71
Fixation L	1	93	4502941851	4503217227	275376	542.58	389.29	24	12	-1	9.99	9.99
Fixation R	1	93	4502941851	4503217227	275376	542.58	389.29	24	12	-1	10.51	10.51
Fixation L	1	94	4503225472	4503459218	233746	685.04	384.29	82	14	-1	10.01	10.01
Fixation R	1	94	4503225472	4503459218	233746	685.04	384.29	82	14	-1	10.40	10.40
Fixation L	1	95	4503467469	4503826333	358864	783.31	386.74	71	6	-1	9.76	9.76
Fixation R	1	95	4503467469	4503826333	358864	783.31	386.74	71	6	-1	10.30	10.30
Fixation L	1	96	4503834716	4504176834	342118	870.56	388.41	49	12	-1	9.85	9.85
Fixation R	1	96	4503834716	4504176834	342118	870.56	388.41	49	12	-1	10.25	10.25
Fixation L	1	97	4504185089	4504360329	175240	925.47	385.42	54	5	-1	9.89	9.89
Fixation R	1	97	4504185089	4504360329	175240	925.47	385.42	54	5	-1	10.34	10.34
Fixation L	1	98	4504410455	4504694199	283744	139.09	451.31	44	26	-1	9.66	9.66
Fixation R	1	98	4504410455	4504694199	283744	139.09	451.31	44	26	-1	10.49	10.49
Fixation L	1	99	4504852697	4505002945	150248	257.50	428.99	60	20	-1	10.24	10.24
Fixation R	1	99	4504852697	4505002945	150248	257.50	428.99	60	20	-1	10.29	10.29
Fixation L	1	100	4505011199	4505244940	233741	344.42	443.34	46	16	-1	10.36	10.36
Fixation R	1	100	4505011199	4505244940	233741	344.42	443.34	46	16	-1	10.78	10.78
Fixation L	1	101	4505253192	4505453563	200371	481.56	445.60	69	11	-1	10.34	10.34
Fixation R	1	101	4505253192	4505453563	200371	481.56	445.60	69	11	-1	10.89	10.89
Fixation L	1	102	4505461816	4505687188	225372	612.55	454.98	77	7	-1	10.40	10.40
Fixation R	1	102	4505461816	4505687188	225372	612.55	454.98	77	7	-1	10.85	10.85
Fixation L	1	103	4505703811	4505945805	241994	775.82	445.12	38	21	-1	10.16	10.16
Fixation R	1	103	4505703811	4505854057	150246	776.24	446.29	6	21	-1	10.05	10.05
Fixation R	1	104	4505937432	4506129430	191998	836.77	442.52	82	5	-1	10.60	10.60
Fixation L	1	104	4505954183	4506129430	175247	841.00	442.24	27	5	-1	10.13	10.13
Fixation L	1	105	4506137804	4506379797	241993	761.42	444.23	18	13	-1	10.08	10.08
Fixation L	1	106	4506388050	4506705167	317117	860.71	444.70	23	9	-1	10.08	10.08
Fixation R	1	105	4506388050	4506705167	317117	860.71	444.70	23	9	-1	10.57	10.57
Fixation L	1	107	4506755290	4507022287	266997	148.04	504.42	61	37	-1	10.02	10.02
Fixation R	1	106	4506755290	4507022287	266997	148.04	504.42	61	37	-1	10.73	10.73
Fixation L	1	108	4507030661	4507114043	83382	116.87	516.21	36	2	-1	10.04	10.04
Fixation R	1	107	4507030661	4507114043	83382	116.87	516.21	36	2	-1	10.50	10.50
Fixation L	1	109	4507122412	4507347660	225248	253.82	505.71	34	15	-1	10.31	10.31
Fixation R	1	108	4507122412	4507347660	225248	253.82	505.71	34	15	-1	10.66	10.66
Fixation L	1	110	4507356035	4507756652	400617	276.43	450.11	34	60	-1	10.33	10.33
Fixation R	1	109	4507356035	4507756652	400617	276.43	450.11	34	60	-1	10.80	10.80
Fixation L	1	111	4507764906	4507931776	166870	235.69	507.17	21	9	-1	10.36	10.36
Fixation R	1	110	4507764906	4507931776	166870	235.69	507.17	21	9	-1	10.54	10.54
Fixation L	1	112	4508123773	4508399143	275370	236.76	492.25	61	37	-1	10.27	10.27
Fixation R	1	111	4508123773	4508399143	275370	236.76	492.25	61	37	-1	10.87	10.87
Fixation L	1	113	4508407519	4508657765	250246	267.43	499.70	55	12	-1	10.24	10.24
Fixation R	1	112	4508407519	4508657765	250246	267.43	499.70	55	12	-1	10.71	10.71
Fixation L	1	114	4508666140	4508949881	283741	442.11	506.05	47	23	-1	10.29	10.29
Fixation R	1	113	4508949881	4509292006	342125	511.99	513.34	89	8	-1	11.13	11.13
Fixation L	1	115	4508958256	4509834373	876117	543.04	516.48	76	16	-1	10.36	10.36
Fixation R	1	114	4509300380	4510017994	717614	575.29	518.65	84	12	-1	10.98	10.98
Fixation L	1	116	4509842749	4510017994	175245	615.92	519.08	37	9	-1	10.25	10.25
Fixation L	1	117	4510026374	4510201491	175117	791.25	516.21	88	9	-1	10.13	10.13
Fixation R	1	115	4510193245	4510376734	183489	852.21	508.77	77	14	-1	10.61	10.61
Fixation L	1	118	4510209864	4510376734	166870	855.15	508.05	77	14	-1	10.04	10.04
Fixation L	1	119	4510426860	4510735603	308743	129.66	566.36	53	42	-1	9.98	9.98
Fixation R	1	116	4510426860	4510735603	308743	129.66	566.36	53	42	-1	10.55	10.55
Fixation L	1	120	4510743993	4511169476	425483	280.66	573.76	28	20	-1	10.34	10.34
Fixation R	1	117	4510743993	4511169476	425483	280.66	573.76	28	20	-1	10.61	10.61
Fixation L	1	121	4511186226	4511561723	375497	553.11	576.41	55	18	-1	10.40	10.40
Fixation R	1	118	4511186226	4511561723	375497	553.11	576.41	55	18	-1	11.07	11.07
Fixation L	1	122	4511570099	4511745350	175251	669.34	573.76	60	16	-1	10.36	10.36
Fixation R	1	119	4511570099	4511745350	175251	669.34	573.76	60	16	-1	10.97	10.97
Fixation L	1	123	4511753591	4512028963	275372	769.91	570.45	41	6	-1	9.98	9.98
Fixation R	1	120	4511753591	4512028963	275372	769.91	570.45	41	6	-1	10.79	10.79
Fixation L	1	124	4512037336	4512337706	300370	879.33	568.17	25	10	-1	10.00	10.00
Fixation R	1	121	4512037336	4512337706	300370	879.33	568.17	25	10	-1	10.67	10.67
Fixation L	1	125	4512387830	4512537952	150122	152.61	616.12	68	28	-1	9.99	9.99
Fixation R	1	122	4512387830	4512537952	150122	152.61	616.12	68	28	-1	10.67	10.67
Fixation L	1	126	4512546341	4512704950	158609	90.27	640.34	21	16	-1	9.93	9.93
Fixation R	1	123	4512546341	4512704950	158609	90.27	640.34	21	16	-1	10.55	10.55
Fixation L	1	127	4512713200	4513122073	408873	225.28	634.05	44	12	-1	10.26	10.26
Fixation R	1	124	4512713200	4513122073	408873	225.28	634.05	44	12	-1	10.40	10.40
Fixation L	1	128	4513138820	4513464191	325371	406.76	632.39	54	8	-1	10.29	10.29
Fixation R	1	125	4513138820	4513464191	325371	406.76	632.39	54	8	-1	10.90	10.90
Fixation L	1	129	4513472567	4513689562	216995	503.63	637.94	48	4	-1	10.32	10.32
Fixation R	1	126	4513472567	4513689562	216995	503.63	637.94	48	4	-1	11.11	11.11
Fixation L	1	130	4513697943	4513973308	275365	575.45	634.92	86	8	-1	10.40	10.40
Fixation R	1	127	4513697943	4513973308	275365	575.45	634.92	86	8	-1	10.99	10.99
Fixation L	1	131	4513981557	4514282053	300496	683.50	630.25	57	16	-1	10.29	10.29
Fixation R	1	128	4514115179	4514282053	166874	681.80	629.57	38	5	-1	11.05	11.05
Fixation L	1	132	4514290304	4515133168	842864	808.05	633.43	79	8	-1	10.09	10.09
Fixation R	1	129	4514290304	4515133168	842864	808.05	633.43	79	8	-1	10.85	10.85
Fixation L	1	133	4515183166	4515316786	133620	101.01	712.65	51	47	-1	9.93	9.93
Fixation R	1	130	4515183166	4515316786	133620	101.01	712.65	51	47	-1	10.66	10.66
Fixation L	1	134	4515325040	4515458536	133496	86.76	714.10	11	6	-1	10.02	10.02
Fixation R	1	131	4515325040	4515458536	133496	86.76	714.10	11	6	-1	10.57	10.57
Fixation L	1	135	4515466912	4515650539	183627	253.26	694.99	79	19	-1	10.30	10.30
Fixation R	1	132	4515466912	4515650539	183627	253.26	694.99	79	19	-1	10.47	10.47
Fixation L	1	136	4515667159	4515967658	300499	458.83	695.48	64	18	-1	10.48	10.48
Fixation R	1	133	4515667159	4515967658	300499	458.83	695.48	64	18	-1	11.43	11.43
Fixation L	1	137	4515984278	4516318022	333744	718.91	697.00	37	14	-1	10.29	10.29
Fixation R	1	134	4516076031	4516318022	241991	719.00	696.81	10	10	-1	10.92	10.92
Fixation L	1	138	4516326400	4516593391	266991	615.80	624.42	40	50	-1	10.42	10.42
Fixation R	1	135	4516326400	4516593391	266991	615.80	624.42	40	50	-1	11.08	11.08
Fixation L	1	139	4516601771	4516752021	150250	632.30	582.55	29	20	-1	10.38	10.38
Fixation R	1	136	4516601771	4516752021	150250	632.30	582.55	29	20	-1	11.08	11.08
Fixation L	1	140	4516768643	4516969011	200368	846.95	675.37	70	27	-1	10.13	10.13
Fixation R	1	137	4516768643	4516969011	200368	846.95	675.37	70	27	-1	10.73	10.73
Fixation L	1	141	4516977268	4517060759	83491	909.10	698.60	23	7	-1	10.22	10.22
Fixation R	1	138	4516977268	4517060759	83491	909.10	698.60	23	7	-1	10.82	10.82
Fixation L	1	142	4517160884	4517277789	116905	272.25	70.96	35	19	-1	10.09	10.09
Fixation R	1	139	4517160884	4517277789	116905	272.25	70.96	35	19	-1	10.90	10.90

