[BeGaze]
Converted from:	C:\Program Files\SMI\Experiment Suite 360\Experiment Center 2\Results\Readability_First_01\P02-eye_data.idf
Date:	02.08.2013 11:27:26
Version:	BeGaze 3.2.28
Sample Rate:	120
Subject:	P02
Description:	Run2

Table Header for Fixations:
Event Type	Trial	Number	Start	End	Duration	Location X	Location Y	Dispersion X	Dispersion Y	Plane	Avg. Pupil Size X	Avg. Pupil Size Y


Fixation L	1	1	5469283381	5469608838	325457	133.25	59.79	35	10	-1	9.97	9.97
Fixation R	1	1	5469283381	5469608838	325457	133.25	59.79	35	10	-1	10.55	10.55
Fixation L	1	2	5469625462	5469917580	292118	286.62	33.08	51	43	-1	9.73	9.73
Fixation R	1	2	5469625462	5469917580	292118	286.62	33.08	51	43	-1	10.08	10.08
Fixation L	1	3	5469925833	5470251335	325502	370.09	18.14	68	20	-1	9.80	9.80
Fixation R	1	3	5469925833	5470251335	325502	370.09	18.14	68	20	-1	10.09	10.09
Fixation L	1	4	5470259701	5470434947	175246	270.26	3.39	52	13	-1	9.66	9.66
Fixation R	1	4	5470259701	5470434947	175246	270.26	3.39	52	13	-1	10.17	10.17
Fixation L	1	5	5470443323	5470660195	216872	433.25	26.30	64	31	-1	9.82	9.82
Fixation R	1	5	5470443323	5470660195	216872	433.25	26.30	64	31	-1	10.03	10.03
Fixation L	1	6	5470676945	5470918941	241996	535.04	27.64	13	19	-1	9.90	9.90
Fixation R	1	6	5470676945	5470918941	241996	535.04	27.64	13	19	-1	10.19	10.19
Fixation L	1	7	5470927320	5471027442	100122	698.60	20.61	89	9	-1	9.89	9.89
Fixation R	1	7	5470927320	5471027442	100122	698.60	20.61	89	9	-1	10.24	10.24
Fixation L	1	8	5471035687	5471419563	383876	660.98	33.52	64	13	-1	9.93	9.93
Fixation R	1	8	5471035687	5471419563	383876	660.98	33.52	64	13	-1	10.21	10.21
Fixation L	1	9	5471427938	5471828428	400490	850.55	38.84	28	34	-1	10.01	10.01
Fixation R	1	9	5471427938	5471828428	400490	850.55	38.84	28	34	-1	10.21	10.21
Fixation L	1	10	5471836805	5472020426	183621	913.28	37.90	21	5	-1	10.08	10.08
Fixation R	1	10	5471836805	5472020426	183621	913.28	37.90	21	5	-1	10.27	10.27
Fixation L	1	11	5472078802	5472379174	300372	130.86	94.84	42	38	-1	9.98	9.98
Fixation R	1	11	5472078802	5472379174	300372	130.86	94.84	42	38	-1	10.54	10.54
Fixation L	1	12	5472387545	5472587793	200248	253.93	92.62	64	18	-1	10.16	10.16
Fixation R	1	12	5472387545	5472587793	200248	253.93	92.62	64	18	-1	10.60	10.60
Fixation L	1	13	5472604544	5472888160	283616	402.96	97.76	41	28	-1	10.05	10.05
Fixation R	1	13	5472604544	5472888160	283616	402.96	97.76	41	28	-1	10.34	10.34
Fixation L	1	14	5472896535	5473080161	183626	550.82	105.34	84	15	-1	10.00	10.00
Fixation R	1	14	5472896535	5473080161	183626	550.82	105.34	84	15	-1	10.15	10.15
Fixation L	1	15	5473088405	5473255411	167006	681.92	90.16	13	12	-1	10.01	10.01
Fixation R	1	15	5473088405	5473255411	167006	681.92	90.16	13	12	-1	10.24	10.24
Fixation L	1	16	5473263782	5473438901	175119	810.13	90.44	25	7	-1	9.89	9.89
Fixation R	1	16	5473263782	5473438901	175119	810.13	90.44	25	7	-1	10.03	10.03
Fixation L	1	17	5473480657	5473630900	150243	197.01	157.78	66	33	-1	9.73	9.73
Fixation R	1	17	5473480657	5473630900	150243	197.01	157.78	66	33	-1	10.28	10.28
Fixation L	1	18	5473697648	5473872898	175250	338.19	139.58	18	26	-1	9.96	9.96
Fixation R	1	18	5473697648	5473872898	175250	338.19	139.58	18	26	-1	10.29	10.29
Fixation L	1	19	5473973022	5474381893	408871	395.69	133.20	51	18	-1	9.88	9.88
Fixation R	1	19	5473973022	5474381893	408871	395.69	133.20	51	18	-1	10.26	10.26

