[BeGaze]
Converted from:	C:\Program Files\SMI\Experiment Suite 360\Experiment Center 2\Results\Readability_First_01\P02-eye_data.idf
Date:	02.08.2013 11:27:28
Version:	BeGaze 3.2.28
Sample Rate:	120
Subject:	P02
Description:	Run2

Table Header for Fixations:
Event Type	Trial	Number	Start	End	Duration	Location X	Location Y	Dispersion X	Dispersion Y	Plane	Avg. Pupil Size X	Avg. Pupil Size Y


Fixation L	1	1	6922609855	6922926817	316962	113.49	58.06	55	41	-1	9.77	9.77
Fixation R	1	1	6922609855	6922926817	316962	113.49	58.06	55	41	-1	10.04	10.04
Fixation L	1	2	6922935188	6923193932	258744	235.42	51.47	33	38	-1	9.71	9.71
Fixation R	1	2	6922935188	6923193932	258744	235.42	51.47	33	38	-1	9.93	9.93
Fixation L	1	3	6923202189	6923469304	267115	351.19	48.83	69	23	-1	9.80	9.80
Fixation R	1	3	6923202189	6923469304	267115	351.19	48.83	69	23	-1	9.97	9.97
Fixation L	1	4	6923477562	6923719550	241988	487.04	42.86	41	9	-1	9.83	9.83
Fixation R	1	4	6923477562	6923719550	241988	487.04	42.86	41	9	-1	9.94	9.94
Fixation L	1	5	6923727932	6924036671	308739	637.23	43.44	48	14	-1	9.79	9.79
Fixation R	1	5	6923727932	6924036671	308739	637.23	43.44	48	14	-1	9.96	9.96
Fixation L	1	6	6924045045	6924186919	141874	778.67	35.62	37	11	-1	9.72	9.72
Fixation R	1	6	6924045045	6924186919	141874	778.67	35.62	37	11	-1	9.90	9.90
Fixation L	1	7	6924203551	6924520666	317115	930.64	54.83	59	28	-1	9.69	9.69
Fixation R	1	7	6924203551	6924520666	317115	930.64	54.83	59	28	-1	9.83	9.83
Fixation L	1	8	6924579045	6924804417	225372	122.75	101.83	50	25	-1	9.76	9.76
Fixation R	1	8	6924579045	6924804417	225372	122.75	101.83	50	25	-1	10.31	10.31
Fixation L	1	9	6924812785	6925113154	300369	283.87	96.77	70	22	-1	10.08	10.08
Fixation R	1	9	6924812785	6925113154	300369	283.87	96.77	70	22	-1	10.33	10.33
Fixation L	1	10	6925121403	6925663895	542492	408.94	90.36	68	29	-1	10.02	10.02
Fixation R	1	10	6925121403	6925663895	542492	408.94	90.36	68	29	-1	10.17	10.17
Fixation L	1	11	6925672271	6925839143	166872	502.04	87.34	55	10	-1	9.67	9.67
Fixation R	1	11	6925672271	6925839143	166872	502.04	87.34	55	10	-1	10.05	10.05
Fixation L	1	12	6925897516	6926006021	108505	549.66	75.75	66	13	-1	10.14	10.14
Fixation R	1	12	6925897516	6926006021	108505	549.66	75.75	66	13	-1	9.86	9.86
Fixation L	1	13	6926022643	6926289761	267118	750.41	85.49	52	11	-1	10.03	10.03
Fixation R	1	13	6926022643	6926289761	267118	750.41	85.49	52	11	-1	10.14	10.14
Fixation L	1	14	6926298011	6926490014	192003	678.43	97.36	15	24	-1	9.96	9.96
Fixation R	1	14	6926298011	6926490014	192003	678.43	97.36	15	24	-1	10.34	10.34
Fixation L	1	15	6926498384	6926598509	100125	859.14	84.36	77	21	-1	9.92	9.92
Fixation R	1	15	6926498384	6926598509	100125	859.14	84.36	77	21	-1	9.97	9.97
Fixation L	1	16	6926606763	6926932256	325493	801.09	115.37	76	18	-1	9.91	9.91
Fixation R	1	16	6926606763	6926932256	325493	801.09	115.37	76	18	-1	10.07	10.07
Fixation L	1	17	6926940629	6927165874	225245	905.19	126.96	20	21	-1	9.97	9.97
Fixation R	1	17	6926940629	6927165874	225245	905.19	126.96	20	21	-1	10.04	10.04
Fixation L	1	18	6927224246	6927508000	283754	134.43	170.42	56	37	-1	9.85	9.85
Fixation R	1	18	6927224246	6927508000	283754	134.43	170.42	56	37	-1	10.30	10.30
Fixation L	1	19	6927633248	6927774988	141740	201.72	139.85	51	47	-1	9.80	9.80
Fixation R	1	19	6927633248	6927774988	141740	201.72	139.85	51	47	-1	10.25	10.25
Fixation L	1	20	6927783369	6928183989	400620	230.91	142.88	54	26	-1	10.04	10.04
Fixation R	1	20	6927783369	6928183989	400620	230.91	142.88	54	26	-1	10.38	10.38
Fixation L	1	21	6928192233	6928500976	308743	408.23	137.06	74	15	-1	10.09	10.09
Fixation R	1	21	6928192233	6928500976	308743	408.23	137.06	74	15	-1	10.09	10.09
Fixation L	1	22	6928509358	6928818098	308740	513.35	136.56	85	14	-1	9.77	9.77
Fixation R	1	22	6928509358	6928818098	308740	513.35	136.56	85	14	-1	9.84	9.84
Fixation L	1	23	6928826474	6929135225	308751	529.85	141.35	89	10	-1	9.67	9.67
Fixation R	1	23	6928826474	6929135225	308751	529.85	141.35	89	10	-1	9.78	9.78
Fixation L	1	24	6929143596	6929360466	216870	505.99	142.03	64	12	-1	9.67	9.67
Fixation R	1	24	6929143596	6929360466	216870	505.99	142.03	64	12	-1	9.88	9.88
Fixation L	1	25	6929368842	6929569086	200244	585.96	139.46	93	6	-1	9.75	9.75
Fixation R	1	25	6929368842	6929569086	200244	585.96	139.46	93	6	-1	10.14	10.14
Fixation L	1	26	6929577461	6929869581	292120	651.50	131.83	69	6	-1	9.83	9.83
Fixation R	1	26	6929577461	6929869581	292120	651.50	131.83	69	6	-1	10.10	10.10
Fixation L	1	27	6929877834	6930303451	425617	810.58	152.44	65	34	-1	9.64	9.64
Fixation R	1	27	6929877834	6930303451	425617	810.58	152.44	65	34	-1	9.75	9.75
Fixation L	1	28	6930386831	6930478699	91868	142.06	209.66	67	30	-1	9.47	9.47
Fixation R	1	28	6930386831	6930478699	91868	142.06	209.66	67	30	-1	9.80	9.80
Fixation L	1	29	6930487078	6930687326	200248	119.95	201.47	13	15	-1	9.43	9.43
Fixation R	1	29	6930487078	6930687326	200248	119.95	201.47	13	15	-1	9.77	9.77
Fixation L	1	30	6930695698	6930804071	108373	208.59	198.44	6	9	-1	9.62	9.62
Fixation R	1	30	6930695698	6930804071	108373	208.59	198.44	6	9	-1	9.80	9.80
Fixation L	1	31	6930987692	6931588559	600867	296.74	191.68	34	48	-1	9.90	9.90
Fixation R	1	31	6930987692	6931588559	600867	296.74	191.68	34	48	-1	10.04	10.04
Fixation L	1	32	6931596809	6931880556	283747	398.06	201.43	36	17	-1	9.89	9.89
Fixation R	1	32	6931596809	6931880556	283747	398.06	201.43	36	17	-1	10.01	10.01
Fixation L	1	33	6931888933	6932114181	225248	500.40	203.10	54	6	-1	9.75	9.75
Fixation R	1	33	6931888933	6932114181	225248	500.40	203.10	54	6	-1	9.94	9.94
Fixation L	1	34	6932122552	6932531419	408867	582.34	196.66	73	17	-1	9.69	9.69
Fixation R	1	34	6932122552	6932531419	408867	582.34	196.66	73	17	-1	9.84	9.84
Fixation L	1	35	6932539799	6932740047	200248	669.52	193.39	35	9	-1	9.70	9.70
Fixation R	1	35	6932539799	6932740047	200248	669.52	193.39	35	9	-1	10.07	10.07
Fixation L	1	36	6932748417	6933257407	508990	819.17	197.44	70	20	-1	9.76	9.76
Fixation R	1	36	6932748417	6933257407	508990	819.17	197.44	70	20	-1	9.97	9.97
Fixation L	1	37	6933265786	6933683024	417238	882.08	237.64	27	68	-1	9.77	9.77
Fixation R	1	37	6933265786	6933683024	417238	882.08	237.64	27	68	-1	10.07	10.07
Fixation L	1	38	6933691274	6933824776	133502	848.25	243.77	27	70	-1	9.89	9.89
Fixation R	1	38	6933691274	6933824776	133502	848.25	243.77	27	70	-1	10.28	10.28
Fixation L	1	39	6933833149	6934000022	166873	860.67	178.39	11	29	-1	9.81	9.81
Fixation R	1	39	6933833149	6934000022	166873	860.67	178.39	11	29	-1	9.95	9.95
Fixation L	1	40	6934008395	6934242017	233622	931.09	226.97	44	53	-1	9.70	9.70
Fixation R	1	40	6934008395	6934242017	233622	931.09	226.97	44	53	-1	9.88	9.88
Fixation L	1	41	6934375514	6934809506	433992	126.69	276.94	65	33	-1	9.57	9.57
Fixation R	1	41	6934375514	6934809506	433992	126.69	276.94	65	33	-1	9.93	9.93
Fixation L	1	42	6934817889	6935018137	200248	167.24	262.07	83	12	-1	9.62	9.62
Fixation R	1	42	6934817889	6935018137	200248	167.24	262.07	83	12	-1	9.65	9.65
Fixation L	1	43	6935026505	6935243379	216874	253.94	274.69	77	15	-1	9.60	9.60
Fixation R	1	43	6935243379	6935468754	225375	352.49	262.84	79	7	-1	9.68	9.68
Fixation L	1	44	6935251749	6935468754	217005	355.18	262.63	5	6	-1	9.64	9.64
Fixation L	1	45	6935476997	6935760742	283745	531.12	247.75	53	26	-1	9.50	9.50
Fixation R	1	44	6935476997	6935760742	283745	531.12	247.75	53	26	-1	9.69	9.69
Fixation L	1	46	6935769126	6935986115	216989	685.94	249.89	83	14	-1	9.47	9.47
Fixation R	1	45	6935769126	6935986115	216989	685.94	249.89	83	14	-1	9.69	9.69
Fixation L	1	47	6935994367	6936169617	175250	742.98	257.70	75	8	-1	9.41	9.41
Fixation R	1	46	6935994367	6936169617	175250	742.98	257.70	75	8	-1	9.70	9.70
Fixation L	1	48	6936177986	6936478360	300374	886.20	265.24	87	12	-1	9.37	9.37
Fixation R	1	47	6936177986	6936478360	300374	886.20	265.24	87	12	-1	9.69	9.69
Fixation L	1	49	6936545107	6936695355	150248	165.46	331.38	68	24	-1	9.43	9.43
Fixation R	1	48	6936545107	6936695355	150248	165.46	331.38	68	24	-1	9.86	9.86
Fixation L	1	50	6936703727	6936887224	183497	98.75	339.51	41	10	-1	9.56	9.56
Fixation R	1	49	6936703727	6936887224	183497	98.75	339.51	41	10	-1	9.77	9.77
Fixation L	1	51	6936895604	6937079228	183624	250.84	331.67	71	10	-1	9.73	9.73
Fixation R	1	50	6936895604	6937079228	183624	250.84	331.67	71	10	-1	9.82	9.82
Fixation L	1	52	6937087597	6937287844	200247	394.01	318.27	80	14	-1	9.65	9.65
Fixation R	1	51	6937087597	6937287844	200247	394.01	318.27	80	14	-1	9.88	9.88
Fixation L	1	53	6937304478	6937446344	141866	548.76	316.31	47	5	-1	9.63	9.63
Fixation R	1	52	6937304478	6937446344	141866	548.76	316.31	47	5	-1	9.92	9.92
Fixation L	1	54	6937454717	6937663339	208622	669.36	312.25	13	11	-1	9.54	9.54
Fixation R	1	53	6937454717	6937663339	208622	669.36	312.25	13	11	-1	9.91	9.91
Fixation L	1	55	6937671722	6937830215	158493	834.03	316.63	92	3	-1	9.63	9.63
Fixation R	1	54	6937671722	6937830215	158493	834.03	316.63	92	3	-1	9.94	9.94
Fixation L	1	56	6937838585	6938038834	200249	914.42	302.77	52	24	-1	9.67	9.67
Fixation R	1	55	6937838585	6938038834	200249	914.42	302.77	52	24	-1	9.91	9.91
Fixation L	1	57	6938097212	6938364202	266990	135.24	397.88	81	16	-1	9.66	9.66
Fixation R	1	56	6938097212	6938364202	266990	135.24	397.88	81	16	-1	10.10	10.10
Fixation L	1	58	6938531201	6938756450	225249	364.32	382.79	68	31	-1	10.00	10.00
Fixation R	1	57	6938531201	6938756450	225249	364.32	382.79	68	31	-1	10.29	10.29
Fixation L	1	59	6938764821	6938881570	116749	345.61	396.55	27	6	-1	10.09	10.09
Fixation R	1	58	6938764821	6938881570	116749	345.61	396.55	27	6	-1	10.50	10.50
Fixation L	1	60	6938889945	6939165319	275374	497.63	392.40	27	7	-1	9.96	9.96
Fixation R	1	59	6938889945	6939165319	275374	497.63	392.40	27	7	-1	10.33	10.33
Fixation L	1	61	6939173697	6939440692	266995	599.21	394.23	65	11	-1	10.04	10.04
Fixation R	1	60	6939173697	6939440692	266995	599.21	394.23	65	11	-1	10.41	10.41
Fixation L	1	62	6939449063	6939682683	233620	717.65	395.26	32	3	-1	10.07	10.07
Fixation R	1	61	6939449063	6939682683	233620	717.65	395.26	32	3	-1	10.36	10.36
Fixation L	1	63	6939691057	6939832931	141874	812.59	386.73	40	14	-1	9.97	9.97
Fixation R	1	62	6939691057	6939832931	141874	812.59	386.73	40	14	-1	10.33	10.33
Fixation L	1	64	6939874689	6939983054	108365	183.52	434.70	57	41	-1	9.86	9.86
Fixation R	1	63	6939874689	6939983054	108365	183.52	434.70	57	41	-1	10.26	10.26
Fixation L	1	65	6939991429	6940083178	91749	146.28	443.63	84	14	-1	9.90	9.90
Fixation R	1	64	6939991429	6940083178	91749	146.28	443.63	84	14	-1	10.22	10.22
Fixation L	1	66	6940091551	6940333550	241999	83.93	467.12	9	16	-1	9.98	9.98
Fixation R	1	65	6940091551	6940333550	241999	83.93	467.12	9	16	-1	10.20	10.20
Fixation L	1	67	6940341928	6940558920	216992	271.00	444.87	63	26	-1	10.20	10.20
Fixation R	1	66	6940341928	6940558920	216992	271.00	444.87	63	26	-1	10.27	10.27
Fixation L	1	68	6940567169	6940700670	133501	334.16	443.94	22	12	-1	10.22	10.22
Fixation R	1	67	6940567169	6940700670	133501	334.16	443.94	22	12	-1	10.30	10.30
Fixation L	1	69	6940901047	6941117914	216867	431.80	423.56	78	20	-1	10.28	10.28
Fixation R	1	68	6940901047	6941117914	216867	431.80	423.56	78	20	-1	10.53	10.53
Fixation L	1	70	6941134667	6941334909	200242	535.33	445.03	59	16	-1	10.34	10.34
Fixation R	1	69	6941134667	6941334909	200242	535.33	445.03	59	16	-1	10.75	10.75
Fixation L	1	71	6941343283	6941585279	241996	695.67	447.47	95	3	-1	10.11	10.11
Fixation R	1	70	6941343283	6941585279	241996	695.67	447.47	95	3	-1	10.40	10.40
Fixation L	1	72	6941593529	6941860655	267126	861.05	443.74	13	8	-1	9.91	9.91
Fixation R	1	71	6941593529	6941860655	267126	861.05	443.74	13	8	-1	10.18	10.18
Fixation L	1	73	6941910654	6942136024	225370	174.09	504.72	54	35	-1	9.73	9.73
Fixation R	1	72	6941910654	6942136024	225370	174.09	504.72	54	35	-1	10.04	10.04
Fixation L	1	74	6942144273	6942327895	183622	108.23	524.91	10	16	-1	9.83	9.83
Fixation R	1	73	6942144273	6942327895	183622	108.23	524.91	10	16	-1	9.96	9.96
Fixation L	1	75	6942336273	6942620015	283742	281.25	505.42	56	18	-1	10.04	10.04
Fixation R	1	74	6942336273	6942620015	283742	281.25	505.42	56	18	-1	10.14	10.14
Fixation L	1	76	6942628268	6942853641	225373	379.09	507.39	68	6	-1	10.17	10.17
Fixation R	1	75	6942628268	6942853641	225373	379.09	507.39	68	6	-1	10.44	10.44
Fixation L	1	77	6942862014	6943053891	191877	532.27	508.38	59	11	-1	10.20	10.20
Fixation R	1	76	6942862014	6943053891	191877	532.27	508.38	59	11	-1	10.56	10.56
Fixation L	1	78	6943062260	6943362632	300372	675.78	511.01	41	8	-1	10.19	10.19
Fixation R	1	77	6943062260	6943362632	300372	675.78	511.01	41	8	-1	10.52	10.52
Fixation L	1	79	6943371001	6943637999	266998	799.15	509.92	59	7	-1	9.93	9.93
Fixation R	1	78	6943371001	6943637999	266998	799.15	509.92	59	7	-1	10.30	10.30
Fixation L	1	80	6943646374	6943829872	183498	866.89	506.63	72	6	-1	9.89	9.89
Fixation R	1	79	6943646374	6943829872	183498	866.89	506.63	72	6	-1	10.21	10.21
Fixation L	1	81	6943879998	6944155371	275373	142.99	571.76	74	23	-1	9.87	9.87
Fixation R	1	80	6943879998	6944155371	275373	142.99	571.76	74	23	-1	10.14	10.14
Fixation L	1	82	6944163745	6944322239	158494	226.02	570.07	16	3	-1	10.14	10.14
Fixation R	1	81	6944163745	6944322239	158494	226.02	570.07	16	3	-1	10.02	10.02
Fixation L	1	83	6944330617	6944489110	158493	354.94	567.23	8	8	-1	10.19	10.19
Fixation R	1	82	6944330617	6944489110	158493	354.94	567.23	8	8	-1	10.43	10.43
Fixation L	1	84	6944672735	6944764484	91749	440.22	511.09	67	25	-1	10.40	10.40
Fixation R	1	83	6944672735	6944764484	91749	440.22	511.09	67	25	-1	10.13	10.13
Fixation L	1	85	6944772858	6944914727	141869	403.60	531.96	83	14	-1	9.58	9.58
Fixation R	1	84	6944772858	6944914727	141869	403.60	531.96	83	14	-1	10.22	10.22
Fixation L	1	86	6945106604	6945365347	258743	281.58	551.05	59	29	-1	11.41	11.41
Fixation R	1	85	6945106604	6945365347	258743	281.58	551.05	59	29	-1	10.30	10.30
Fixation L	1	87	6945373727	6945565594	191867	418.66	554.40	14	8	-1	10.30	10.30
Fixation R	1	86	6945373727	6945565594	191867	418.66	554.40	14	8	-1	10.74	10.74
Fixation L	1	88	6945573972	6945799220	225248	584.55	552.32	84	11	-1	10.16	10.16
Fixation R	1	87	6945573972	6945799220	225248	584.55	552.32	84	11	-1	10.79	10.79
Fixation L	1	89	6945807593	6946066211	258618	737.59	560.19	72	6	-1	10.16	10.16
Fixation R	1	88	6945807593	6946066211	258618	737.59	560.19	72	6	-1	10.60	10.60
Fixation L	1	90	6946074594	6946283209	208615	833.54	558.71	24	9	-1	9.91	9.91
Fixation R	1	89	6946074594	6946283209	208615	833.54	558.71	24	9	-1	10.40	10.40
Fixation L	1	91	6946333332	6946758826	425494	150.77	613.63	37	35	-1	10.03	10.03
Fixation R	1	90	6946333332	6946758826	425494	150.77	613.63	37	35	-1	10.15	10.15
Fixation L	1	92	6946767202	6947025828	258626	231.34	627.59	19	11	-1	10.25	10.25
Fixation R	1	91	6946767202	6947025828	258626	231.34	627.59	19	11	-1	10.04	10.04
Fixation L	1	93	6947034201	6947568312	534111	95.25	640.23	63	23	-1	10.13	10.13
Fixation R	1	92	6947034201	6947568312	534111	95.25	640.23	63	23	-1	10.18	10.18
Fixation L	1	94	6947576569	6947793561	216992	218.30	625.36	26	24	-1	10.20	10.20
Fixation R	1	93	6947609942	6947793561	183619	219.34	623.39	13	18	-1	10.03	10.03
Fixation L	1	95	6947810188	6947985561	175373	457.95	627.01	50	12	-1	10.22	10.22
Fixation R	1	94	6947960436	6948202432	241996	515.71	624.36	69	11	-1	11.01	11.01
Fixation L	1	96	6947993811	6948210809	216998	525.33	624.14	42	11	-1	10.30	10.30
Fixation R	1	95	6948210809	6948477806	266997	617.68	621.70	85	11	-1	10.93	10.93
Fixation L	1	97	6948219181	6948477806	258625	619.68	621.47	23	8	-1	10.14	10.14
Fixation L	1	98	6948486178	6948719804	233626	765.43	623.93	82	8	-1	9.95	9.95
Fixation R	1	96	6948486178	6948719804	233626	765.43	623.93	82	8	-1	10.68	10.68
Fixation L	1	99	6948728178	6948920045	191867	885.94	629.68	85	3	-1	9.96	9.96
Fixation R	1	97	6948728178	6948920045	191867	885.94	629.68	85	3	-1	10.53	10.53
Fixation L	1	100	6948928424	6949036922	108498	990.89	634.33	28	7	-1	10.23	10.23
Fixation R	1	98	6948928424	6949036922	108498	990.89	634.33	28	7	-1	10.33	10.33
Fixation L	1	101	6949103670	6949270539	166869	147.59	684.00	62	36	-1	10.01	10.01
Fixation R	1	99	6949103670	6949270539	166869	147.59	684.00	62	36	-1	10.36	10.36
Fixation L	1	102	6949278917	6949412411	133494	95.54	705.74	15	15	-1	10.13	10.13
Fixation R	1	100	6949278917	6949412411	133494	95.54	705.74	15	15	-1	10.50	10.50
Fixation L	1	103	6949429166	6949637782	208616	310.78	676.11	37	25	-1	10.36	10.36
Fixation R	1	101	6949429166	6949637782	208616	310.78	676.11	37	25	-1	10.46	10.46
Fixation L	1	104	6949646033	6949821283	175250	406.57	676.98	18	13	-1	10.44	10.44
Fixation R	1	102	6949646033	6949821283	175250	406.57	676.98	18	13	-1	10.97	10.97
Fixation L	1	105	6949829664	6949913028	83364	568.62	678.28	88	11	-1	10.21	10.21
Fixation R	1	103	6949829664	6949913028	83364	568.62	678.28	88	11	-1	11.21	11.21
Fixation L	1	106	6949921408	6950063279	141871	578.69	673.80	18	2	-1	10.27	10.27
Fixation R	1	104	6949921408	6950063279	141871	578.69	673.80	18	2	-1	11.11	11.11
Fixation L	1	107	6950071652	6950263529	191877	704.71	677.13	75	15	-1	10.26	10.26
Fixation R	1	105	6950071652	6950263529	191877	704.71	677.13	75	15	-1	10.97	10.97
Fixation L	1	108	6950271899	6950530651	258752	804.01	684.13	64	7	-1	10.31	10.31
Fixation R	1	106	6950271899	6950530651	258752	804.01	684.13	64	7	-1	10.78	10.78

