[BeGaze]
Converted from:	C:\Program Files\SMI\Experiment Suite 360\Experiment Center 2\Results\Readability_First_01\P02-eye_data.idf
Date:	02.08.2013 11:27:28
Version:	BeGaze 3.2.28
Sample Rate:	120
Subject:	P02
Description:	Run2

Table Header for Fixations:
Event Type	Trial	Number	Start	End	Duration	Location X	Location Y	Dispersion X	Dispersion Y	Plane	Avg. Pupil Size X	Avg. Pupil Size Y


Fixation L	1	1	6752373061	6752556522	183461	261.56	61.01	20	11	-1	10.10	10.10
Fixation R	1	1	6752373061	6752556522	183461	261.56	61.01	20	11	-1	10.64	10.64
Fixation L	1	2	6752564899	6752756893	191994	117.03	65.13	44	16	-1	9.90	9.90
Fixation R	1	2	6752564899	6752756893	191994	117.03	65.13	44	16	-1	10.37	10.37
Fixation L	1	3	6752773517	6753107269	333752	376.18	45.85	58	24	-1	9.89	9.89
Fixation R	1	3	6752773517	6753107269	333752	376.18	45.85	58	24	-1	10.13	10.13
Fixation L	1	4	6753115636	6753324257	208621	462.89	46.82	41	19	-1	9.96	9.96
Fixation R	1	4	6753115636	6753324257	208621	462.89	46.82	41	19	-1	10.19	10.19
Fixation L	1	5	6753332647	6753491130	158483	580.97	48.80	73	18	-1	9.97	9.97
Fixation R	1	5	6753332647	6753491130	158483	580.97	48.80	73	18	-1	10.19	10.19
Fixation L	1	6	6753507887	6753899997	392110	712.13	37.39	27	32	-1	9.96	9.96
Fixation R	1	6	6753507887	6753899997	392110	712.13	37.39	27	32	-1	10.38	10.38
Fixation L	1	7	6753908381	6754016873	108492	766.47	37.92	21	20	-1	9.92	9.92
Fixation R	1	7	6753908381	6754016873	108492	766.47	37.92	21	20	-1	10.33	10.33
Fixation L	1	8	6754066870	6754317246	250376	123.93	108.19	69	26	-1	9.93	9.93
Fixation R	1	8	6754066870	6754317246	250376	123.93	108.19	69	26	-1	10.61	10.61
Fixation L	1	9	6754325622	6754534243	208621	244.12	104.98	53	11	-1	10.18	10.18
Fixation R	1	9	6754325622	6754534243	208621	244.12	104.98	53	11	-1	10.65	10.65
Fixation L	1	10	6754542616	6754918109	375493	339.18	99.86	75	14	-1	10.05	10.05
Fixation R	1	10	6754542616	6754918109	375493	339.18	99.86	75	14	-1	10.50	10.50
Fixation L	1	11	6754926358	6755068233	141875	265.36	101.83	25	9	-1	9.92	9.92
Fixation R	1	11	6754926358	6755068233	141875	265.36	101.83	25	9	-1	10.49	10.49
Fixation L	1	12	6755084989	6755402102	317113	464.69	106.85	23	14	-1	10.10	10.10
Fixation R	1	12	6755084989	6755402102	317113	464.69	106.85	23	14	-1	10.50	10.50
Fixation L	1	13	6755468850	6755568976	100126	586.99	99.99	59	27	-1	10.27	10.27
Fixation R	1	13	6755468850	6755568976	100126	586.99	99.99	59	27	-1	9.82	9.82
Fixation L	1	14	6755577347	6755694097	116750	607.35	109.62	52	5	-1	10.15	10.15
Fixation R	1	14	6755577347	6755694097	116750	607.35	109.62	52	5	-1	10.70	10.70
Fixation L	1	15	6755827597	6755961098	133501	599.99	108.72	79	8	-1	10.37	10.37
Fixation R	1	15	6755827597	6755961098	133501	599.99	108.72	79	8	-1	10.61	10.61
Fixation L	1	16	6755969467	6756119717	150250	711.22	95.85	10	20	-1	10.47	10.47
Fixation R	1	16	6755969467	6756119717	150250	711.22	95.85	10	20	-1	10.73	10.73
Fixation L	1	17	6756128091	6756286595	158504	815.10	100.51	28	20	-1	10.40	10.40
Fixation R	1	17	6756128091	6756286595	158504	815.10	100.51	28	20	-1	10.66	10.66
Fixation L	1	18	6756336594	6756595334	258740	116.52	187.85	41	48	-1	9.95	9.95
Fixation R	1	18	6756336594	6756595334	258740	116.52	187.85	41	48	-1	10.60	10.60
Fixation L	1	19	6756603709	6756828955	225246	263.54	184.26	62	17	-1	10.23	10.23
Fixation R	1	19	6756603709	6756828955	225246	263.54	184.26	62	17	-1	10.65	10.65
Fixation L	1	20	6756837336	6757079328	241992	403.98	173.68	37	6	-1	10.20	10.20
Fixation R	1	20	6756837336	6757079328	241992	403.98	173.68	37	6	-1	10.50	10.50
Fixation L	1	21	6757087708	6757296326	208618	507.84	165.85	33	9	-1	10.09	10.09
Fixation R	1	21	6757087708	6757296326	208618	507.84	165.85	33	9	-1	10.36	10.36
Fixation L	1	22	6757304573	6757538325	233752	641.17	153.03	53	20	-1	9.96	9.96
Fixation R	1	22	6757304573	6757538325	233752	641.17	153.03	53	20	-1	10.37	10.37
Fixation L	1	23	6757546569	6757688448	141879	760.25	148.45	18	17	-1	10.00	10.00
Fixation R	1	23	6757546569	6757688448	141879	760.25	148.45	18	17	-1	10.26	10.26
Fixation L	1	24	6757738576	6757972191	233615	144.63	240.45	29	35	-1	9.90	9.90
Fixation R	1	24	6757738576	6757972191	233615	144.63	240.45	29	35	-1	10.54	10.54
Fixation L	1	25	6757980563	6758105687	125124	312.57	234.71	36	13	-1	10.13	10.13
Fixation R	1	25	6757980563	6758105687	125124	312.57	234.71	36	13	-1	10.49	10.49
Fixation L	1	26	6758114068	6758364310	250242	453.58	219.98	48	12	-1	9.96	9.96
Fixation R	1	26	6758114068	6758364310	250242	453.58	219.98	48	12	-1	10.29	10.29
Fixation L	1	27	6758372692	6758556305	183613	589.97	215.27	64	10	-1	9.81	9.81
Fixation R	1	27	6758372692	6758556305	183613	589.97	215.27	64	10	-1	10.24	10.24
Fixation L	1	28	6758564684	6758956801	392117	692.10	219.49	56	18	-1	9.84	9.84
Fixation R	1	28	6758564684	6758956801	392117	692.10	219.49	56	18	-1	10.28	10.28
Fixation L	1	29	6759073673	6759515921	442248	329.67	13.02	31	34	-1	10.12	10.12
Fixation R	1	29	6759073673	6759515921	442248	329.67	13.02	31	34	-1	10.50	10.50
Fixation L	1	30	6759524290	6759841415	317125	337.15	120.83	6	39	-1	10.15	10.15
Fixation R	1	30	6759524290	6759841415	317125	337.15	120.83	6	39	-1	10.50	10.50

