[BeGaze]
Converted from:	C:\Program Files\SMI\Experiment Suite 360\Experiment Center 2\Results\Readability_First_01\P02-eye_data.idf
Date:	02.08.2013 11:27:25
Version:	BeGaze 3.2.28
Sample Rate:	120
Subject:	P02
Description:	Run2

Table Header for Fixations:
Event Type	Trial	Number	Start	End	Duration	Location X	Location Y	Dispersion X	Dispersion Y	Plane	Avg. Pupil Size X	Avg. Pupil Size Y


Fixation L	1	1	5008836948	5009112439	275491	189.85	62.87	71	19	-1	10.19	10.19
Fixation R	1	1	5008836948	5009112439	275491	189.85	62.87	71	19	-1	10.92	10.92
Fixation L	1	2	5009120685	5009304309	183624	376.02	66.95	53	16	-1	10.35	10.35
Fixation R	1	2	5009120685	5009304309	183624	376.02	66.95	53	16	-1	10.72	10.72
Fixation L	1	3	5009321062	5009487931	166869	540.92	49.33	12	6	-1	10.11	10.11
Fixation R	1	3	5009321062	5009487931	166869	540.92	49.33	12	6	-1	10.49	10.49
Fixation L	1	4	5009496181	5009688179	191998	702.72	49.36	61	14	-1	10.12	10.12
Fixation R	1	4	5009496181	5009688179	191998	702.72	49.36	61	14	-1	10.41	10.41
Fixation L	1	5	5009696552	5009846675	150123	564.02	54.88	80	12	-1	10.21	10.21
Fixation R	1	5	5009696552	5009846675	150123	564.02	54.88	80	12	-1	10.69	10.69
Fixation L	1	6	5009855048	5010263921	408873	503.22	47.46	43	22	-1	10.37	10.37
Fixation R	1	6	5009855048	5010263921	408873	503.22	47.46	43	22	-1	10.90	10.90
Fixation L	1	7	5010272293	5010439166	166873	603.63	34.70	35	3	-1	10.42	10.42
Fixation R	1	7	5010272293	5010439166	166873	603.63	34.70	35	3	-1	10.94	10.94
Fixation L	1	8	5010447540	5010689542	242002	771.49	36.46	58	24	-1	10.28	10.28
Fixation R	1	8	5010447540	5010689542	242002	771.49	36.46	58	24	-1	10.66	10.66
Fixation L	1	9	5010714538	5011023283	308745	397.77	37.20	58	23	-1	10.35	10.35
Fixation R	1	9	5010714538	5011023283	308745	397.77	37.20	58	23	-1	10.84	10.84

