[BeGaze]
Converted from:	C:\Program Files\SMI\Experiment Suite 360\Experiment Center 2\Results\Readability_First_01\P02-eye_data.idf
Date:	02.08.2013 11:27:28
Version:	BeGaze 3.2.28
Sample Rate:	120
Subject:	P02
Description:	Run2

Table Header for Fixations:
Event Type	Trial	Number	Start	End	Duration	Location X	Location Y	Dispersion X	Dispersion Y	Plane	Avg. Pupil Size X	Avg. Pupil Size Y


Fixation L	1	1	6817168338	6817326787	158449	132.90	114.53	11	67	-1	9.76	9.76
Fixation R	1	1	6817168338	6817326787	158449	132.90	114.53	11	67	-1	10.23	10.23
Fixation L	1	2	6817335171	6817894283	559112	99.54	58.31	67	30	-1	9.49	9.49
Fixation R	1	2	6817335171	6817894283	559112	99.54	58.31	67	30	-1	9.78	9.78
Fixation L	1	3	6817902655	6818061156	158501	148.13	49.60	20	7	-1	9.60	9.60
Fixation R	1	3	6817902655	6818061156	158501	148.13	49.60	20	7	-1	9.81	9.81
Fixation L	1	4	6818069527	6818511776	442249	284.19	35.81	70	23	-1	9.74	9.74
Fixation R	1	4	6818069527	6818511776	442249	284.19	35.81	70	23	-1	9.92	9.92
Fixation L	1	5	6818520145	6818703642	183497	439.44	29.69	30	14	-1	9.94	9.94
Fixation R	1	5	6818520145	6818703642	183497	439.44	29.69	30	14	-1	10.01	10.01
Fixation L	1	6	6818712027	6818929013	216986	590.34	27.56	60	19	-1	9.87	9.87
Fixation R	1	6	6818712027	6818929013	216986	590.34	27.56	60	19	-1	10.12	10.12
Fixation L	1	7	6818937271	6819179261	241990	696.29	26.40	84	10	-1	9.72	9.72
Fixation R	1	7	6818937271	6819179261	241990	696.29	26.40	84	10	-1	10.00	10.00
Fixation L	1	8	6819196011	6819471383	275372	829.62	30.92	33	9	-1	9.67	9.67
Fixation R	1	8	6819196011	6819471383	275372	829.62	30.92	33	9	-1	9.91	9.91
Fixation L	1	9	6819479757	6819713385	233628	713.49	26.70	78	21	-1	9.76	9.76
Fixation R	1	9	6819479757	6819713385	233628	713.49	26.70	78	21	-1	9.97	9.97
Fixation L	1	10	6819721755	6819830130	108375	651.44	41.95	14	25	-1	9.72	9.72
Fixation R	1	10	6819721755	6819830130	108375	651.44	41.95	14	25	-1	10.08	10.08
Fixation L	1	11	6819871879	6820113878	241999	108.65	95.35	69	29	-1	9.55	9.55
Fixation R	1	11	6819871879	6820113878	241999	108.65	95.35	69	29	-1	10.04	10.04
Fixation L	1	12	6820163999	6820405994	241995	196.21	71.44	43	27	-1	9.79	9.79
Fixation R	1	12	6820163999	6820405994	241995	196.21	71.44	43	27	-1	10.01	10.01
Fixation L	1	13	6820414252	6820672988	258736	335.48	70.78	70	11	-1	9.68	9.68
Fixation R	1	13	6820414252	6820672988	258736	335.48	70.78	70	11	-1	10.00	10.00
Fixation L	1	14	6820681368	6820923360	241992	479.53	74.80	48	9	-1	9.88	9.88
Fixation R	1	14	6820681368	6820923360	241992	479.53	74.80	48	9	-1	10.00	10.00
Fixation L	1	15	6820931608	6821131979	200371	630.27	87.39	31	11	-1	9.90	9.90
Fixation R	1	15	6820931608	6821131979	200371	630.27	87.39	31	11	-1	9.96	9.96
Fixation L	1	16	6821148608	6821490730	342122	813.09	90.14	44	14	-1	9.76	9.76
Fixation R	1	16	6821148608	6821490730	342122	813.09	90.14	44	14	-1	9.88	9.88
Fixation L	1	17	6821540854	6821724347	183493	170.96	149.20	63	35	-1	9.51	9.51
Fixation R	1	17	6821540854	6821724347	183493	170.96	149.20	63	35	-1	10.09	10.09
Fixation L	1	18	6821732721	6821958092	225371	231.40	144.76	86	12	-1	9.61	9.61
Fixation R	1	18	6821732721	6821958092	225371	231.40	144.76	86	12	-1	9.96	9.96
Fixation L	1	19	6822041473	6822225087	183614	349.19	129.83	20	5	-1	9.55	9.55
Fixation R	1	19	6822041473	6822225087	183614	349.19	129.83	20	5	-1	9.81	9.81
Fixation L	1	20	6822233464	6822492091	258627	453.06	133.69	26	12	-1	9.51	9.51
Fixation R	1	20	6822233464	6822492091	258627	453.06	133.69	26	12	-1	9.73	9.73
Fixation L	1	21	6822508836	6822850956	342120	610.04	133.97	67	11	-1	9.38	9.38
Fixation R	1	21	6822508836	6822850956	342120	610.04	133.97	67	11	-1	9.78	9.78
Fixation L	1	22	6822859204	6823034455	175251	674.52	135.75	21	14	-1	9.40	9.40
Fixation R	1	22	6822859204	6823034455	175251	674.52	135.75	21	14	-1	9.75	9.75
Fixation L	1	23	6823042833	6823193080	150247	759.89	130.98	27	15	-1	9.47	9.47
Fixation R	1	23	6823042833	6823193080	150247	759.89	130.98	27	15	-1	9.82	9.82
Fixation L	1	24	6823201329	6823351578	150249	856.26	148.40	47	30	-1	9.58	9.58
Fixation R	1	24	6823201329	6823351578	150249	856.26	148.40	47	30	-1	9.76	9.76
Fixation L	1	25	6823401696	6823560192	158496	169.61	200.63	54	16	-1	9.44	9.44
Fixation R	1	25	6823401696	6823560192	158496	169.61	200.63	54	16	-1	10.06	10.06
Fixation L	1	26	6823568572	6823743698	175126	91.52	209.43	32	18	-1	9.52	9.52
Fixation R	1	26	6823568572	6823743698	175126	91.52	209.43	32	18	-1	9.94	9.94
Fixation L	1	27	6823760441	6824144316	383875	249.64	198.70	40	26	-1	9.62	9.62
Fixation R	1	27	6823760441	6824144316	383875	249.64	198.70	40	26	-1	9.96	9.96
Fixation L	1	28	6824152685	6824244442	91757	386.35	188.21	84	15	-1	9.65	9.65
Fixation R	1	28	6824152685	6824244442	91757	386.35	188.21	84	15	-1	9.94	9.94
Fixation L	1	29	6824252808	6824511428	258620	461.92	200.79	65	26	-1	9.71	9.71
Fixation R	1	29	6824252808	6824511428	258620	461.92	200.79	65	26	-1	9.93	9.93
Fixation L	1	30	6824519813	6824953672	433859	602.18	203.56	57	12	-1	9.57	9.57
Fixation R	1	30	6824519813	6824953672	433859	602.18	203.56	57	12	-1	10.03	10.03
Fixation L	1	31	6824962047	6825170670	208623	741.52	196.52	16	11	-1	9.55	9.55
Fixation R	1	31	6824962047	6825170670	208623	741.52	196.52	16	11	-1	9.92	9.92
Fixation L	1	32	6825179044	6825287542	108498	831.80	193.34	8	7	-1	9.62	9.62
Fixation R	1	32	6825179044	6825287542	108498	831.80	193.34	8	7	-1	9.91	9.91
Fixation L	1	33	6825345924	6825729786	383862	128.35	264.11	58	23	-1	9.48	9.48
Fixation R	1	33	6825345924	6825729786	383862	128.35	264.11	58	23	-1	9.98	9.98
Fixation L	1	34	6825746417	6825896666	150249	270.62	251.61	47	23	-1	9.68	9.68
Fixation R	1	34	6825746417	6825896666	150249	270.62	251.61	47	23	-1	9.90	9.90
Fixation L	1	35	6826013532	6826180403	166871	376.42	254.33	45	12	-1	9.58	9.58
Fixation R	1	35	6826013532	6826180403	166871	376.42	254.33	45	12	-1	9.99	9.99
Fixation L	1	36	6826188780	6826564272	375492	529.18	259.15	61	5	-1	9.61	9.61
Fixation R	1	36	6826188780	6826564272	375492	529.18	259.15	61	5	-1	10.06	10.06
Fixation L	1	37	6826572526	6826839647	267121	687.98	253.78	67	6	-1	9.47	9.47
Fixation R	1	37	6826572526	6826839647	267121	687.98	253.78	67	6	-1	9.97	9.97
Fixation L	1	38	6826847901	6827115014	267113	803.39	254.62	28	4	-1	9.54	9.54
Fixation R	1	38	6826847901	6827115014	267113	803.39	254.62	28	4	-1	9.82	9.82
Fixation L	1	39	6827156639	6827315263	158624	158.27	322.34	57	41	-1	9.42	9.42
Fixation R	1	39	6827156639	6827315263	158624	158.27	322.34	57	41	-1	9.85	9.85
Fixation L	1	40	6827323644	6827407009	83365	137.72	327.71	15	10	-1	8.48	8.48
Fixation R	1	40	6827323644	6827490383	166739	129.52	334.00	26	20	-1	9.73	9.73
Fixation L	1	41	6827498764	6827732512	233748	261.84	332.33	79	19	-1	9.61	9.61
Fixation R	1	41	6827498764	6827732512	233748	261.84	332.33	79	19	-1	9.92	9.92
Fixation R	1	42	6827824258	6828066252	241994	430.93	312.55	18	12	-1	9.88	9.88
Fixation L	1	42	6828074628	6828274876	200248	543.13	304.03	85	8	-1	9.51	9.51
Fixation R	1	43	6828074628	6828274876	200248	543.13	304.03	85	8	-1	9.94	9.94
Fixation L	1	43	6828283246	6828591993	308747	688.10	305.34	40	8	-1	9.53	9.53
Fixation R	1	44	6828283246	6828591993	308747	688.10	305.34	40	8	-1	9.88	9.88
Fixation L	1	44	6828600247	6828733742	133495	819.44	298.24	47	18	-1	9.44	9.44
Fixation R	1	45	6828600247	6828733742	133495	819.44	298.24	47	18	-1	9.87	9.87
Fixation L	1	45	6828783864	6828900744	116880	116.27	380.50	75	23	-1	9.57	9.57
Fixation R	1	46	6828783864	6828900744	116880	116.27	380.50	75	23	-1	9.84	9.84
Fixation L	1	46	6828908988	6829334607	425619	112.35	395.53	13	72	-1	9.63	9.63
Fixation R	1	47	6828908988	6829334607	425619	112.35	395.53	13	72	-1	9.88	9.88
Fixation R	1	48	6829468103	6829551612	83509	143.94	1.74	42	53	-1	10.05	10.05
Fixation L	1	47	6829476480	6829576611	100131	153.05	9.41	55	43	-1	9.85	9.85
Fixation R	1	49	6829559856	6829910348	350492	191.15	31.68	22	20	-1	10.21	10.21
Fixation L	1	48	6829584977	6829910348	325371	192.19	32.33	14	20	-1	9.74	9.74

