[BeGaze]
Converted from:	C:\Program Files\SMI\Experiment Suite 360\Experiment Center 2\Results\Readability_First_01\P02-eye_data.idf
Date:	02.08.2013 11:27:27
Version:	BeGaze 3.2.28
Sample Rate:	120
Subject:	P02
Description:	Run2

Table Header for Fixations:
Event Type	Trial	Number	Start	End	Duration	Location X	Location Y	Dispersion X	Dispersion Y	Plane	Avg. Pupil Size X	Avg. Pupil Size Y


Fixation L	1	1	5897850015	5898025219	175204	207.62	55.88	17	10	-1	10.68	10.68
Fixation R	1	1	5897850015	5898025219	175204	207.62	55.88	17	10	-1	11.16	11.16
Fixation L	1	2	5898033602	5898217218	183616	115.16	72.12	32	30	-1	10.33	10.33
Fixation R	1	2	5898033602	5898217218	183616	115.16	72.12	32	30	-1	10.70	10.70
Fixation L	1	3	5898233850	5898459092	225242	266.81	48.60	22	46	-1	9.51	9.51
Fixation R	1	3	5898233850	5898459092	225242	266.81	48.60	22	46	-1	9.79	9.79
Fixation L	1	4	5898467466	5898717833	250367	383.21	30.98	91	7	-1	9.44	9.44
Fixation R	1	4	5898467466	5898717833	250367	383.21	30.98	91	7	-1	9.71	9.71
Fixation L	1	5	5898726207	5898893081	166874	343.79	29.60	89	6	-1	9.58	9.58
Fixation R	1	5	5898726207	5898893081	166874	343.79	29.60	89	6	-1	9.86	9.86
Fixation L	1	6	5898901457	5899110082	208625	518.39	38.05	45	30	-1	9.81	9.81
Fixation R	1	6	5898901457	5899110082	208625	518.39	38.05	45	30	-1	9.99	9.99
Fixation L	1	7	5899118328	5899301948	183620	679.20	44.25	75	23	-1	9.82	9.82
Fixation R	1	7	5899118328	5899301948	183620	679.20	44.25	75	23	-1	10.08	10.08
Fixation L	1	8	5899310328	5899418823	108495	682.06	59.20	2	7	-1	9.81	9.81
Fixation R	1	8	5899310328	5899418823	108495	682.06	59.20	2	7	-1	10.04	10.04
Fixation L	1	9	5899427072	5899635708	208636	833.78	51.28	43	9	-1	9.83	9.83
Fixation R	1	9	5899427072	5899635708	208636	833.78	51.28	43	9	-1	9.93	9.93
Fixation L	1	10	5899644071	5899794318	150247	975.26	38.96	83	8	-1	9.83	9.83
Fixation R	1	10	5899644071	5899794318	150247	975.26	38.96	83	8	-1	9.94	9.94
Fixation L	1	11	5899852694	5900136445	283751	136.65	125.31	42	36	-1	9.95	9.95
Fixation R	1	11	5899852694	5900136445	283751	136.65	125.31	42	36	-1	10.44	10.44
Fixation L	1	12	5900144690	5900378308	233618	297.24	119.40	68	29	-1	10.15	10.15
Fixation R	1	12	5900144690	5900378308	233618	297.24	119.40	68	29	-1	10.50	10.50
Fixation L	1	13	5900386693	5900612062	225369	444.59	97.89	21	28	-1	10.28	10.28
Fixation R	1	13	5900386693	5900612062	225369	444.59	97.89	21	28	-1	10.45	10.45
Fixation L	1	14	5900620433	5900745557	125124	566.22	111.49	80	11	-1	10.20	10.20
Fixation R	1	14	5900620433	5900745557	125124	566.22	111.49	80	11	-1	10.08	10.08
Fixation L	1	15	5900753931	5901012553	258622	652.30	96.38	60	28	-1	10.08	10.08
Fixation R	1	15	5900753931	5901012553	258622	652.30	96.38	60	28	-1	10.10	10.10
Fixation L	1	16	5901020928	5901279549	258621	790.81	104.25	62	34	-1	10.02	10.02
Fixation R	1	16	5901020928	5901279549	258621	790.81	104.25	62	34	-1	10.02	10.02
Fixation L	1	17	5901287924	5901454796	166872	699.92	110.87	21	16	-1	10.00	10.00
Fixation R	1	17	5901287924	5901454796	166872	699.92	110.87	21	16	-1	10.15	10.15
Fixation L	1	18	5901496544	5902013913	517369	132.04	176.61	59	24	-1	9.93	9.93
Fixation R	1	18	5901496544	5902013913	517369	132.04	176.61	59	24	-1	10.40	10.40
Fixation L	1	19	5902055660	5902189163	133503	744.68	83.47	37	17	-1	10.23	10.23
Fixation L	1	20	5902197532	5902406152	208620	875.86	90.76	69	11	-1	10.22	10.22
Fixation R	1	19	5902197532	5902406152	208620	875.86	90.76	69	11	-1	10.21	10.21
Fixation L	1	21	5902456152	5902739903	283751	183.51	161.06	64	34	-1	9.95	9.95
Fixation R	1	20	5902456152	5902739903	283751	183.51	161.06	64	34	-1	10.52	10.52
Fixation L	1	22	5902748273	5902940150	191877	219.47	183.36	84	12	-1	9.98	9.98
Fixation R	1	21	5902748273	5902940150	191877	219.47	183.36	84	12	-1	10.37	10.37
Fixation L	1	23	5903023645	5903190522	166877	362.88	154.96	54	6	-1	9.97	9.97
Fixation R	1	22	5903023645	5903190522	166877	362.88	154.96	54	6	-1	10.22	10.22
Fixation L	1	24	5903198891	5903357391	158500	510.36	163.64	15	37	-1	9.95	9.95
Fixation R	1	23	5903198891	5903357391	158500	510.36	163.64	15	37	-1	10.23	10.23
Fixation L	1	25	5903449138	5903574389	125251	553.31	157.39	69	11	-1	9.90	9.90
Fixation R	1	24	5903449138	5903574389	125251	553.31	157.39	69	11	-1	9.80	9.80
Fixation L	1	26	5903582638	5903799633	216995	698.49	153.87	72	8	-1	9.94	9.94
Fixation R	1	25	5903582638	5903799633	216995	698.49	153.87	72	8	-1	10.14	10.14
Fixation L	1	27	5903808006	5904016631	208625	790.94	145.96	23	6	-1	9.73	9.73
Fixation R	1	26	5903808006	5904016631	208625	790.94	145.96	23	6	-1	9.87	9.87
Fixation L	1	28	5904025003	5904325375	300372	870.07	163.00	68	28	-1	9.54	9.54
Fixation R	1	27	5904025003	5904325375	300372	870.07	163.00	68	28	-1	9.70	9.70
Fixation L	1	29	5904375376	5904600747	225371	139.86	219.45	49	50	-1	9.53	9.53
Fixation R	1	28	5904375376	5904600747	225371	139.86	219.45	49	50	-1	10.04	10.04
Fixation L	1	30	5904609119	5904792622	183503	88.22	227.79	62	16	-1	9.76	9.76
Fixation R	1	29	5904609119	5904792622	183503	88.22	227.79	62	16	-1	10.14	10.14
Fixation L	1	31	5904800995	5905059612	258617	255.00	219.42	13	14	-1	9.55	9.55
Fixation R	1	30	5904800995	5905059612	258617	255.00	219.42	13	14	-1	10.13	10.13
Fixation L	1	32	5905067990	5905284985	216995	345.70	209.35	43	8	-1	9.85	9.85
Fixation R	1	31	5905067990	5905284985	216995	345.70	209.35	43	8	-1	10.04	10.04
Fixation L	1	33	5905293366	5905526979	233613	478.88	190.50	38	23	-1	9.72	9.72
Fixation R	1	32	5905293366	5905526979	233613	478.88	190.50	38	23	-1	10.01	10.01
Fixation L	1	34	5905535355	5905743983	208628	603.96	189.21	43	24	-1	9.57	9.57
Fixation R	1	33	5905535355	5905743983	208628	603.96	189.21	43	24	-1	9.94	9.94
Fixation L	1	35	5905752229	5905960850	208621	781.26	205.23	61	4	-1	9.52	9.52
Fixation R	1	34	5905752229	5905960850	208621	781.26	205.23	61	4	-1	9.80	9.80
Fixation L	1	36	5906010974	5906161094	150120	163.43	286.29	57	31	-1	9.45	9.45
Fixation R	1	35	5906010974	5906161094	150120	163.43	286.29	57	31	-1	10.07	10.07
Fixation L	1	37	5906169473	5906328095	158622	105.09	294.04	12	14	-1	9.61	9.61
Fixation R	1	36	5906169473	5906328095	158622	105.09	294.04	12	14	-1	10.12	10.12
Fixation L	1	38	5906344723	5906436467	91744	412.56	284.82	84	15	-1	9.96	9.96
Fixation R	1	37	5906344723	5906436467	91744	412.56	284.82	84	15	-1	10.28	10.28
Fixation L	1	39	5906444854	5906578343	133489	430.91	278.26	9	17	-1	9.92	9.92
Fixation R	1	38	5906444854	5906578343	133489	430.91	278.26	9	17	-1	10.27	10.27
Fixation L	1	40	5906586716	5906736963	150247	559.50	286.83	63	11	-1	9.95	9.95
Fixation R	1	39	5906586716	5906736963	150247	559.50	286.83	63	11	-1	10.28	10.28
Fixation L	1	41	5906745220	5907045714	300494	682.32	275.46	42	12	-1	9.91	9.91
Fixation R	1	40	5906745220	5907045714	300494	682.32	275.46	42	12	-1	10.11	10.11
Fixation L	1	42	5907087331	5907512953	425622	129.60	351.03	34	41	-1	9.94	9.94
Fixation R	1	41	5907087331	5907512953	425622	129.60	351.03	34	41	-1	10.17	10.17
Fixation R	1	42	5907521328	5907654821	133493	199.96	343.54	20	8	-1	10.18	10.18
Fixation L	1	43	5907746577	5907963570	216993	324.39	343.00	60	32	-1	10.28	10.28
Fixation R	1	43	5907746577	5907963570	216993	324.39	343.00	60	32	-1	10.23	10.23
Fixation L	1	44	5907971944	5908263940	291996	456.84	333.99	60	15	-1	10.17	10.17
Fixation R	1	44	5907971944	5908263940	291996	456.84	333.99	60	15	-1	10.60	10.60
Fixation L	1	45	5908272316	5908898185	625869	549.62	334.66	66	31	-1	10.20	10.20
Fixation R	1	45	5908272316	5908898185	625869	549.62	334.66	66	31	-1	10.58	10.58
Fixation L	1	46	5908906555	5909014930	108375	527.37	350.26	1	3	-1	10.21	10.21
Fixation R	1	46	5908906555	5909014930	108375	527.37	350.26	1	3	-1	10.66	10.66
Fixation L	1	47	5909156801	5909357050	200249	495.02	322.92	45	45	-1	10.12	10.12
Fixation R	1	47	5909156801	5909357050	200249	495.02	322.92	45	45	-1	10.78	10.78
Fixation L	1	48	5909365424	5909649173	283749	390.30	328.68	82	16	-1	10.34	10.34
Fixation R	1	48	5909365424	5909649173	283749	390.30	328.68	82	16	-1	10.86	10.86
Fixation L	1	49	5909657545	5909941167	283622	330.65	324.29	15	8	-1	10.26	10.26
Fixation R	1	49	5909657545	5909941167	283622	330.65	324.29	15	8	-1	10.68	10.68
Fixation L	1	50	5910283412	5910483659	200247	228.92	332.73	15	15	-1	10.47	10.47
Fixation R	1	50	5910283412	5910483659	200247	228.92	332.73	15	15	-1	10.75	10.75
Fixation L	1	51	5910491907	5910658906	166999	380.38	337.17	28	6	-1	10.18	10.18
Fixation R	1	51	5910542034	5910658906	116872	381.10	337.04	14	6	-1	10.56	10.56
Fixation L	1	52	5910667154	5911142898	475744	521.91	332.01	47	14	-1	10.10	10.10
Fixation R	1	52	5910667154	5911142898	475744	521.91	332.01	47	14	-1	10.54	10.54
Fixation L	1	53	5911151154	5911359768	208614	635.88	327.24	33	21	-1	10.09	10.09
Fixation R	1	53	5911151154	5911359768	208614	635.88	327.24	33	21	-1	10.35	10.35
Fixation L	1	54	5911368141	5911618515	250374	795.30	324.54	75	12	-1	10.15	10.15
Fixation R	1	54	5911368141	5911618515	250374	795.30	324.54	75	12	-1	10.51	10.51
Fixation L	1	55	5911626765	5911852143	225378	868.92	331.61	19	7	-1	10.07	10.07
Fixation R	1	55	5911626765	5911852143	225378	868.92	331.61	19	7	-1	10.39	10.39
Fixation L	1	56	5911902145	5912060758	158613	180.89	388.33	40	28	-1	10.00	10.00
Fixation R	1	56	5911902145	5912060758	158613	180.89	388.33	40	28	-1	10.48	10.48
Fixation L	1	57	5912069131	5912252637	183506	102.88	397.68	24	14	-1	10.06	10.06
Fixation R	1	57	5912069131	5912252637	183506	102.88	397.68	24	14	-1	10.36	10.36
Fixation L	1	58	5912261004	5912461253	200249	326.64	385.30	66	20	-1	10.24	10.24
Fixation R	1	58	5912261004	5912461253	200249	326.64	385.30	66	20	-1	10.50	10.50
Fixation L	1	59	5912469625	5912678250	208625	448.75	390.42	58	13	-1	10.19	10.19
Fixation R	1	59	5912469625	5912678250	208625	448.75	390.42	58	13	-1	10.49	10.49
Fixation L	1	60	5912686622	5913003624	317002	573.57	389.05	34	12	-1	9.88	9.88
Fixation R	1	60	5912686622	5913003624	317002	573.57	389.05	34	12	-1	10.29	10.29
Fixation L	1	61	5913011991	5913370862	358871	509.11	393.72	79	6	-1	9.75	9.75
Fixation R	1	61	5913011991	5913370862	358871	509.11	393.72	79	6	-1	10.20	10.20
Fixation L	1	62	5913387487	5913596110	208623	694.70	390.64	28	11	-1	9.87	9.87
Fixation R	1	62	5913387487	5913596110	208623	694.70	390.64	28	11	-1	10.29	10.29
Fixation L	1	63	5913604490	5914004986	400496	854.27	396.15	41	18	-1	9.70	9.70
Fixation R	1	63	5913604490	5914004986	400496	854.27	396.15	41	18	-1	10.00	10.00
Fixation L	1	64	5914013352	5914213600	200248	936.34	390.04	20	8	-1	9.61	9.61
Fixation R	1	64	5914013352	5914213600	200248	936.34	390.04	20	8	-1	9.89	9.89
Fixation L	1	65	5914272098	5914497346	225248	101.37	463.43	28	28	-1	9.74	9.74
Fixation R	1	65	5914272098	5914497346	225248	101.37	463.43	28	28	-1	10.13	10.13
Fixation L	1	66	5914505724	5914722593	216869	212.96	458.56	43	13	-1	10.00	10.00
Fixation R	1	66	5914505724	5914722593	216869	212.96	458.56	43	13	-1	10.12	10.12
Fixation L	1	67	5914730970	5914964588	233618	385.84	453.69	75	12	-1	10.04	10.04
Fixation R	1	67	5914730970	5914964588	233618	385.84	453.69	75	12	-1	10.52	10.52
Fixation L	1	68	5914972962	5915106465	133503	577.24	459.78	89	10	-1	10.05	10.05
Fixation R	1	68	5914972962	5915106465	133503	577.24	459.78	89	10	-1	10.38	10.38
Fixation L	1	69	5915114836	5915248334	133498	587.59	461.46	35	8	-1	9.97	9.97
Fixation R	1	69	5915114836	5915248334	133498	587.59	461.46	35	8	-1	10.32	10.32
Fixation L	1	70	5915256714	5915565460	308746	814.78	448.41	78	19	-1	9.72	9.72
Fixation R	1	70	5915256714	5915565460	308746	814.78	448.41	78	19	-1	10.18	10.18
Fixation L	1	71	5915607209	5915732330	125121	157.46	513.56	57	42	-1	9.79	9.79
Fixation R	1	71	5915607209	5915732330	125121	157.46	513.56	57	42	-1	10.25	10.25
Fixation L	1	72	5915740702	5915940948	200246	116.46	528.24	60	6	-1	9.92	9.92
Fixation R	1	72	5915740702	5915940948	200246	116.46	528.24	60	6	-1	10.13	10.13
Fixation L	1	73	5915949323	5916132821	183498	220.94	518.41	20	6	-1	10.13	10.13
Fixation R	1	73	5915949323	5916132821	183498	220.94	518.41	20	6	-1	10.21	10.21
Fixation L	1	74	5916141196	5916483318	342122	336.77	510.73	85	11	-1	10.08	10.08
Fixation R	1	74	5916141196	5916483318	342122	336.77	510.73	85	11	-1	10.56	10.56
Fixation L	1	75	5916491690	5916775433	283743	550.66	506.97	81	7	-1	10.16	10.16
Fixation R	1	75	5916491690	5916775433	283743	550.66	506.97	81	7	-1	10.56	10.56
Fixation L	1	76	5916783688	5917301052	517364	744.61	507.62	45	12	-1	9.93	9.93
Fixation R	1	76	5916783688	5917301052	517364	744.61	507.62	45	12	-1	10.34	10.34
Fixation L	1	77	5917309433	5917684926	375493	883.66	512.33	54	9	-1	9.86	9.86
Fixation R	1	77	5917309433	5917684926	375493	883.66	512.33	54	9	-1	10.07	10.07
Fixation L	1	78	5917735050	5917977041	241991	146.77	573.04	50	42	-1	9.90	9.90
Fixation R	1	78	5917735050	5917977041	241991	146.77	573.04	50	42	-1	10.20	10.20
Fixation L	1	79	5917985296	5918077166	91870	116.30	589.29	12	8	-1	10.01	10.01
Fixation R	1	79	5917985296	5918077166	91870	116.30	589.29	12	8	-1	10.23	10.23
Fixation L	1	80	5918085549	5918410916	325367	294.95	577.81	65	18	-1	10.19	10.19
Fixation R	1	80	5918085549	5918410916	325367	294.95	577.81	65	18	-1	10.37	10.37
Fixation L	1	81	5918419288	5918636287	216999	424.39	570.38	78	9	-1	10.22	10.22
Fixation R	1	81	5918419288	5918636287	216999	424.39	570.38	78	9	-1	10.72	10.72
Fixation L	1	82	5918828159	5918953279	125120	535.64	532.29	16	76	-1	9.93	9.93
Fixation R	1	82	5918828159	5918953279	125120	535.64	532.29	16	76	-1	9.99	9.99
Fixation L	1	83	5918961655	5919220398	258743	513.62	542.47	26	24	-1	9.93	9.93
Fixation R	1	83	5918961655	5919220398	258743	513.62	542.47	26	24	-1	10.33	10.33
Fixation L	1	84	5919228653	5919487395	258742	621.62	547.61	39	19	-1	9.94	9.94
Fixation R	1	84	5919228653	5919487395	258742	621.62	547.61	39	19	-1	10.26	10.26
Fixation L	1	85	5919495774	5919796138	300364	741.84	557.41	94	4	-1	9.96	9.96
Fixation R	1	85	5919495774	5919796138	300364	741.84	557.41	94	4	-1	10.37	10.37
Fixation L	1	86	5919804514	5919904642	100128	833.30	553.05	8	4	-1	9.55	9.55
Fixation R	1	86	5919804514	5919904642	100128	833.30	553.05	8	4	-1	10.52	10.52
Fixation L	1	87	5919912889	5920129888	216999	926.50	547.89	35	5	-1	9.56	9.56
Fixation R	1	87	5919912889	5920129888	216999	926.50	547.89	35	5	-1	10.22	10.22
Fixation L	1	88	5920196631	5920380261	183630	131.31	610.26	60	35	-1	9.75	9.75
Fixation R	1	88	5920196631	5920380261	183630	131.31	610.26	60	35	-1	9.98	9.98
Fixation L	1	89	5920388630	5920513756	125126	70.44	629.45	16	9	-1	9.80	9.80
Fixation R	1	89	5920388630	5920513756	125126	70.44	629.45	16	9	-1	9.94	9.94
Fixation L	1	90	5920530384	5920730755	200371	267.33	613.41	30	12	-1	10.07	10.07
Fixation R	1	90	5920530384	5920730755	200371	267.33	613.41	30	12	-1	9.98	9.98
Fixation L	1	91	5920747376	5920914248	166872	447.40	609.24	26	14	-1	10.20	10.20
Fixation R	1	91	5920747376	5920914248	166872	447.40	609.24	26	14	-1	10.78	10.78
Fixation L	1	92	5920922622	5921131250	208628	570.96	610.16	18	14	-1	10.20	10.20
Fixation R	1	92	5920922622	5921131250	208628	570.96	610.16	18	14	-1	10.59	10.59
Fixation L	1	93	5921139622	5921473363	333741	708.35	614.08	31	13	-1	10.15	10.15
Fixation R	1	93	5921139622	5921473363	333741	708.35	614.08	31	13	-1	10.55	10.55
Fixation L	1	94	5921481741	5921990733	508992	812.97	622.31	72	12	-1	9.98	9.98
Fixation R	1	94	5921481741	5921990733	508992	812.97	622.31	72	12	-1	10.53	10.53
Fixation L	1	95	5922040858	5922182611	141753	123.98	690.61	59	38	-1	9.84	9.84
Fixation R	1	95	5922040858	5922182611	141753	123.98	690.61	59	38	-1	9.95	9.95
Fixation L	1	96	5922190981	5922432981	242000	91.51	693.06	44	11	-1	9.88	9.88
Fixation R	1	96	5922190981	5922432981	242000	91.51	693.06	44	11	-1	10.09	10.09
Fixation L	1	97	5922441356	5922716723	275367	248.44	674.54	59	23	-1	10.03	10.03
Fixation R	1	97	5922441356	5922716723	275367	248.44	674.54	59	23	-1	9.98	9.98
Fixation L	1	98	5922725096	5922900215	175119	345.74	674.72	34	5	-1	10.14	10.14
Fixation R	1	98	5922725096	5922900215	175119	345.74	674.72	34	5	-1	10.47	10.47
Fixation L	1	99	5922908595	5923142215	233620	499.26	679.56	78	9	-1	10.29	10.29
Fixation R	1	99	5922908595	5923142215	233620	499.26	679.56	78	9	-1	11.22	11.22
Fixation L	1	100	5923150589	5923434340	283751	717.83	679.35	63	11	-1	10.39	10.39
Fixation R	1	100	5923150589	5923434340	283751	717.83	679.35	63	11	-1	10.69	10.69
Fixation L	1	101	5923442716	5923626207	183491	822.62	679.51	45	7	-1	9.98	9.98
Fixation R	1	101	5923442716	5923626207	183491	822.62	679.51	45	7	-1	10.66	10.66
Fixation L	1	102	5923634590	5923926576	291986	709.35	679.74	13	14	-1	10.28	10.28
Fixation R	1	102	5923634590	5923926576	291986	709.35	679.74	13	14	-1	10.81	10.81
Fixation L	1	103	5923951702	5924168700	216998	308.66	601.96	74	13	-1	10.16	10.16
Fixation R	1	103	5923951702	5924168700	216998	308.66	601.96	74	13	-1	10.64	10.64
Fixation L	1	104	5924176947	5924318821	141874	267.07	627.59	11	17	-1	10.29	10.29
Fixation R	1	104	5924176947	5924318821	141874	267.07	627.59	11	17	-1	10.43	10.43
Fixation L	1	105	5924352200	5924644319	292119	745.34	663.18	66	30	-1	10.59	10.59
Fixation R	1	105	5924352200	5924644319	292119	745.34	663.18	66	30	-1	10.83	10.83
Fixation L	1	106	5924660943	5924978060	317117	834.78	695.56	19	17	-1	10.48	10.48
Fixation R	1	106	5924660943	5924978060	317117	834.78	695.56	19	17	-1	10.78	10.78

