[BeGaze]
Converted from:	C:\Program Files\SMI\Experiment Suite 360\Experiment Center 2\Results\Readability_First_01\P02-eye_data.idf
Date:	02.08.2013 11:27:25
Version:	BeGaze 3.2.28
Sample Rate:	120
Subject:	P02
Description:	Run2

Table Header for Fixations:
Event Type	Trial	Number	Start	End	Duration	Location X	Location Y	Dispersion X	Dispersion Y	Plane	Avg. Pupil Size X	Avg. Pupil Size Y


Fixation L	1	1	4660322966	4660640089	317123	125.79	75.57	47	34	-1	9.97	9.97
Fixation R	1	1	4660322966	4660640089	317123	125.79	75.57	47	34	-1	10.49	10.49
Fixation L	1	2	4660648459	4660957208	308749	209.46	71.82	19	17	-1	9.86	9.86
Fixation R	1	2	4660648459	4660957208	308749	209.46	71.82	19	17	-1	10.40	10.40
Fixation L	1	3	4660965618	4661190825	225207	312.45	57.52	24	11	-1	10.04	10.04
Fixation R	1	3	4660965618	4661190825	225207	312.45	57.52	24	11	-1	10.45	10.45
Fixation L	1	4	4661199205	4661432828	233623	446.98	48.26	78	9	-1	10.05	10.05
Fixation R	1	4	4661199205	4661432828	233623	446.98	48.26	78	9	-1	10.57	10.57
Fixation L	1	5	4661524698	4661916816	392118	487.19	51.74	32	39	-1	10.36	10.36
Fixation R	1	5	4661524698	4661916816	392118	487.19	51.74	32	39	-1	10.88	10.88
Fixation L	1	6	4661925230	4662175565	250335	635.08	56.42	90	6	-1	10.30	10.30
Fixation R	1	6	4661925230	4662175565	250335	635.08	56.42	90	6	-1	10.77	10.77
Fixation L	1	7	4662183942	4662450934	266992	783.35	50.25	25	10	-1	10.19	10.19
Fixation R	1	7	4662183942	4662450934	266992	783.35	50.25	25	10	-1	10.61	10.61
Fixation L	1	8	4662500932	4662734558	233626	135.90	122.68	42	41	-1	10.00	10.00
Fixation R	1	8	4662500932	4662734558	233626	135.90	122.68	42	41	-1	10.78	10.78
Fixation L	1	9	4662742933	4662984928	241995	277.52	112.72	75	13	-1	10.20	10.20
Fixation R	1	9	4662742933	4662984928	241995	277.52	112.72	75	13	-1	10.82	10.82
Fixation L	1	10	4662993300	4663185176	191876	413.31	109.30	42	12	-1	10.33	10.33
Fixation R	1	10	4662993300	4663185176	191876	413.31	109.30	42	12	-1	10.72	10.72
Fixation L	1	11	4663193547	4663427167	233620	559.21	109.72	63	14	-1	10.44	10.44
Fixation R	1	11	4663193547	4663427167	233620	559.21	109.72	63	14	-1	10.92	10.92
Fixation L	1	12	4663460543	4663669170	208627	697.18	110.39	36	10	-1	10.52	10.52
Fixation R	1	12	4663460543	4663669170	208627	697.18	110.39	36	10	-1	10.88	10.88
Fixation L	1	13	4663677539	4663827790	150251	823.27	109.79	25	7	-1	10.40	10.40
Fixation R	1	13	4663677539	4663827790	150251	823.27	109.79	25	7	-1	10.78	10.78
Fixation L	1	14	4663877791	4664036409	158618	160.75	179.47	51	26	-1	10.08	10.08
Fixation R	1	14	4663877791	4664036409	158618	160.75	179.47	51	26	-1	10.95	10.95
Fixation L	1	15	4664044665	4664194911	150246	108.57	174.03	19	14	-1	10.11	10.11
Fixation R	1	15	4664044665	4664194911	150246	108.57	174.03	19	14	-1	10.78	10.78
Fixation L	1	16	4664203281	4664286654	83373	238.12	176.97	80	17	-1	10.26	10.26
Fixation R	1	16	4664203281	4664286654	83373	238.12	176.97	80	17	-1	10.86	10.86
Fixation L	1	17	4664295033	4664428527	133494	238.24	161.85	5	5	-1	10.19	10.19
Fixation R	1	17	4664295033	4664428527	133494	238.24	161.85	5	5	-1	10.75	10.75
Fixation L	1	18	4664445282	4664712274	266992	419.10	154.25	32	12	-1	10.35	10.35
Fixation R	1	18	4664445282	4664712274	266992	419.10	154.25	32	12	-1	10.63	10.63
Fixation L	1	19	4664720655	4664954270	233615	561.23	162.49	90	8	-1	10.22	10.22
Fixation R	1	19	4664720655	4664954270	233615	561.23	162.49	90	8	-1	10.68	10.68
Fixation L	1	20	4664962649	4665079395	116746	645.05	155.82	30	5	-1	10.20	10.20
Fixation R	1	20	4664962649	4665079395	116746	645.05	155.82	30	5	-1	10.69	10.69
Fixation L	1	21	4665087768	4665279639	191871	778.53	150.97	56	18	-1	10.25	10.25
Fixation R	1	21	4665087768	4665279639	191871	778.53	150.97	56	18	-1	10.68	10.68
Fixation L	1	22	4665321395	4665471644	150249	192.84	213.21	33	25	-1	10.19	10.19
Fixation R	1	22	4665321395	4665471644	150249	192.84	213.21	33	25	-1	11.02	11.02
Fixation L	1	23	4665479887	4665646888	167001	99.40	228.72	11	23	-1	10.15	10.15
Fixation R	1	23	4665479887	4665646888	167001	99.40	228.72	11	23	-1	10.95	10.95
Fixation L	1	24	4665655258	4665880505	225247	287.70	225.49	51	13	-1	10.55	10.55
Fixation R	1	24	4665655258	4665880505	225247	287.70	225.49	51	13	-1	10.97	10.97
Fixation L	1	25	4665888886	4666222633	333747	415.48	225.26	78	10	-1	10.52	10.52
Fixation R	1	25	4665888886	4666222633	333747	415.48	225.26	78	10	-1	10.99	10.99
Fixation L	1	26	4666231004	4666473003	241999	609.28	222.81	67	8	-1	9.92	9.92
Fixation R	1	26	4666231004	4666481375	250371	610.59	222.72	67	8	-1	10.81	10.81
Fixation R	1	27	4666898487	4667031991	133504	849.65	217.88	26	18	-1	10.82	10.82
Fixation R	1	28	4667073740	4667273983	200243	165.38	304.18	36	27	-1	11.18	11.18
Fixation L	1	27	4667299117	4667407614	108497	405.55	309.94	89	10	-1	11.12	11.12
Fixation L	1	28	4667415859	4667532733	116874	429.87	320.25	88	9	-1	10.98	10.98
Fixation L	1	29	4667541105	4667674602	133497	530.72	318.49	18	19	-1	10.84	10.84
Fixation L	1	30	4667707979	4667933222	225243	695.64	317.58	67	20	-1	10.68	10.68
Fixation L	1	31	4667991727	4668075099	83372	927.28	316.17	84	13	-1	10.66	10.66
Fixation L	1	32	4668108477	4668475592	367115	882.77	311.13	84	14	-1	10.66	10.66
Fixation L	1	33	4668525714	4668742718	217004	1057.94	308.99	73	19	-1	10.65	10.65
Fixation L	1	34	4668750962	4668851210	100248	1094.29	301.44	48	7	-1	10.66	10.66
Fixation L	1	35	4668909589	4669068090	158501	380.50	363.69	51	43	-1	10.95	10.95
Fixation L	1	36	4669310087	4669393585	83498	432.49	372.56	15	11	-1	10.89	10.89
Fixation L	1	37	4669401956	4669560449	158493	532.88	385.69	15	13	-1	10.98	10.98
Fixation L	1	38	4669577076	4669677322	100246	618.29	393.28	11	7	-1	11.17	11.17
Fixation L	1	39	4669785696	4670011069	225373	800.20	380.29	35	11	-1	10.80	10.80
Fixation L	1	40	4670111194	4670219696	108502	961.03	380.38	20	7	-1	10.64	10.64
Fixation L	1	41	4670511689	4670678558	166869	384.28	411.05	77	22	-1	10.87	10.87
Fixation L	1	42	4670686933	4670878931	191998	331.17	416.33	12	8	-1	10.84	10.84
Fixation L	1	43	4670912311	4671204305	291994	435.96	437.85	70	25	-1	10.86	10.86
Fixation L	1	44	4671379549	4671579797	200248	679.88	438.08	19	7	-1	10.82	10.82
Fixation L	1	45	4671588173	4671679921	91748	798.12	445.23	18	6	-1	10.76	10.76
Fixation L	1	46	4671713297	4672080538	367241	781.07	440.09	40	8	-1	10.69	10.69
Fixation L	1	47	4672113914	4672214037	100123	760.38	436.14	29	9	-1	10.66	10.66
Fixation L	1	48	4672222419	4672472660	250241	908.17	445.44	67	13	-1	10.63	10.63
Fixation L	1	49	4672514409	4672639528	125119	790.48	453.11	23	21	-1	10.76	10.76
Fixation L	1	50	4672647906	4672798156	150250	941.05	451.15	76	23	-1	10.67	10.67
Fixation L	1	51	4672914904	4673065147	150243	1106.87	442.38	10	8	-1	10.81	10.81
Fixation L	1	52	4673123525	4673282148	158623	366.66	475.80	48	20	-1	10.81	10.81
Fixation L	1	53	4673315519	4673540765	225246	324.25	481.78	62	7	-1	10.62	10.62
Fixation L	1	54	4673549146	4673682637	133491	452.08	478.06	33	12	-1	10.75	10.75
Fixation L	1	55	4673791138	4673991380	200242	563.09	505.77	66	23	-1	10.95	10.95
Fixation L	1	56	4673999761	4674083132	83371	676.13	511.91	15	3	-1	10.85	10.85
Fixation L	1	57	4674116509	4674366876	250367	718.01	515.43	86	12	-1	10.77	10.77
Fixation L	1	58	4674375254	4674483748	108494	764.07	528.12	53	6	-1	10.67	10.67
Fixation L	1	59	4674517132	4674600502	83370	812.93	517.74	23	5	-1	10.64	10.64
Fixation L	1	60	4674608876	4674784125	175249	973.47	511.50	39	8	-1	10.50	10.50
Fixation L	1	61	4675126247	4675284737	158490	448.12	536.31	60	33	-1	10.66	10.66
Fixation L	1	62	4675318118	4675635235	317117	342.24	538.02	17	20	-1	10.60	10.60
Fixation L	1	63	4675718735	4675868851	150116	547.11	546.16	65	12	-1	10.87	10.87
Fixation L	1	64	4675877233	4675977357	100124	648.89	564.12	19	16	-1	11.07	11.07
Fixation L	1	65	4675985727	4676085851	100124	797.73	580.29	24	11	-1	10.99	10.99
Fixation L	1	66	4676119234	4676227731	108497	799.61	589.18	11	4	-1	11.00	11.00
Fixation L	1	67	4676236103	4676452972	216869	968.62	572.10	56	19	-1	10.96	10.96
Fixation L	1	68	4676519724	4676611593	91869	1074.28	567.47	15	11	-1	10.99	10.99
Fixation L	1	69	4676644969	4676836844	191875	451.95	598.42	47	27	-1	10.76	10.76
Fixation L	1	70	4676920342	4677012089	91747	345.04	611.42	4	5	-1	10.77	10.77
Fixation L	1	71	4677037090	4677287460	250370	723.86	644.97	45	35	-1	11.14	11.14
Fixation L	1	72	4677320836	4677437709	116873	719.89	648.42	29	9	-1	11.20	11.20
Fixation L	1	73	4677446083	4677688077	241994	910.67	643.91	38	15	-1	10.99	10.99
Fixation L	1	74	4677871572	4677955093	83521	515.08	79.65	42	16	-1	10.81	10.81

