[BeGaze]
Converted from:	C:\Program Files\SMI\Experiment Suite 360\Experiment Center 2\Results\Readability_First_01\P02-eye_data.idf
Date:	02.08.2013 11:27:29
Version:	BeGaze 3.2.28
Sample Rate:	120
Subject:	P02
Description:	Run2

Table Header for Fixations:
Event Type	Trial	Number	Start	End	Duration	Location X	Location Y	Dispersion X	Dispersion Y	Plane	Avg. Pupil Size X	Avg. Pupil Size Y


Fixation L	1	1	7036838129	7037088461	250332	128.26	52.87	87	12	-1	9.53	9.53
Fixation R	1	1	7036838129	7037088461	250332	128.26	52.87	87	12	-1	9.95	9.95
Fixation L	1	2	7037096706	7037438830	342124	102.72	39.82	48	27	-1	9.43	9.43
Fixation R	1	2	7037096706	7037438830	342124	102.72	39.82	48	27	-1	9.76	9.76
Fixation L	1	3	7037447202	7037689201	241999	273.70	46.36	13	27	-1	9.54	9.54
Fixation R	1	3	7037447202	7037689201	241999	273.70	46.36	13	27	-1	9.80	9.80
Fixation L	1	4	7037697572	7037856071	158499	419.36	29.38	37	10	-1	9.85	9.85
Fixation R	1	4	7037697572	7037856071	158499	419.36	29.38	37	10	-1	10.06	10.06
Fixation L	1	5	7037989572	7038106443	116871	560.97	27.47	78	11	-1	9.67	9.67
Fixation R	1	5	7037989572	7038106443	116871	560.97	27.47	78	11	-1	10.10	10.10
Fixation L	1	6	7038139824	7038548685	408861	183.66	20.33	63	15	-1	9.82	9.82
Fixation R	1	6	7038139824	7038548685	408861	183.66	20.33	63	15	-1	10.22	10.22
Fixation L	1	7	7038565437	7038690562	125125	480.07	13.09	93	5	-1	9.87	9.87
Fixation R	1	7	7038565437	7038690562	125125	480.07	13.09	93	5	-1	10.03	10.03
Fixation L	1	8	7038698933	7038790687	91754	494.62	7.84	73	12	-1	9.84	9.84
Fixation R	1	8	7038698933	7038790687	91754	494.62	7.84	73	12	-1	9.99	9.99
Fixation L	1	9	7038799056	7038990933	191877	596.88	23.13	21	9	-1	9.84	9.84
Fixation R	1	9	7038799056	7038990933	191877	596.88	23.13	21	9	-1	9.95	9.95
Fixation L	1	10	7038999302	7039199549	200247	741.59	18.69	75	10	-1	9.66	9.66
Fixation R	1	10	7038999302	7039199549	200247	741.59	18.69	75	10	-1	9.90	9.90
Fixation L	1	11	7039207922	7039324799	116877	822.09	24.63	23	9	-1	9.64	9.64
Fixation R	1	11	7039207922	7039324799	116877	822.09	24.63	23	9	-1	9.85	9.85
Fixation L	1	12	7039383171	7039650167	266996	104.70	104.12	28	24	-1	9.56	9.56
Fixation R	1	12	7039383171	7039650167	266996	104.70	104.12	28	24	-1	10.03	10.03
Fixation L	1	13	7039658542	7039917173	258631	225.72	86.81	40	43	-1	9.70	9.70
Fixation R	1	13	7039658542	7039917173	258631	225.72	86.81	40	43	-1	9.97	9.97
Fixation L	1	14	7039925539	7040050661	125122	381.30	71.52	72	26	-1	9.64	9.64
Fixation R	1	14	7039925539	7040050661	125122	381.30	71.52	72	26	-1	9.80	9.80
Fixation L	1	15	7040059041	7040342786	283745	357.23	94.86	66	33	-1	9.64	9.64
Fixation R	1	15	7040125789	7040392910	267121	347.77	89.80	46	35	-1	9.88	9.88
Fixation L	1	16	7040392910	7040559782	166872	441.79	71.28	88	10	-1	9.74	9.74
Fixation R	1	16	7040401157	7040643155	241998	447.78	74.56	22	21	-1	9.94	9.94
Fixation L	1	17	7040651529	7040760024	108495	553.22	92.49	77	7	-1	9.83	9.83
Fixation R	1	17	7040651529	7040760024	108495	553.22	92.49	77	7	-1	9.94	9.94
Fixation L	1	18	7040768405	7041060399	291994	654.31	75.74	51	26	-1	9.69	9.69
Fixation R	1	18	7040768405	7041060399	291994	654.31	75.74	51	26	-1	9.87	9.87
Fixation L	1	19	7041068777	7041360767	291990	779.47	70.53	26	20	-1	9.71	9.71
Fixation R	1	19	7041068777	7041360767	291990	779.47	70.53	26	20	-1	9.87	9.87
Fixation L	1	20	7041410891	7041577763	166872	143.58	126.95	59	32	-1	9.51	9.51
Fixation R	1	20	7041410891	7041577763	166872	143.58	126.95	59	32	-1	10.04	10.04
Fixation L	1	21	7041586136	7041769641	183505	85.19	151.23	26	12	-1	9.67	9.67
Fixation R	1	21	7041586136	7041769641	183505	85.19	151.23	26	12	-1	10.01	10.01
Fixation L	1	22	7041861511	7042070134	208623	150.03	136.04	56	38	-1	9.53	9.53
Fixation R	1	22	7041861511	7042070134	208623	150.03	136.04	56	38	-1	9.92	9.92
Fixation L	1	23	7042078381	7042278752	200371	176.63	127.00	57	11	-1	9.79	9.79
Fixation R	1	23	7042078381	7042278752	200371	176.63	127.00	57	11	-1	10.12	10.12
Fixation L	1	24	7042287002	7042529000	241998	320.22	157.89	49	27	-1	9.77	9.77
Fixation R	1	24	7042287002	7042529000	241998	320.22	157.89	49	27	-1	10.06	10.06
Fixation L	1	25	7042537377	7042754371	216994	448.25	143.21	82	12	-1	9.73	9.73
Fixation R	1	25	7042537377	7042754371	216994	448.25	143.21	82	12	-1	9.95	9.95
Fixation L	1	26	7042762745	7042979620	216875	600.37	139.85	55	23	-1	9.66	9.66
Fixation R	1	26	7042762745	7042979620	216875	600.37	139.85	55	23	-1	9.89	9.89
Fixation L	1	27	7042996372	7043363485	367113	765.54	140.47	23	34	-1	9.59	9.59
Fixation R	1	27	7042996372	7043363485	367113	765.54	140.47	23	34	-1	9.81	9.81
Fixation L	1	28	7043371864	7043605482	233618	628.06	142.32	27	23	-1	9.46	9.46
Fixation R	1	28	7043605482	7043688982	83500	556.91	141.69	81	18	-1	9.76	9.76
Fixation L	1	29	7043613858	7043755732	141874	550.77	150.23	22	42	-1	9.40	9.40
Fixation L	1	30	7043847485	7044081099	233614	511.17	149.78	63	30	-1	9.35	9.35
Fixation R	1	29	7043847485	7044081099	233614	511.17	149.78	63	30	-1	9.76	9.76
Fixation L	1	31	7044089478	7044256351	166873	570.00	146.38	44	12	-1	9.71	9.71
Fixation R	1	30	7044089478	7044256351	166873	570.00	146.38	44	12	-1	10.03	10.03
Fixation L	1	32	7044264725	7044348101	83376	709.54	139.83	66	8	-1	9.56	9.56
Fixation R	1	31	7044264725	7044348101	83376	709.54	139.83	66	8	-1	9.83	9.83
Fixation L	1	33	7044356474	7044556721	200247	970.12	130.75	57	19	-1	9.48	9.48
Fixation R	1	32	7044356474	7044556721	200247	970.12	130.75	57	19	-1	9.47	9.47
Fixation L	1	34	7044615220	7044882217	266997	104.28	217.06	75	19	-1	9.43	9.43
Fixation R	1	33	7044615220	7044882217	266997	104.28	217.06	75	19	-1	9.80	9.80
Fixation L	1	35	7044890590	7045115837	225247	241.78	205.87	44	14	-1	9.58	9.58
Fixation R	1	34	7044890590	7045115837	225247	241.78	205.87	44	14	-1	9.76	9.76
Fixation L	1	36	7045124215	7045374586	250371	405.63	208.48	44	10	-1	9.53	9.53
Fixation R	1	35	7045124215	7045374586	250371	405.63	208.48	44	10	-1	9.67	9.67
Fixation L	1	37	7045382834	7045691576	308742	535.57	184.82	19	21	-1	9.56	9.56
Fixation R	1	36	7045382834	7045691576	308742	535.57	184.82	19	21	-1	9.70	9.70
Fixation L	1	38	7045708327	7045941947	233620	714.64	178.70	72	10	-1	9.49	9.49
Fixation R	1	37	7045708327	7045941947	233620	714.64	178.70	72	10	-1	9.81	9.81
Fixation L	1	39	7045950327	7046092193	141866	811.47	174.45	34	11	-1	9.55	9.55
Fixation R	1	38	7045950327	7046092193	141866	811.47	174.45	34	11	-1	9.90	9.90
Fixation L	1	40	7046142196	7046567818	425622	127.07	265.86	61	29	-1	9.43	9.43
Fixation R	1	39	7046142196	7046567818	425622	127.07	265.86	61	29	-1	9.76	9.76
Fixation L	1	41	7046576067	7046784810	208743	299.13	260.11	48	10	-1	9.65	9.65
Fixation R	1	40	7046576067	7046784810	208743	299.13	260.11	48	10	-1	9.97	9.97
Fixation L	1	42	7046793062	7047035060	241998	481.20	254.82	73	13	-1	9.80	9.80
Fixation R	1	41	7046793062	7047035060	241998	481.20	254.82	73	13	-1	9.82	9.82
Fixation L	1	43	7047051813	7047293803	241990	676.53	245.45	67	17	-1	9.76	9.76
Fixation R	1	42	7047051813	7047293803	241990	676.53	245.45	67	17	-1	9.86	9.86
Fixation L	1	44	7047302184	7047711046	408862	792.42	266.46	21	26	-1	9.57	9.57
Fixation R	1	43	7047302184	7047711046	408862	792.42	266.46	21	26	-1	9.89	9.89
Fixation L	1	45	7047761047	7047927927	166880	131.08	332.43	41	12	-1	9.40	9.40
Fixation R	1	44	7047761047	7047927927	166880	131.08	332.43	41	12	-1	9.69	9.69
Fixation R	1	45	7048019663	7048111540	91877	39.47	407.02	41	58	-1	9.66	9.66
Fixation L	1	46	7048028044	7048111540	83496	41.10	408.16	41	58	-1	9.60	9.60
Fixation L	1	47	7048453666	7048895906	442240	175.84	327.83	50	24	-1	9.89	9.89
Fixation R	1	46	7048453666	7048895906	442240	175.84	327.83	50	24	-1	9.85	9.85
Fixation L	1	48	7048904283	7049154656	250373	320.08	320.50	73	9	-1	9.67	9.67
Fixation R	1	47	7048904283	7049154656	250373	320.08	320.50	73	9	-1	9.88	9.88
Fixation L	1	49	7049162903	7049538393	375490	474.22	323.48	28	11	-1	9.75	9.75
Fixation L	1	50	7049830517	7050289510	458993	362.92	317.39	53	25	-1	9.65	9.65
Fixation R	1	48	7049830517	7050289510	458993	362.92	317.39	53	25	-1	10.05	10.05
Fixation L	1	51	7050297759	7050473010	175251	452.58	320.24	32	18	-1	9.83	9.83
Fixation R	1	49	7050297759	7050473010	175251	452.58	320.24	32	18	-1	10.01	10.01
Fixation L	1	52	7050481384	7050673257	191873	631.58	320.00	56	15	-1	9.89	9.89
Fixation R	1	50	7050481384	7050673257	191873	631.58	320.00	56	15	-1	10.09	10.09
Fixation L	1	53	7050690004	7050990375	300371	800.82	317.11	36	23	-1	9.61	9.61
Fixation R	1	51	7050690004	7050990375	300371	800.82	317.11	36	23	-1	9.82	9.82
Fixation L	1	54	7050998749	7051524489	525740	890.39	319.48	27	32	-1	9.48	9.48
Fixation R	1	52	7050998749	7051524489	525740	890.39	319.48	27	32	-1	9.67	9.67
Fixation L	1	55	7051582865	7051799861	216996	124.28	376.42	46	51	-1	9.43	9.43
Fixation R	1	53	7051582865	7051799861	216996	124.28	376.42	46	51	-1	9.60	9.60
Fixation L	1	56	7051841487	7051924985	83498	271.17	370.62	92	5	-1	9.80	9.80
Fixation R	1	54	7051841487	7051924985	83498	271.17	370.62	92	5	-1	9.98	9.98
Fixation L	1	57	7051933360	7052016734	83374	300.73	371.07	11	10	-1	9.93	9.93
Fixation R	1	55	7051933360	7052016734	83374	300.73	371.07	11	10	-1	9.99	9.99
Fixation L	1	58	7052191978	7052300475	108497	201.81	391.49	73	25	-1	11.34	11.34
Fixation R	1	56	7052191978	7052300475	108497	201.81	391.49	73	25	-1	9.81	9.81
Fixation L	1	59	7052308856	7052400601	91745	249.23	384.67	47	22	-1	9.59	9.59
Fixation R	1	57	7052308856	7052400601	91745	249.23	384.67	47	22	-1	9.82	9.82
Fixation L	1	60	7052408980	7052592596	183616	326.80	362.73	53	18	-1	10.03	10.03
Fixation R	1	58	7052408980	7052592596	183616	326.80	362.73	53	18	-1	9.61	9.61
Fixation L	1	61	7052600846	7052909598	308752	433.06	362.67	71	13	-1	9.40	9.40
Fixation R	1	59	7052600846	7052909598	308752	433.06	362.67	71	13	-1	9.78	9.78
Fixation L	1	62	7052917966	7053109969	192003	473.09	348.78	87	12	-1	9.59	9.59
Fixation R	1	60	7052917966	7053109969	192003	473.09	348.78	87	12	-1	9.41	9.41
Fixation L	1	63	7053201713	7053343587	141874	506.71	339.77	61	7	-1	11.39	11.39
Fixation R	1	61	7053201713	7053343587	141874	506.71	339.77	61	7	-1	9.33	9.33
Fixation L	1	64	7053527083	7053677330	150247	508.15	333.09	68	24	-1	10.16	10.16
Fixation R	1	62	7053527083	7053677330	150247	508.15	333.09	68	24	-1	8.94	8.94
Fixation L	1	65	7053785836	7053936082	150246	730.09	385.27	61	10	-1	10.16	10.16
Fixation R	1	63	7053785836	7053936082	150246	730.09	385.27	61	10	-1	10.74	10.74
Fixation L	1	66	7053944326	7054203073	258747	875.96	375.90	45	15	-1	9.72	9.72
Fixation R	1	64	7053944326	7054203073	258747	875.96	375.90	45	15	-1	10.09	10.09
Fixation L	1	67	7054253071	7054445069	191998	604.36	422.09	34	32	-1	9.63	9.63
Fixation R	1	65	7054253071	7054445069	191998	604.36	422.09	34	32	-1	10.54	10.54
Fixation L	1	68	7054453322	7054595194	141872	384.95	417.75	65	9	-1	9.46	9.46
Fixation R	1	66	7054453322	7054595194	141872	384.95	417.75	65	9	-1	9.99	9.99
Fixation L	1	69	7054620316	7054912319	292003	97.24	458.66	41	38	-1	9.31	9.31
Fixation R	1	67	7054620316	7054912319	292003	97.24	458.66	41	38	-1	9.57	9.57
Fixation L	1	70	7054920686	7055112563	191877	269.19	414.51	80	17	-1	9.06	9.06
Fixation R	1	68	7054920686	7055112563	191877	269.19	414.51	80	17	-1	9.51	9.51
Fixation L	1	71	7055120932	7055287811	166879	334.33	419.85	23	10	-1	9.17	9.17
Fixation R	1	69	7055120932	7055287811	166879	334.33	419.85	23	10	-1	9.55	9.55
Fixation L	1	72	7055296184	7055563186	267002	500.76	417.45	62	16	-1	9.70	9.70
Fixation R	1	70	7055296184	7055563186	267002	500.76	417.45	62	16	-1	10.02	10.02
Fixation L	1	73	7055579927	7055805175	225248	765.27	427.02	63	8	-1	9.67	9.67
Fixation R	1	71	7055579927	7055805175	225248	765.27	427.02	63	8	-1	9.82	9.82
Fixation L	1	74	7055813554	7055988802	175248	891.30	428.69	50	9	-1	9.40	9.40
Fixation R	1	72	7055813554	7055988802	175248	891.30	428.69	50	9	-1	9.78	9.78
Fixation L	1	75	7055997170	7056122293	125123	991.30	430.34	29	5	-1	9.34	9.34
Fixation R	1	73	7055997170	7056122293	125123	991.30	430.34	29	5	-1	10.06	10.06
Fixation L	1	76	7056180666	7056456039	275373	135.07	453.02	64	19	-1	9.43	9.43
Fixation R	1	74	7056180666	7056456039	275373	135.07	453.02	64	19	-1	9.73	9.73
Fixation L	1	77	7056472790	7056589542	116752	403.83	459.91	76	23	-1	9.81	9.81
Fixation R	1	75	7056472790	7056589542	116752	403.83	459.91	76	23	-1	10.17	10.17
Fixation L	1	78	7056597910	7056748164	150254	420.55	488.80	64	27	-1	9.63	9.63
Fixation R	1	76	7056597910	7056748164	150254	420.55	488.80	64	27	-1	10.23	10.23
Fixation L	1	79	7056756407	7057065285	308878	262.83	496.94	77	20	-1	9.34	9.34
Fixation R	1	77	7056756407	7057065285	308878	262.83	496.94	77	20	-1	9.64	9.64
Fixation L	1	80	7057073533	7057173652	100119	196.44	494.23	83	12	-1	9.38	9.38
Fixation R	1	78	7057073533	7057173652	100119	196.44	494.23	83	12	-1	9.56	9.56
Fixation L	1	81	7057182026	7057490779	308753	82.81	505.74	38	17	-1	9.35	9.35
Fixation R	1	79	7057182026	7057490779	308753	82.81	505.74	38	17	-1	9.60	9.60
Fixation L	1	82	7057499148	7057757769	258621	248.41	484.07	84	15	-1	9.35	9.35
Fixation R	1	80	7057499148	7057757769	258621	248.41	484.07	84	15	-1	9.56	9.56
Fixation L	1	83	7057766148	7057849643	83495	284.78	492.34	94	3	-1	9.28	9.28
Fixation R	1	81	7057766148	7057849643	83495	284.78	492.34	94	3	-1	9.66	9.66
Fixation L	1	84	7057857893	7058041518	183625	356.62	478.61	58	16	-1	9.17	9.17
Fixation R	1	82	7057857893	7058041518	183625	356.62	478.61	58	16	-1	9.70	9.70
Fixation L	1	85	7058049891	7058216769	166878	474.68	475.97	28	5	-1	9.30	9.30
Fixation R	1	83	7058049891	7058216769	166878	474.68	475.97	28	5	-1	10.14	10.14
Fixation L	1	86	7058225140	7058392010	166870	706.61	483.63	88	11	-1	9.49	9.49
Fixation R	1	84	7058225140	7058392010	166870	706.61	483.63	88	11	-1	9.94	9.94
Fixation L	1	87	7058400388	7058700757	300369	802.24	486.14	37	17	-1	9.32	9.32
Fixation R	1	85	7058400388	7058700757	300369	802.24	486.14	37	17	-1	9.84	9.84
Fixation L	1	88	7058709131	7059226499	517368	899.54	482.42	54	9	-1	9.26	9.26
Fixation R	1	86	7058709131	7059226499	517368	899.54	482.42	54	9	-1	9.85	9.85
Fixation L	1	89	7059284871	7059601994	317123	105.62	558.19	45	26	-1	9.22	9.22
Fixation R	1	87	7059284871	7059601994	317123	105.62	558.19	45	26	-1	9.50	9.50
Fixation L	1	90	7059610243	7059843988	233745	221.59	544.68	26	15	-1	9.29	9.29
Fixation R	1	88	7059610243	7059843988	233745	221.59	544.68	26	15	-1	9.42	9.42
Fixation L	1	91	7059852242	7060219488	367246	334.76	535.72	80	18	-1	9.20	9.20
Fixation R	1	89	7059852242	7060219488	367246	334.76	535.72	80	18	-1	9.54	9.54
Fixation L	1	92	7060227858	7060453104	225246	411.83	530.07	19	8	-1	8.98	8.98
Fixation R	1	90	7060227858	7060453104	225246	411.83	530.07	19	8	-1	9.60	9.60
Fixation L	1	93	7060461479	7060628353	166874	520.74	530.51	17	10	-1	9.37	9.37
Fixation R	1	91	7060461479	7060628353	166874	520.74	530.51	17	10	-1	10.03	10.03
Fixation L	1	94	7060636730	7060953722	316992	696.15	541.86	77	16	-1	9.36	9.36
Fixation R	1	92	7060636730	7060953722	316992	696.15	541.86	77	16	-1	9.71	9.71
Fixation L	1	95	7060962098	7061137349	175251	777.50	539.06	69	8	-1	9.20	9.20
Fixation R	1	93	7060962098	7061137349	175251	777.50	539.06	69	8	-1	9.73	9.73
Fixation L	1	96	7061145721	7061788211	642490	875.69	538.86	37	10	-1	9.25	9.25
Fixation R	1	94	7061145721	7061788211	642490	875.69	538.86	37	10	-1	9.98	9.98
Fixation L	1	97	7061846584	7062088580	241996	92.93	609.06	61	26	-1	9.52	9.52
Fixation R	1	95	7061846584	7062088580	241996	92.93	609.06	61	26	-1	9.68	9.68
Fixation L	1	98	7062096955	7062464077	367122	196.63	600.81	60	12	-1	9.79	9.79
Fixation R	1	96	7062096955	7062464077	367122	196.63	600.81	60	12	-1	9.73	9.73
Fixation L	1	99	7063181813	7063507184	325371	397.82	574.74	56	27	-1	11.17	11.17
Fixation R	1	97	7063181813	7063507184	325371	397.82	574.74	56	27	-1	10.40	10.40
Fixation L	1	100	7063515565	7063765930	250365	585.05	588.70	57	31	-1	10.18	10.18
Fixation R	1	98	7063515565	7063765930	250365	585.05	588.70	57	31	-1	10.56	10.56
Fixation L	1	101	7063774182	7063916056	141874	520.92	604.61	48	7	-1	10.15	10.15
Fixation R	1	99	7063774182	7063916056	141874	520.92	604.61	48	7	-1	10.79	10.79
Fixation L	1	102	7063924427	7064141429	217002	661.41	598.88	88	10	-1	10.22	10.22
Fixation R	1	100	7063924427	7064141429	217002	661.41	598.88	88	10	-1	10.61	10.61
Fixation L	1	103	7064149673	7064500169	350496	759.65	599.08	63	8	-1	10.55	10.55
Fixation R	1	101	7064149673	7064500169	350496	759.65	599.08	63	8	-1	10.85	10.85
Fixation L	1	104	7064558669	7064925786	367117	107.17	697.70	56	29	-1	10.79	10.79
Fixation R	1	102	7064558669	7064925786	367117	107.17	697.70	56	29	-1	10.56	10.56
Fixation L	1	105	7064934162	7065176158	241996	254.87	661.04	50	39	-1	11.50	11.50
Fixation R	1	103	7064934162	7065176158	241996	254.87	661.04	50	39	-1	10.59	10.59
Fixation L	1	106	7065184404	7065434776	250372	413.73	662.06	61	17	-1	11.27	11.27
Fixation R	1	104	7065184404	7065434776	250372	413.73	662.06	61	17	-1	11.44	11.44
Fixation L	1	107	7065451528	7065743527	291999	676.54	652.06	36	22	-1	10.74	10.74
Fixation R	1	105	7065451528	7065743527	291999	676.54	652.06	36	22	-1	11.35	11.35
Fixation L	1	108	7065751898	7066202515	450617	852.20	678.77	58	28	-1	10.49	10.49
Fixation R	1	106	7065751898	7066202515	450617	852.20	678.77	58	28	-1	11.03	11.03
Fixation R	1	107	7066302644	7066469518	166874	209.03	28.21	44	23	-1	10.50	10.50
Fixation L	1	109	7066469518	7066561261	91743	115.03	25.81	82	16	-1	10.08	10.08
Fixation R	1	108	7066477887	7066653151	175264	109.97	33.88	10	27	-1	10.51	10.51
Fixation L	1	110	7066569643	7066653151	83508	111.24	41.24	3	12	-1	10.14	10.14

