[BeGaze]
Converted from:	C:\Program Files\SMI\Experiment Suite 360\Experiment Center 2\Results\Readability_First_01\P02-eye_data.idf
Date:	02.08.2013 11:27:25
Version:	BeGaze 3.2.28
Sample Rate:	120
Subject:	P02
Description:	Run2

Table Header for Fixations:
Event Type	Trial	Number	Start	End	Duration	Location X	Location Y	Dispersion X	Dispersion Y	Plane	Avg. Pupil Size X	Avg. Pupil Size Y


Fixation L	1	1	4883636760	4883803585	166825	234.95	50.17	10	20	-1	11.17	11.17
Fixation R	1	1	4883636760	4883803585	166825	234.95	50.17	10	20	-1	11.82	11.82
Fixation L	1	2	4883820212	4884012203	191991	102.74	70.29	43	54	-1	10.22	10.22
Fixation R	1	2	4883820212	4884012203	191991	102.74	70.29	43	54	-1	10.94	10.94
Fixation L	1	3	4884020456	4884212448	191992	100.88	98.89	28	6	-1	9.79	9.79
Fixation R	1	3	4884020456	4884212448	191992	100.88	98.89	28	6	-1	10.41	10.41
Fixation L	1	4	4884220829	4884437697	216868	245.93	58.78	40	59	-1	9.90	9.90
Fixation R	1	4	4884220829	4884437697	216868	245.93	58.78	40	59	-1	10.39	10.39
Fixation L	1	5	4884529575	4884721447	191872	381.98	29.62	19	5	-1	10.02	10.02
Fixation R	1	5	4884529575	4884721447	191872	381.98	29.62	19	5	-1	10.45	10.45
Fixation L	1	6	4884729822	4885071939	342117	208.42	32.96	67	11	-1	9.90	9.90
Fixation R	1	6	4884729822	4885071939	342117	208.42	32.96	67	11	-1	10.46	10.46
Fixation L	1	7	4885080314	4885222064	141750	316.69	28.10	16	4	-1	10.10	10.10
Fixation R	1	7	4885080314	4885222064	141750	316.69	28.10	16	4	-1	10.54	10.54
Fixation L	1	8	4885238815	4885522557	283742	576.05	28.32	87	10	-1	10.25	10.25
Fixation R	1	8	4885238815	4885522557	283742	576.05	28.32	87	10	-1	10.50	10.50
Fixation L	1	9	4885530808	4885631057	100249	646.63	40.38	82	7	-1	10.34	10.34
Fixation R	1	9	4885530808	4885631057	100249	646.63	40.38	82	7	-1	10.64	10.64
Fixation L	1	10	4885639305	4885864675	225370	769.48	32.07	47	16	-1	10.20	10.20
Fixation R	1	10	4885639305	4885864675	225370	769.48	32.07	47	16	-1	10.47	10.47
Fixation L	1	11	4885873048	4886240174	367126	924.56	54.47	55	27	-1	10.33	10.33
Fixation R	1	11	4885873048	4886240174	367126	924.56	54.47	55	27	-1	10.42	10.42
Fixation L	1	12	4886248543	4886423668	175125	769.94	47.33	36	33	-1	10.42	10.42
Fixation R	1	12	4886248543	4886423668	175125	769.94	47.33	36	33	-1	10.67	10.67
Fixation L	1	13	4886432048	4886632290	200242	945.03	51.21	52	35	-1	10.24	10.24
Fixation R	1	13	4886432048	4886632290	200242	945.03	51.21	52	35	-1	10.55	10.55
Fixation L	1	14	4886699038	4887016163	317125	119.25	114.43	71	25	-1	10.13	10.13
Fixation R	1	14	4886699038	4887016163	317125	119.25	114.43	71	25	-1	10.94	10.94
Fixation L	1	15	4887024536	4887249780	225244	253.09	91.82	23	33	-1	10.16	10.16
Fixation R	1	15	4887024536	4887249780	225244	253.09	91.82	23	33	-1	10.74	10.74
Fixation L	1	16	4887258160	4887475151	216991	417.51	80.57	59	15	-1	10.26	10.26
Fixation R	1	16	4887258160	4887475151	216991	417.51	80.57	59	15	-1	10.60	10.60
Fixation L	1	17	4887483403	4887733775	250372	591.98	79.21	52	22	-1	10.18	10.18
Fixation R	1	17	4887483403	4887733775	250372	591.98	79.21	52	22	-1	10.47	10.47
Fixation L	1	18	4887742150	4887850645	108495	704.04	86.15	26	42	-1	9.71	9.71
Fixation R	1	18	4887742150	4887850645	108495	704.04	86.15	26	42	-1	10.54	10.54
Fixation L	1	19	4887934147	4888267888	333741	841.84	105.08	87	12	-1	10.20	10.20
Fixation R	1	19	4887934147	4888267888	333741	841.84	105.08	87	12	-1	10.54	10.54
Fixation L	1	20	4888276268	4888551633	275365	887.77	115.84	83	14	-1	10.34	10.34
Fixation R	1	20	4888276268	4888551633	275365	887.77	115.84	83	14	-1	10.66	10.66
Fixation L	1	21	4888559888	4888843629	283741	818.71	103.46	37	17	-1	10.33	10.33
Fixation R	1	21	4888559888	4888843629	283741	818.71	103.46	37	17	-1	10.63	10.63
Fixation L	1	22	4888852007	4889018876	166869	900.23	105.33	36	18	-1	10.27	10.27
Fixation R	1	22	4888852007	4889018876	166869	900.23	105.33	36	18	-1	10.59	10.59
Fixation L	1	23	4889077251	4889169128	91877	117.71	149.68	66	32	-1	9.93	9.93
Fixation R	1	23	4889077251	4889169128	91877	117.71	149.68	66	32	-1	10.77	10.77
Fixation L	1	24	4889177376	4889336000	158624	109.74	160.95	5	4	-1	10.05	10.05
Fixation R	1	24	4889177376	4889336000	158624	109.74	160.95	5	4	-1	10.75	10.75
Fixation L	1	25	4889344374	4889494496	150122	235.69	153.70	75	11	-1	10.39	10.39
Fixation R	1	25	4889344374	4889494496	150122	235.69	153.70	75	11	-1	10.72	10.72
Fixation L	1	26	4889661371	4889970115	308744	397.64	147.26	82	9	-1	10.39	10.39
Fixation R	1	26	4889661371	4889970115	308744	397.64	147.26	82	9	-1	10.70	10.70
Fixation L	1	27	4889978491	4890404108	425617	534.83	138.88	32	19	-1	10.42	10.42
Fixation R	1	27	4889978491	4890404108	425617	534.83	138.88	32	19	-1	10.72	10.72
Fixation L	1	28	4890412361	4890620976	208615	643.96	140.01	15	23	-1	10.40	10.40
Fixation R	1	28	4890412361	4890620976	208615	643.96	140.01	15	23	-1	10.86	10.86
Fixation L	1	29	4890629356	4890862981	233625	800.18	137.96	21	21	-1	10.37	10.37
Fixation R	1	29	4890629356	4890862981	233625	800.18	137.96	21	21	-1	10.79	10.79
Fixation L	1	30	4890871354	4891004847	133493	934.97	148.78	56	12	-1	10.44	10.44
Fixation R	1	30	4890871354	4891004847	133493	934.97	148.78	56	12	-1	10.67	10.67
Fixation L	1	31	4891054970	4891205095	150125	171.57	213.08	32	39	-1	10.28	10.28
Fixation R	1	31	4891054970	4891205095	150125	171.57	213.08	32	39	-1	11.03	11.03
Fixation L	1	32	4891213473	4891430467	216994	92.92	218.32	30	13	-1	10.42	10.42
Fixation R	1	32	4891213473	4891430467	216994	92.92	218.32	30	13	-1	11.02	11.02
Fixation L	1	33	4891438843	4891797583	358740	290.39	204.18	56	30	-1	10.44	10.44
Fixation R	1	33	4891438843	4891797583	358740	290.39	204.18	56	30	-1	10.79	10.79
Fixation L	1	34	4891805960	4892039584	233624	493.29	189.42	70	22	-1	10.22	10.22
Fixation R	1	34	4891805960	4892039584	233624	493.29	189.42	70	22	-1	10.65	10.65
Fixation L	1	35	4892047956	4892323329	275373	619.42	187.20	69	16	-1	10.11	10.11
Fixation R	1	35	4892047956	4892323329	275373	619.42	187.20	69	16	-1	10.60	10.60
Fixation L	1	36	4892331708	4892440079	108371	700.93	178.34	28	9	-1	10.08	10.08
Fixation R	1	36	4892331708	4892440079	108371	700.93	178.34	28	9	-1	10.60	10.60
Fixation L	1	37	4892481826	4892782322	300496	117.43	256.28	54	38	-1	10.12	10.12
Fixation R	1	37	4892481826	4892782322	300496	117.43	256.28	54	38	-1	10.68	10.68
Fixation L	1	38	4892790578	4893032571	241993	246.72	255.45	34	12	-1	10.30	10.30
Fixation R	1	38	4892790578	4893032571	241993	246.72	255.45	34	12	-1	10.74	10.74
Fixation L	1	39	4893040947	4893274564	233617	388.85	244.75	69	14	-1	10.15	10.15
Fixation R	1	39	4893040947	4893274564	233617	388.85	244.75	69	14	-1	10.63	10.63
Fixation L	1	40	4893282942	4893458186	175244	531.72	236.49	36	14	-1	10.19	10.19
Fixation R	1	40	4893282942	4893458186	175244	531.72	236.49	36	14	-1	10.55	10.55
Fixation L	1	41	4893466565	4893658432	191867	647.37	238.71	35	6	-1	10.24	10.24
Fixation R	1	41	4893466565	4893658432	191867	647.37	238.71	35	6	-1	10.61	10.61
Fixation L	1	42	4893800308	4894017304	216996	811.74	254.54	81	18	-1	10.20	10.20
Fixation R	1	42	4893800308	4894017304	216996	811.74	254.54	81	18	-1	10.93	10.93
Fixation L	1	43	4894025553	4894200799	175246	814.52	286.66	18	24	-1	10.40	10.40
Fixation R	1	43	4894025553	4894200799	175246	814.52	286.66	18	24	-1	10.91	10.91
Fixation L	1	44	4894209175	4894426174	216999	908.75	263.10	51	30	-1	10.15	10.15
Fixation R	1	44	4894209175	4894426174	216999	908.75	263.10	51	30	-1	10.58	10.58
Fixation L	1	45	4894484554	4894801662	317108	112.03	336.46	37	25	-1	9.99	9.99
Fixation R	1	45	4894484554	4894801662	317108	112.03	336.46	37	25	-1	10.58	10.58
Fixation L	1	46	4894810042	4895051910	241868	239.46	329.48	45	10	-1	10.22	10.22
Fixation R	1	46	4894810042	4895051910	241868	239.46	329.48	45	10	-1	10.62	10.62
Fixation L	1	47	4895060289	4895302280	241991	393.66	340.58	10	21	-1	10.08	10.08
Fixation R	1	47	4895060289	4895302280	241991	393.66	340.58	10	21	-1	10.70	10.70
Fixation L	1	48	4895310665	4895552653	241988	540.80	346.64	30	11	-1	10.03	10.03
Fixation R	1	48	4895310665	4895552653	241988	540.80	346.64	30	11	-1	10.49	10.49
Fixation L	1	49	4895561031	4895727898	166867	659.24	332.74	58	16	-1	9.91	9.91
Fixation R	1	49	4895561031	4895727898	166867	659.24	332.74	58	16	-1	10.31	10.31
Fixation L	1	50	4895736282	4895986527	250245	811.10	328.75	51	10	-1	9.89	9.89
Fixation R	1	50	4895736282	4895986527	250245	811.10	328.75	51	10	-1	10.26	10.26
Fixation L	1	51	4895994896	4896120020	125124	906.17	327.66	14	5	-1	9.90	9.90
Fixation R	1	51	4895994896	4896120020	125124	906.17	327.66	14	5	-1	10.24	10.24
Fixation L	1	52	4896178518	4896412143	233625	139.89	398.56	87	8	-1	9.84	9.84
Fixation R	1	52	4896178518	4896412143	233625	139.89	398.56	87	8	-1	10.40	10.40
Fixation L	1	53	4896420525	4896562393	141868	218.70	394.08	29	3	-1	10.11	10.11
Fixation R	1	53	4896420525	4896562393	141868	218.70	394.08	29	3	-1	10.36	10.36
Fixation L	1	54	4896570644	4896779259	208615	370.19	393.93	47	9	-1	10.12	10.12
Fixation R	1	54	4896570644	4896779259	208615	370.19	393.93	47	9	-1	10.61	10.61
Fixation L	1	55	4896787641	4896954509	166868	491.66	395.71	15	3	-1	9.97	9.97
Fixation R	1	55	4896787641	4896954509	166868	491.66	395.71	15	3	-1	10.53	10.53
Fixation L	1	56	4896962885	4897088009	125124	668.97	392.00	83	13	-1	9.89	9.89
Fixation R	1	56	4896962885	4897088009	125124	668.97	392.00	83	13	-1	10.29	10.29
Fixation L	1	57	4897096378	4897238260	141882	687.18	380.48	23	3	-1	9.88	9.88
Fixation R	1	57	4897096378	4897238260	141882	687.18	380.48	23	3	-1	10.28	10.28
Fixation L	1	58	4897246630	4897605373	358743	844.10	384.31	83	11	-1	9.91	9.91
Fixation R	1	58	4897246630	4897605373	358743	844.10	384.31	83	11	-1	10.32	10.32
Fixation L	1	59	4897663749	4897914120	250371	138.31	451.24	72	27	-1	9.86	9.86
Fixation R	1	59	4897663749	4897914120	250371	138.31	451.24	72	27	-1	10.36	10.36
Fixation L	1	60	4897922493	4898014242	91749	97.41	454.95	13	6	-1	9.99	9.99
Fixation R	1	60	4897922493	4898014242	91749	97.41	454.95	13	6	-1	10.31	10.31
Fixation L	1	61	4898022616	4898206238	183622	206.24	453.31	18	8	-1	10.13	10.13
Fixation R	1	61	4898022616	4898206238	183622	206.24	453.31	18	8	-1	10.33	10.33
Fixation L	1	62	4898214491	4898356361	141870	320.82	443.63	17	15	-1	10.26	10.26
Fixation R	1	62	4898214491	4898356361	141870	320.82	443.63	17	15	-1	10.56	10.56
Fixation L	1	63	4898481609	4898640114	158505	323.30	441.02	20	51	-1	10.18	10.18
Fixation R	1	63	4898481609	4898640114	158505	323.30	441.02	20	51	-1	10.44	10.44
Fixation L	1	64	4898648483	4898898853	250370	434.63	441.20	82	15	-1	10.43	10.43
Fixation R	1	64	4898648483	4898898853	250370	434.63	441.20	82	15	-1	11.00	11.00
Fixation L	1	65	4898907101	4899224222	317121	363.58	450.94	71	19	-1	10.21	10.21
Fixation R	1	65	4898907101	4899224222	317121	363.58	450.94	71	19	-1	10.71	10.71
Fixation L	1	66	4899232597	4899482969	250372	532.08	450.06	65	10	-1	10.37	10.37
Fixation R	1	66	4899232597	4899482969	250372	532.08	450.06	65	10	-1	10.80	10.80
Fixation L	1	67	4899491221	4899758340	267119	687.77	451.87	52	8	-1	10.31	10.31
Fixation R	1	67	4899491221	4899758340	267119	687.77	451.87	52	8	-1	10.86	10.86
Fixation L	1	68	4899766597	4900108708	342111	801.41	450.08	36	13	-1	10.21	10.21
Fixation R	1	68	4899766597	4900108708	342111	801.41	450.08	36	13	-1	10.74	10.74
Fixation L	1	69	4900150457	4900317336	166879	160.66	514.29	63	34	-1	10.12	10.12
Fixation R	1	69	4900150457	4900317336	166879	160.66	514.29	63	34	-1	10.54	10.54
Fixation L	1	70	4900325710	4900484202	158492	94.93	528.19	53	16	-1	10.13	10.13
Fixation R	1	70	4900325710	4900484202	158492	94.93	528.19	53	16	-1	10.53	10.53
Fixation L	1	71	4900492581	4900692827	200246	259.93	513.44	64	22	-1	10.36	10.36
Fixation R	1	71	4900492581	4900692827	200246	259.93	513.44	64	22	-1	10.71	10.71
Fixation L	1	72	4900701200	4900943202	242002	408.65	524.80	45	14	-1	10.52	10.52
Fixation R	1	72	4900701200	4900943202	242002	408.65	524.80	45	14	-1	11.01	11.01
Fixation L	1	73	4900951570	4901335441	383871	595.36	523.22	46	13	-1	10.54	10.54
Fixation R	1	73	4900951570	4901335441	383871	595.36	523.22	46	13	-1	11.05	11.05
Fixation L	1	74	4901343697	4901569070	225373	741.24	512.11	21	11	-1	10.24	10.24
Fixation R	1	74	4901343697	4901569070	225373	741.24	512.11	21	11	-1	10.89	10.89
Fixation L	1	75	4901577437	4901794310	216873	874.52	508.92	23	10	-1	10.23	10.23
Fixation R	1	75	4901577437	4901794310	216873	874.52	508.92	23	10	-1	10.77	10.77
Fixation L	1	76	4901852683	4902094806	242123	123.63	573.76	69	30	-1	10.12	10.12
Fixation R	1	76	4901852683	4902094806	242123	123.63	573.76	69	30	-1	10.49	10.49
Fixation L	1	77	4902169809	4902345059	175250	256.08	576.43	46	13	-1	10.40	10.40
Fixation R	1	77	4902169809	4902345059	175250	256.08	576.43	46	13	-1	10.49	10.49
Fixation L	1	78	4902353426	4902662169	308743	391.37	578.18	56	14	-1	10.37	10.37
Fixation R	1	78	4902353426	4902662169	308743	391.37	578.18	56	14	-1	11.05	11.05
Fixation L	1	79	4902670551	4902862417	191866	580.22	571.78	75	9	-1	10.26	10.26
Fixation R	1	79	4902670551	4902862417	191866	580.22	571.78	75	9	-1	11.02	11.02
Fixation L	1	80	4902870806	4903246293	375487	709.19	575.95	74	6	-1	10.11	10.11
Fixation R	1	80	4902870806	4903246293	375487	709.19	575.95	74	6	-1	10.68	10.68
Fixation L	1	81	4903254660	4903371415	116755	829.17	566.36	80	11	-1	9.88	9.88
Fixation R	1	81	4903254660	4903371415	116755	829.17	566.36	80	11	-1	10.60	10.60
Fixation L	1	82	4903413159	4903763653	350494	114.32	649.74	60	34	-1	9.91	9.91
Fixation R	1	82	4903413159	4903763653	350494	114.32	649.74	60	34	-1	10.23	10.23
Fixation L	1	83	4903772036	4904030650	258614	80.98	644.79	15	8	-1	10.08	10.08
Fixation R	1	83	4903772036	4904030650	258614	80.98	644.79	15	8	-1	10.27	10.27
Fixation L	1	84	4904047409	4904347778	300369	326.98	625.94	42	19	-1	10.32	10.32
Fixation R	1	84	4904047409	4904347778	300369	326.98	625.94	42	19	-1	10.57	10.57
Fixation L	1	85	4904356145	4904573147	217002	455.83	629.93	39	10	-1	10.10	10.10
Fixation R	1	85	4904356145	4904573147	217002	455.83	629.93	39	10	-1	10.94	10.94
Fixation L	1	86	4904581390	4905299008	717618	623.94	635.83	76	15	-1	10.29	10.29
Fixation R	1	86	4904581390	4905299008	717618	623.94	635.83	76	15	-1	10.67	10.67
Fixation L	1	87	4905307381	4905716249	408868	762.83	630.86	66	12	-1	10.07	10.07
Fixation R	1	87	4905307381	4905716249	408868	762.83	630.86	66	12	-1	10.70	10.70
Fixation L	1	88	4905724632	4906016747	292115	619.48	636.39	14	18	-1	10.24	10.24
Fixation R	1	88	4905724632	4906016747	292115	619.48	636.39	14	18	-1	10.83	10.83
Fixation L	1	89	4906033373	4906492362	458989	828.86	622.03	83	14	-1	9.87	9.87
Fixation R	1	89	4906033373	4906492362	458989	828.86	622.03	83	14	-1	10.54	10.54
Fixation L	1	90	4906500612	4906859483	358871	616.18	636.78	67	22	-1	10.38	10.38
Fixation R	1	90	4906500612	4906859483	358871	616.18	636.78	67	22	-1	11.08	11.08
Fixation L	1	91	4906867857	4907176608	308751	791.35	629.82	64	25	-1	10.00	10.00
Fixation R	1	91	4906867857	4907176608	308751	791.35	629.82	64	25	-1	10.82	10.82
Fixation L	1	92	4907184976	4907318476	133500	886.05	632.43	75	9	-1	10.09	10.09
Fixation R	1	92	4907184976	4907318476	133500	886.05	632.43	75	9	-1	10.64	10.64
Fixation L	1	93	4907368474	4907527103	158629	129.10	705.92	40	46	-1	10.06	10.06
Fixation R	1	93	4907368474	4907527103	158629	129.10	705.92	40	46	-1	10.37	10.37
Fixation L	1	94	4907535348	4907718970	183622	71.34	715.66	76	11	-1	10.07	10.07
Fixation R	1	94	4907535348	4907718970	183622	71.34	715.66	76	11	-1	10.38	10.38
Fixation L	1	95	4907727350	4907977596	250246	208.95	694.78	27	21	-1	10.31	10.31
Fixation R	1	95	4907727350	4907977596	250246	208.95	694.78	27	21	-1	10.18	10.18
Fixation L	1	96	4907985966	4908319833	333867	395.14	696.21	48	15	-1	10.40	10.40
Fixation R	1	96	4907985966	4908319833	333867	395.14	696.21	48	15	-1	11.18	11.18
Fixation L	1	97	4908328094	4908561705	233611	564.61	701.46	64	13	-1	10.58	10.58
Fixation R	1	97	4908328094	4908561705	233611	564.61	701.46	64	13	-1	10.89	10.89
Fixation L	1	98	4908570089	4908820452	250363	776.49	684.19	45	23	-1	10.03	10.03
Fixation R	1	98	4908570089	4908820452	250363	776.49	684.19	45	23	-1	10.61	10.61
Fixation L	1	99	4908828834	4908995699	166865	914.79	683.74	38	8	-1	9.88	9.88
Fixation R	1	99	4909079080	4909162578	83498	237.26	12.72	71	26	-1	10.51	10.51
Fixation L	1	100	4909104201	4909204344	100143	227.74	20.59	7	17	-1	9.76	9.76

