[BeGaze]
Converted from:	C:\Program Files\SMI\Experiment Suite 360\Experiment Center 2\Results\Readability_First_01\P02-eye_data.idf
Date:	02.08.2013 11:27:26
Version:	BeGaze 3.2.28
Sample Rate:	120
Subject:	P02
Description:	Run2

Table Header for Fixations:
Event Type	Trial	Number	Start	End	Duration	Location X	Location Y	Dispersion X	Dispersion Y	Plane	Avg. Pupil Size X	Avg. Pupil Size Y


Fixation L	1	1	5222980972	5223339692	358720	121.30	56.91	62	35	-1	9.89	9.89
Fixation R	1	1	5222980972	5223339692	358720	121.30	56.91	62	35	-1	10.44	10.44
Fixation L	1	2	5223348069	5223431570	83501	253.72	79.24	82	16	-1	9.91	9.91
Fixation R	1	2	5223348069	5223431570	83501	253.72	79.24	82	16	-1	10.30	10.30
Fixation L	1	3	5223439816	5223665188	225372	233.85	41.51	42	26	-1	9.77	9.77
Fixation R	1	3	5223439816	5223665188	225372	233.85	41.51	42	26	-1	10.14	10.14
Fixation L	1	4	5223681816	5224124180	442364	427.31	42.87	71	23	-1	9.94	9.94
Fixation R	1	4	5223681816	5224124180	442364	427.31	42.87	71	23	-1	10.23	10.23
Fixation L	1	5	5224132434	5224424548	292114	350.87	41.90	46	29	-1	10.04	10.04
Fixation R	1	5	5224132434	5224424548	292114	350.87	41.90	46	29	-1	10.46	10.46
Fixation L	1	6	5224432930	5224641545	208615	596.61	19.15	85	12	-1	10.10	10.10
Fixation R	1	6	5224432930	5224641545	208615	596.61	19.15	85	12	-1	10.37	10.37
Fixation L	1	7	5224649798	5224825041	175243	667.62	24.73	75	12	-1	10.01	10.01
Fixation R	1	7	5224649798	5224825041	175243	667.62	24.73	75	12	-1	10.37	10.37
Fixation L	1	8	5224833424	5225125422	291998	772.33	37.73	15	32	-1	9.92	9.92
Fixation R	1	8	5224833424	5225125422	291998	772.33	37.73	15	32	-1	10.28	10.28
Fixation L	1	9	5225175540	5225325784	150244	122.64	110.43	64	34	-1	9.85	9.85
Fixation R	1	9	5225175540	5225325784	150244	122.64	110.43	64	34	-1	10.58	10.58
Fixation L	1	10	5225334041	5225450910	116869	105.25	118.41	15	4	-1	9.86	9.86
Fixation R	1	10	5225334041	5225450910	116869	105.25	118.41	15	4	-1	10.48	10.48
Fixation L	1	11	5225459287	5225651158	191871	228.08	101.53	18	24	-1	10.14	10.14
Fixation R	1	11	5225459287	5225651158	191871	228.08	101.53	18	24	-1	10.54	10.54
Fixation L	1	12	5225667907	5225909903	241996	403.51	91.32	38	6	-1	10.09	10.09
Fixation R	1	12	5225667907	5225909903	241996	403.51	91.32	38	6	-1	10.37	10.37
Fixation L	1	13	5225918152	5226160149	241997	530.61	93.29	44	10	-1	10.12	10.12
Fixation R	1	13	5225918152	5226160149	241997	530.61	93.29	44	10	-1	10.42	10.42
Fixation L	1	14	5226168525	5226418894	250369	648.73	95.59	16	11	-1	10.08	10.08
Fixation R	1	14	5226168525	5226418894	250369	648.73	95.59	16	11	-1	10.35	10.35
Fixation L	1	15	5226427268	5226669267	241999	798.84	91.25	69	17	-1	10.05	10.05
Fixation R	1	15	5226427268	5226669267	241999	798.84	91.25	69	17	-1	10.26	10.26
Fixation L	1	16	5226677516	5227295006	617490	616.99	92.12	62	20	-1	10.06	10.06
Fixation R	1	16	5226677516	5227295006	617490	616.99	92.12	62	20	-1	10.39	10.39
Fixation L	1	17	5227303383	5227670501	367118	669.11	95.72	38	17	-1	9.94	9.94
Fixation R	1	17	5227303383	5227670501	367118	669.11	95.72	38	17	-1	10.26	10.26
Fixation L	1	18	5227678878	5227820748	141870	725.62	115.69	62	24	-1	9.94	9.94
Fixation R	1	18	5227678878	5227820748	141870	725.62	115.69	62	24	-1	10.39	10.39
Fixation L	1	19	5227829123	5228154497	325374	868.66	100.74	43	25	-1	9.88	9.88
Fixation R	1	19	5227829123	5228154497	325374	868.66	100.74	43	25	-1	10.06	10.06
Fixation L	1	20	5228162872	5228404863	241991	960.98	106.33	71	21	-1	9.76	9.76
Fixation R	1	20	5228162872	5228404863	241991	960.98	106.33	71	21	-1	9.93	9.93
Fixation L	1	21	5228471616	5228746983	275367	108.59	177.14	71	27	-1	9.57	9.57
Fixation R	1	21	5228471616	5228746983	275367	108.59	177.14	71	27	-1	10.25	10.25
Fixation L	1	22	5228822106	5228980607	158501	286.95	161.88	79	6	-1	9.89	9.89
Fixation R	1	22	5228822106	5228980607	158501	286.95	161.88	79	6	-1	10.34	10.34
Fixation L	1	23	5228988986	5229189235	200249	392.91	150.22	12	10	-1	9.84	9.84
Fixation R	1	23	5228988986	5229189235	200249	392.91	150.22	12	10	-1	10.17	10.17
Fixation L	1	24	5229197601	5229331098	133497	566.62	136.86	60	16	-1	9.76	9.76
Fixation R	1	24	5229197601	5229331098	133497	566.62	136.86	60	16	-1	10.13	10.13
Fixation L	1	25	5229464599	5229606473	141874	684.68	145.54	42	40	-1	9.86	9.86
Fixation R	1	25	5229464599	5229606473	141874	684.68	145.54	42	40	-1	9.99	9.99
Fixation L	1	26	5229623221	5229873467	250246	831.15	151.12	44	49	-1	9.89	9.89
Fixation R	1	26	5229623221	5229873467	250246	831.15	151.12	44	49	-1	10.26	10.26
Fixation L	1	27	5229881841	5230307460	425619	934.93	147.64	54	22	-1	9.75	9.75
Fixation R	1	27	5229881841	5230307460	425619	934.93	147.64	54	22	-1	10.13	10.13
Fixation L	1	28	5230357463	5230440964	83501	192.63	217.85	47	49	-1	9.85	9.85
Fixation R	1	28	5230357463	5230440964	83501	192.63	217.85	47	49	-1	10.56	10.56
Fixation L	1	29	5230449334	5230591087	141753	131.82	225.19	86	11	-1	9.84	9.84
Fixation R	1	29	5230449334	5230591087	141753	131.82	225.19	86	11	-1	10.52	10.52
Fixation L	1	30	5230599455	5230791459	192004	100.21	239.53	83	13	-1	9.97	9.97
Fixation R	1	30	5230599455	5230791459	192004	100.21	239.53	83	13	-1	10.49	10.49
Fixation L	1	31	5230799702	5231233694	433992	265.83	219.43	79	20	-1	9.87	9.87
Fixation R	1	31	5230799702	5231233694	433992	265.83	219.43	79	20	-1	10.29	10.29
Fixation L	1	32	5231242077	5231567442	325365	256.27	214.07	85	14	-1	9.74	9.74
Fixation R	1	32	5231242077	5231567442	325365	256.27	214.07	85	14	-1	10.14	10.14
Fixation L	1	33	5231575820	5231717691	141871	314.41	212.05	13	8	-1	9.78	9.78
Fixation R	1	33	5231575820	5231717691	141871	314.41	212.05	13	8	-1	10.18	10.18
Fixation L	1	34	5231725936	5231892941	167005	435.51	205.08	16	14	-1	9.95	9.95
Fixation R	1	34	5231725936	5231892941	167005	435.51	205.08	16	14	-1	10.26	10.26
Fixation L	1	35	5232018059	5232326800	308741	650.12	221.61	63	15	-1	10.11	10.11
Fixation R	1	35	5232018059	5232326800	308741	650.12	221.61	63	15	-1	10.60	10.60
Fixation L	1	36	5232335181	5232935924	600743	778.30	218.27	56	12	-1	10.25	10.25
Fixation R	1	36	5232335181	5232935924	600743	778.30	218.27	56	12	-1	10.68	10.68
Fixation L	1	37	5232986047	5233144544	158497	168.54	290.38	50	41	-1	10.23	10.23
Fixation R	1	37	5232986047	5233144544	158497	168.54	290.38	50	41	-1	11.00	11.00
Fixation L	1	38	5233152914	5233303166	150252	122.86	315.06	18	21	-1	10.42	10.42
Fixation R	1	38	5233152914	5233303166	150252	122.86	315.06	18	21	-1	11.12	11.12
Fixation L	1	39	5233311416	5233495045	183629	252.40	305.37	43	24	-1	10.67	10.67
Fixation R	1	39	5233311416	5233495045	183629	252.40	305.37	43	24	-1	11.17	11.17
Fixation L	1	40	5233503414	5233937283	433869	337.69	286.23	75	22	-1	10.61	10.61
Fixation R	1	40	5233503414	5233937283	433869	337.69	286.23	75	22	-1	11.05	11.05
Fixation L	1	41	5233945665	5234229401	283736	428.54	291.55	78	10	-1	10.43	10.43
Fixation R	1	41	5233945665	5234229401	283736	428.54	291.55	78	10	-1	10.82	10.82
Fixation L	1	42	5234237651	5234846769	609118	554.65	286.17	52	20	-1	10.68	10.68
Fixation R	1	42	5234237651	5234846769	609118	554.65	286.17	52	20	-1	10.90	10.90
Fixation L	1	43	5234921892	5235022141	100249	605.38	255.95	72	26	-1	10.81	10.81
Fixation R	1	43	5234921892	5235022141	100249	605.38	255.95	72	26	-1	11.17	11.17
Fixation L	1	44	5235030392	5235280765	250373	618.08	274.14	54	10	-1	10.91	10.91
Fixation R	1	44	5235030392	5235280765	250373	618.08	274.14	54	10	-1	11.28	11.28
Fixation L	1	45	5235289137	5235472638	183501	754.06	282.18	87	11	-1	10.80	10.80
Fixation R	1	45	5235289137	5235472638	183501	754.06	282.18	87	11	-1	10.99	10.99
Fixation L	1	46	5235481010	5235656255	175245	828.83	277.90	17	5	-1	10.52	10.52
Fixation R	1	46	5235481010	5235656255	175245	828.83	277.90	17	5	-1	10.66	10.66
Fixation L	1	47	5235706379	5235864877	158498	177.22	346.26	59	37	-1	10.37	10.37
Fixation R	1	47	5235706379	5235864877	158498	177.22	346.26	59	37	-1	11.06	11.06
Fixation L	1	48	5235873257	5236123625	250368	133.08	366.84	61	17	-1	10.63	10.63
Fixation R	1	48	5235873257	5236123625	250368	133.08	366.84	61	17	-1	11.23	11.23
Fixation L	1	49	5236131874	5236340495	208621	219.76	352.75	14	22	-1	10.98	10.98
Fixation R	1	49	5236131874	5236340495	208621	219.76	352.75	14	22	-1	11.34	11.34
Fixation L	1	50	5236348874	5236549122	200248	302.77	344.66	54	12	-1	10.99	10.99
Fixation R	1	50	5236348874	5236549122	200248	302.77	344.66	54	12	-1	11.31	11.31
Fixation L	1	51	5236557490	5236891237	333747	413.16	346.99	23	6	-1	10.67	10.67
Fixation R	1	51	5236557490	5236891237	333747	413.16	346.99	23	6	-1	10.94	10.94
Fixation L	1	52	5236899614	5237183356	283742	561.25	348.33	71	14	-1	10.49	10.49
Fixation R	1	52	5236899614	5237183356	283742	561.25	348.33	71	14	-1	10.70	10.70
Fixation L	1	53	5237191604	5237375234	183630	679.80	342.75	29	9	-1	10.39	10.39
Fixation R	1	53	5237191604	5237375234	183630	679.80	342.75	29	9	-1	10.58	10.58
Fixation L	1	54	5237475361	5237575483	100122	751.25	349.96	39	39	-1	10.49	10.49
Fixation R	1	54	5237475361	5237575483	100122	751.25	349.96	39	39	-1	10.53	10.53
Fixation L	1	55	5237583849	5237767471	183622	846.92	335.81	13	7	-1	10.50	10.50
Fixation R	1	55	5237583849	5237767471	183622	846.92	335.81	13	7	-1	10.73	10.73
Fixation L	1	56	5237817468	5238084466	266998	152.23	416.06	37	25	-1	10.46	10.46
Fixation R	1	56	5237817468	5238084466	266998	152.23	416.06	37	25	-1	11.02	11.02
Fixation L	1	57	5238092843	5238585209	492366	313.75	406.49	75	15	-1	10.75	10.75
Fixation R	1	57	5238092843	5238585209	492366	313.75	406.49	75	15	-1	11.09	11.09
Fixation L	1	58	5238593585	5238727081	133496	361.45	406.78	80	7	-1	10.57	10.57
Fixation R	1	58	5238593585	5238727081	133496	361.45	406.78	80	7	-1	10.93	10.93
Fixation L	1	59	5238735456	5238985703	250247	272.91	412.57	11	11	-1	10.71	10.71
Fixation R	1	59	5238735456	5238985703	250247	272.91	412.57	11	11	-1	10.98	10.98
Fixation L	1	60	5238994079	5239820191	826112	391.73	411.82	63	12	-1	10.80	10.80
Fixation R	1	60	5238994079	5239820191	826112	391.73	411.82	63	12	-1	11.12	11.12
Fixation L	1	61	5239828565	5240295807	467242	509.80	408.08	68	10	-1	10.86	10.86
Fixation R	1	61	5239828565	5240295807	467242	509.80	408.08	68	10	-1	11.38	11.38
Fixation L	1	62	5240304189	5240471056	166867	579.76	406.46	43	4	-1	10.89	10.89
Fixation R	1	62	5240304189	5240471056	166867	579.76	406.46	43	4	-1	11.14	11.14
Fixation L	1	63	5240479437	5240646303	166866	691.09	402.60	80	12	-1	10.81	10.81
Fixation R	1	63	5240479437	5240646303	166866	691.09	402.60	80	12	-1	10.94	10.94
Fixation L	1	64	5240654683	5240980063	325380	830.82	399.37	43	9	-1	10.67	10.67
Fixation R	1	64	5240654683	5240980063	325380	830.82	399.37	43	9	-1	10.84	10.84
Fixation L	1	65	5240988423	5241188670	200247	937.75	398.81	51	4	-1	10.63	10.63
Fixation R	1	65	5240988423	5241188670	200247	937.75	398.81	51	4	-1	10.78	10.78
Fixation L	1	66	5241238795	5241388917	150122	179.18	463.53	52	35	-1	10.47	10.47
Fixation R	1	66	5241238795	5241388917	150122	179.18	463.53	52	35	-1	11.20	11.20
Fixation L	1	67	5241397291	5241555798	158507	130.80	479.67	53	19	-1	10.49	10.49
Fixation R	1	67	5241397291	5241555798	158507	130.80	479.67	53	19	-1	11.05	11.05
Fixation L	1	68	5241564163	5241756167	192004	303.55	459.76	43	20	-1	10.61	10.61
Fixation R	1	68	5241564163	5241756167	192004	303.55	459.76	43	20	-1	11.14	11.14
Fixation L	1	69	5241764411	5241964783	200372	491.44	458.05	66	8	-1	10.56	10.56
Fixation R	1	69	5241764411	5241964783	200372	491.44	458.05	66	8	-1	11.17	11.17
Fixation L	1	70	5241973034	5242306909	333875	658.43	455.18	39	15	-1	10.43	10.43
Fixation R	1	70	5241973034	5242306909	333875	658.43	455.18	39	15	-1	10.88	10.88
Fixation L	1	71	5242315158	5242607281	292123	752.52	457.01	55	16	-1	10.36	10.36
Fixation R	1	71	5242315158	5242607281	292123	752.52	457.01	55	16	-1	10.76	10.76
Fixation L	1	72	5242615648	5242916019	300371	859.14	446.91	85	14	-1	10.23	10.23
Fixation R	1	72	5242615648	5242916019	300371	859.14	446.91	85	14	-1	10.67	10.67
Fixation L	1	73	5242924392	5243016142	91750	745.03	442.66	91	4	-1	10.30	10.30
Fixation R	1	73	5242924392	5243016142	91750	745.03	442.66	91	4	-1	10.82	10.82
Fixation L	1	74	5243024516	5243299887	275371	718.68	454.54	62	18	-1	10.44	10.44
Fixation R	1	74	5243024516	5243299887	275371	718.68	454.54	62	18	-1	10.95	10.95
Fixation L	1	75	5243308269	5243508516	200247	797.03	456.18	61	12	-1	10.48	10.48
Fixation R	1	75	5243308269	5243508516	200247	797.03	456.18	61	12	-1	10.85	10.85
Fixation L	1	76	5243516760	5243892378	375618	908.94	452.37	31	12	-1	10.44	10.44
Fixation R	1	76	5243516760	5243892378	375618	908.94	452.37	31	12	-1	11.13	11.13
Fixation L	1	77	5243942381	5244109257	166876	168.22	524.20	69	25	-1	10.45	10.45
Fixation R	1	77	5243942381	5244109257	166876	168.22	524.20	69	25	-1	11.37	11.37
Fixation L	1	78	5244117624	5244401370	283746	119.75	541.67	29	20	-1	10.48	10.48
Fixation R	1	78	5244117624	5244401370	283746	119.75	541.67	29	20	-1	11.17	11.17
Fixation L	1	79	5244409627	5244860246	450619	314.47	529.37	75	8	-1	10.66	10.66
Fixation R	1	79	5244409627	5244860246	450619	314.47	529.37	75	8	-1	11.24	11.24
Fixation L	1	80	5244868615	5245344236	475621	391.23	525.61	76	17	-1	10.52	10.52
Fixation R	1	80	5244868615	5245344236	475621	391.23	525.61	76	17	-1	11.22	11.22
Fixation L	1	81	5245352607	5245536233	183626	537.00	522.30	81	6	-1	10.45	10.45
Fixation R	1	81	5245352607	5245536233	183626	537.00	522.30	81	6	-1	11.13	11.13
Fixation L	1	82	5245678102	5245853228	175126	617.33	513.84	73	19	-1	10.54	10.54
Fixation R	1	82	5245678102	5245853228	175126	617.33	513.84	73	19	-1	11.01	11.01
Fixation L	1	83	5245869978	5246086972	216994	784.81	526.92	75	12	-1	10.69	10.69
Fixation R	1	83	5245869978	5246086972	216994	784.81	526.92	75	12	-1	11.10	11.10
Fixation L	1	84	5246095231	5246429090	333859	873.94	522.78	69	10	-1	10.36	10.36
Fixation R	1	84	5246095231	5246429090	333859	873.94	522.78	69	10	-1	11.01	11.01
Fixation L	1	85	5246479088	5246796217	317129	156.98	596.23	49	14	-1	10.33	10.33
Fixation R	1	85	5246479088	5246796217	317129	156.98	596.23	49	14	-1	11.14	11.14
Fixation L	1	86	5246979831	5247104957	125126	465.11	533.35	74	24	-1	10.47	10.47
Fixation R	1	86	5246979831	5247104957	125126	465.11	533.35	74	24	-1	11.37	11.37
Fixation L	1	87	5247113334	5247263455	150121	296.23	575.09	55	43	-1	10.79	10.79
Fixation R	1	87	5247113334	5247263455	150121	296.23	575.09	55	43	-1	11.35	11.35
Fixation L	1	88	5247271827	5247371950	100123	286.40	587.15	5	79	-1	10.76	10.76
Fixation R	1	88	5247271827	5247371950	100123	286.40	587.15	5	79	-1	11.28	11.28
Fixation L	1	89	5247463828	5247563951	100123	210.49	49.52	31	52	-1	10.21	10.21
Fixation R	1	89	5247463828	5247563951	100123	210.49	49.52	31	52	-1	10.84	10.84

