[BeGaze]
Converted from:	C:\Program Files\SMI\Experiment Suite 360\Experiment Center 2\Results\Readability_First_01\P02-eye_data.idf
Date:	02.08.2013 11:27:24
Version:	BeGaze 3.2.28
Sample Rate:	120
Subject:	P02
Description:	Run2

Table Header for Fixations:
Event Type	Trial	Number	Start	End	Duration	Location X	Location Y	Dispersion X	Dispersion Y	Plane	Avg. Pupil Size X	Avg. Pupil Size Y


Fixation L	1	1	4409950418	4410284133	333715	136.53	89.83	60	30	-1	10.01	10.01
Fixation R	1	1	4409950418	4410284133	333715	136.53	89.83	60	30	-1	10.62	10.62
Fixation L	1	2	4410292502	4410592873	300371	309.84	47.79	40	26	-1	10.01	10.01
Fixation R	1	2	4410292502	4410592873	300371	309.84	47.79	40	26	-1	10.50	10.50
Fixation L	1	3	4410601247	4410751369	150122	467.05	38.74	92	6	-1	10.09	10.09
Fixation R	1	3	4410601247	4410751369	150122	467.05	38.74	92	6	-1	10.61	10.61
Fixation L	1	4	4410759747	4410959994	200247	424.53	30.00	85	12	-1	9.96	9.96
Fixation R	1	4	4410759747	4410959994	200247	424.53	30.00	85	12	-1	10.58	10.58
Fixation L	1	5	4411051863	4411385617	333754	619.30	40.88	85	12	-1	9.93	9.93
Fixation R	1	5	4411051863	4411385617	333754	619.30	40.88	85	12	-1	10.52	10.52
Fixation L	1	6	4411393984	4411794480	400496	756.89	46.58	54	17	-1	9.91	9.91
Fixation R	1	6	4411393984	4411794480	400496	756.89	46.58	54	17	-1	10.42	10.42
Fixation L	1	7	4411802852	4412028103	225251	931.02	41.25	31	15	-1	9.83	9.83
Fixation R	1	7	4411802852	4412028103	225251	931.02	41.25	31	15	-1	10.23	10.23
Fixation L	1	8	4412086606	4412336850	250244	155.55	100.85	61	38	-1	9.93	9.93
Fixation R	1	8	4412086606	4412336850	250244	155.55	100.85	61	38	-1	10.73	10.73
Fixation L	1	9	4412345224	4412487099	141875	126.96	120.35	12	5	-1	10.07	10.07
Fixation R	1	9	4412345224	4412487099	141875	126.96	120.35	12	5	-1	10.68	10.68
Fixation L	1	10	4412495467	4412804213	308746	246.56	104.21	65	27	-1	10.15	10.15
Fixation R	1	10	4412495467	4412804213	308746	246.56	104.21	65	27	-1	10.71	10.71
Fixation L	1	11	4412812466	4413037842	225376	454.61	95.13	41	6	-1	10.19	10.19
Fixation R	1	11	4412812466	4413037842	225376	454.61	95.13	41	6	-1	10.57	10.57
Fixation L	1	12	4413046213	4413246458	200245	602.24	93.29	73	6	-1	10.13	10.13
Fixation R	1	12	4413046213	4413246458	200245	602.24	93.29	73	6	-1	10.51	10.51
Fixation L	1	13	4413263082	4413480077	216995	738.65	85.12	58	12	-1	10.04	10.04
Fixation R	1	13	4413263082	4413480077	216995	738.65	85.12	58	12	-1	10.52	10.52
Fixation L	1	14	4413488464	4413630325	141861	892.58	79.82	81	18	-1	10.06	10.06
Fixation R	1	14	4413488464	4413630325	141861	892.58	79.82	81	18	-1	10.36	10.36
Fixation L	1	15	4413763825	4414089202	325377	134.82	158.50	70	19	-1	9.84	9.84
Fixation R	1	15	4413763825	4414089202	325377	134.82	158.50	70	19	-1	10.68	10.68
Fixation L	1	16	4414097569	4414306192	208623	259.17	150.58	23	11	-1	9.95	9.95
Fixation R	1	16	4414097569	4414306192	208623	259.17	150.58	23	11	-1	10.55	10.55
Fixation L	1	17	4414314568	4414623317	308749	375.03	146.14	17	21	-1	10.11	10.11
Fixation R	1	17	4414314568	4414623317	308749	375.03	146.14	17	21	-1	10.56	10.56
Fixation L	1	18	4414631685	4414865309	233624	502.31	138.39	70	26	-1	9.98	9.98
Fixation R	1	18	4414631685	4414865309	233624	502.31	138.39	70	26	-1	10.44	10.44
Fixation L	1	19	4414881932	4415140685	258753	631.47	148.35	16	15	-1	9.81	9.81
Fixation R	1	19	4414881932	4415140685	258753	631.47	148.35	16	15	-1	10.37	10.37
Fixation L	1	20	4415148927	4415349303	200376	790.64	147.64	55	9	-1	9.78	9.78
Fixation R	1	20	4415148927	4415349303	200376	790.64	147.64	55	9	-1	10.21	10.21
Fixation L	1	21	4415357549	4415549546	191997	888.79	147.67	22	11	-1	9.80	9.80
Fixation R	1	21	4415357549	4415549546	191997	888.79	147.67	22	11	-1	10.19	10.19
Fixation L	1	22	4415599547	4415824921	225374	192.26	209.10	46	24	-1	9.79	9.79
Fixation R	1	22	4415599547	4415824921	225374	192.26	209.10	46	24	-1	10.61	10.61
Fixation L	1	23	4415833295	4416075289	241994	268.30	212.61	24	19	-1	10.01	10.01
Fixation R	1	23	4415833295	4416075289	241994	268.30	212.61	24	19	-1	10.69	10.69
Fixation L	1	24	4416091918	4416450784	358866	456.40	217.89	53	9	-1	10.02	10.02
Fixation R	1	24	4416091918	4416450784	358866	456.40	217.89	53	9	-1	10.58	10.58
Fixation L	1	25	4416459032	4416726157	267125	653.62	206.43	50	24	-1	9.68	9.68
Fixation R	1	25	4416459032	4416726157	267125	653.62	206.43	50	24	-1	10.25	10.25
Fixation L	1	26	4416742784	4416909650	166866	315.45	214.57	87	9	-1	9.79	9.79
Fixation R	1	26	4416742784	4416909650	166866	315.45	214.57	87	9	-1	10.43	10.43
Fixation L	1	27	4416918028	4417093279	175251	243.57	218.77	28	9	-1	9.91	9.91
Fixation R	1	27	4416918028	4417093279	175251	243.57	218.77	28	9	-1	10.55	10.55
Fixation L	1	28	4417101648	4417543897	442249	371.71	215.03	70	20	-1	10.00	10.00
Fixation R	1	28	4417101648	4417543897	442249	371.71	215.03	70	20	-1	10.57	10.57
Fixation L	1	29	4417552267	4417927764	375497	610.21	223.28	78	12	-1	9.83	9.83
Fixation R	1	29	4417552267	4417927764	375497	610.21	223.28	78	12	-1	10.47	10.47
Fixation L	1	30	4418002761	4418153009	150248	888.71	221.47	70	28	-1	9.97	9.97
Fixation R	1	30	4418002761	4418153009	150248	888.71	221.47	70	28	-1	10.49	10.49
Fixation L	1	31	4418161381	4418378381	217000	808.56	218.38	66	11	-1	9.99	9.99
Fixation R	1	31	4418161381	4418378381	217000	808.56	218.38	66	11	-1	10.71	10.71
Fixation L	1	32	4418386627	4418545257	158630	904.40	213.18	45	10	-1	10.17	10.17
Fixation R	1	32	4418386627	4418545257	158630	904.40	213.18	45	10	-1	10.66	10.66
Fixation L	1	33	4418595256	4418737123	141867	190.40	275.59	25	27	-1	10.09	10.09
Fixation R	1	33	4418595256	4418737123	141867	190.40	275.59	25	27	-1	10.99	10.99
Fixation L	1	34	4418745505	4418920748	175243	101.69	289.55	30	13	-1	10.28	10.28
Fixation R	1	34	4418745505	4418920748	175243	101.69	289.55	30	13	-1	10.96	10.96
Fixation L	1	35	4418929124	4419062618	133494	256.35	276.86	25	20	-1	10.58	10.58
Fixation R	1	35	4418929124	4419062618	133494	256.35	276.86	25	20	-1	11.17	11.17
Fixation L	1	36	4419204367	4419321238	116871	424.87	262.70	80	18	-1	10.56	10.56
Fixation R	1	36	4419204367	4419321238	116871	424.87	262.70	80	18	-1	11.14	11.14
Fixation L	1	37	4419337997	4419671739	333742	280.48	281.50	68	12	-1	10.53	10.53
Fixation R	1	37	4419337997	4419671739	333742	280.48	281.50	68	12	-1	11.10	11.10
Fixation L	1	38	4419680111	4419855358	175247	350.22	284.91	31	9	-1	10.34	10.34
Fixation R	1	38	4419680111	4419855358	175247	350.22	284.91	31	9	-1	10.87	10.87
Fixation L	1	39	4419863611	4420038862	175251	500.77	271.64	58	18	-1	10.28	10.28
Fixation R	1	39	4419863611	4420038862	175251	500.77	271.64	58	18	-1	10.74	10.74
Fixation L	1	40	4420047230	4420214106	166876	639.24	267.50	87	8	-1	10.28	10.28
Fixation R	1	40	4420047230	4420214106	166876	639.24	267.50	87	8	-1	10.71	10.71
Fixation L	1	41	4420222485	4420547848	325363	754.01	260.89	43	26	-1	10.02	10.02
Fixation R	1	41	4420222485	4420547848	325363	754.01	260.89	43	26	-1	10.56	10.56
Fixation L	1	42	4420556222	4420806593	250371	852.79	276.48	22	6	-1	9.95	9.95
Fixation R	1	42	4420556222	4420806593	250371	852.79	276.48	22	6	-1	10.48	10.48
Fixation L	1	43	4420856594	4421031839	175245	160.26	334.87	43	47	-1	9.93	9.93
Fixation R	1	43	4420856594	4421031839	175245	160.26	334.87	43	47	-1	10.71	10.71
Fixation L	1	44	4421040223	4421157089	116866	125.61	349.51	24	12	-1	10.02	10.02
Fixation R	1	44	4421040223	4421157089	116866	125.61	349.51	24	12	-1	10.50	10.50
Fixation L	1	45	4421282212	4421532583	250371	249.77	325.90	79	18	-1	10.33	10.33
Fixation R	1	45	4421282212	4421532583	250371	249.77	325.90	79	18	-1	10.67	10.67
Fixation L	1	46	4421540963	4421741212	200249	395.73	334.89	53	12	-1	10.25	10.25
Fixation R	1	46	4421540963	4421741212	200249	395.73	334.89	53	12	-1	10.79	10.79
Fixation L	1	47	4421749457	4422350321	600864	507.89	341.44	68	27	-1	9.92	9.92
Fixation R	1	47	4421749457	4422350321	600864	507.89	341.44	68	27	-1	10.49	10.49
Fixation L	1	48	4422358702	4422617319	258617	615.25	327.99	27	13	-1	9.79	9.79
Fixation R	1	48	4422358702	4422617319	258617	615.25	327.99	27	13	-1	10.38	10.38
Fixation L	1	49	4422625694	4422984569	358875	711.62	328.14	49	12	-1	9.80	9.80
Fixation R	1	49	4422625694	4422984569	358875	711.62	328.14	49	12	-1	10.40	10.40
Fixation L	1	50	4423034556	4423259932	225376	107.78	399.29	27	33	-1	9.47	9.47
Fixation R	1	50	4423034556	4423259932	225376	107.78	399.29	27	33	-1	10.24	10.24
Fixation L	1	51	4423268184	4423426805	158621	237.40	389.68	35	15	-1	9.70	9.70
Fixation R	1	51	4423268184	4423426805	158621	237.40	389.68	35	15	-1	10.22	10.22
Fixation L	1	52	4423435054	4423643682	208628	392.03	387.92	76	9	-1	9.76	9.76
Fixation R	1	52	4423435054	4423643682	208628	392.03	387.92	76	9	-1	10.43	10.43
Fixation L	1	53	4423652052	4424052545	400493	487.42	398.87	82	9	-1	9.59	9.59
Fixation R	1	53	4423652052	4424052545	400493	487.42	398.87	82	9	-1	10.31	10.31
Fixation L	1	54	4424060922	4424544916	483994	604.83	395.82	59	21	-1	9.55	9.55
Fixation R	1	54	4424060922	4424544916	483994	604.83	395.82	59	21	-1	10.21	10.21
Fixation L	1	55	4424553286	4424945411	392125	662.26	397.48	36	12	-1	9.52	9.52
Fixation R	1	55	4424553286	4424945411	392125	662.26	397.48	36	12	-1	10.19	10.19
Fixation L	1	56	4425104029	4425195784	91755	806.55	391.88	87	11	-1	9.73	9.73
Fixation R	1	56	4425104029	4425195784	91755	806.55	391.88	87	11	-1	10.02	10.02
Fixation L	1	57	4425204152	4425362648	158496	848.71	409.24	88	11	-1	9.83	9.83
Fixation R	1	57	4425204152	4425362648	158496	848.71	409.24	88	11	-1	10.24	10.24
Fixation L	1	58	4425371026	4425913389	542363	934.55	403.35	15	14	-1	9.77	9.77
Fixation R	1	58	4425371026	4425913389	542363	934.55	403.35	15	14	-1	10.22	10.22
Fixation L	1	59	4425971892	4426230510	258618	127.74	465.38	82	15	-1	9.57	9.57
Fixation R	1	59	4425971892	4426230510	258618	127.74	465.38	82	15	-1	10.28	10.28
Fixation R	1	60	4426447515	4426581003	133488	257.23	440.97	56	42	-1	10.28	10.28
Fixation L	1	60	4426455883	4426747889	292006	271.04	442.95	57	24	-1	9.91	9.91
Fixation R	1	61	4426589379	4426756255	166876	282.16	446.46	39	15	-1	10.54	10.54
Fixation L	1	61	4426756255	4427181750	425495	340.47	459.13	68	17	-1	9.83	9.83
Fixation R	1	62	4426764628	4427181750	417122	340.94	459.27	68	17	-1	10.54	10.54
Fixation L	1	62	4427190124	4427398753	208629	481.86	460.19	45	9	-1	9.82	9.82
Fixation R	1	63	4427190124	4427398753	208629	481.86	460.19	45	9	-1	10.42	10.42
Fixation L	1	63	4427407120	4427557368	150248	604.62	457.39	54	9	-1	9.57	9.57
Fixation R	1	64	4427407120	4427557368	150248	604.62	457.39	54	9	-1	10.44	10.44
Fixation L	1	64	4427565617	4427782615	216998	750.70	448.26	39	13	-1	9.67	9.67
Fixation R	1	65	4427565617	4427782615	216998	750.70	448.26	39	13	-1	10.25	10.25
Fixation L	1	65	4427790989	4428124733	333744	887.41	451.31	28	15	-1	9.72	9.72
Fixation R	1	66	4427790989	4428124733	333744	887.41	451.31	28	15	-1	10.28	10.28
Fixation L	1	66	4428149738	4428308356	158618	559.88	388.27	76	22	-1	10.09	10.09
Fixation R	1	67	4428149738	4428308356	158618	559.88	388.27	76	22	-1	10.80	10.80
Fixation L	1	67	4428324983	4428525227	200244	387.20	335.17	26	52	-1	10.11	10.11
Fixation R	1	68	4428324983	4428525227	200244	387.20	335.17	26	52	-1	10.81	10.81
Fixation L	1	68	4428533602	4428650478	116876	276.74	353.84	44	18	-1	9.99	9.99
Fixation R	1	69	4428533602	4428650478	116876	276.74	353.84	44	18	-1	10.68	10.68
Fixation L	1	69	4428667104	4428775601	108497	558.00	420.07	55	43	-1	10.26	10.26
Fixation R	1	70	4428667104	4428775601	108497	558.00	420.07	55	43	-1	10.82	10.82
Fixation L	1	70	4428800604	4429017593	216989	772.41	431.31	51	16	-1	10.32	10.32
Fixation R	1	71	4428800604	4429017593	216989	772.41	431.31	51	16	-1	10.83	10.83
Fixation L	1	71	4429025973	4429109342	83369	856.29	449.22	37	31	-1	10.45	10.45
Fixation R	1	72	4429025973	4429109342	83369	856.29	449.22	37	31	-1	10.69	10.69
Fixation L	1	72	4429234590	4429343091	108501	957.69	449.07	82	16	-1	10.25	10.25
Fixation R	1	73	4429234590	4429343091	108501	957.69	449.07	82	16	-1	10.83	10.83
Fixation L	1	73	4429451464	4429618457	166993	165.96	498.34	45	45	-1	10.51	10.51
Fixation R	1	74	4429451464	4429618457	166993	165.96	498.34	45	45	-1	11.46	11.46
Fixation L	1	74	4429626714	4429801958	175244	115.96	514.99	40	21	-1	10.36	10.36
Fixation R	1	75	4429626714	4429801958	175244	115.96	514.99	40	21	-1	11.20	11.20
Fixation L	1	75	4429818705	4429985577	166872	347.62	513.59	31	12	-1	10.57	10.57
Fixation R	1	76	4429818705	4429985577	166872	347.62	513.59	31	12	-1	11.43	11.43
Fixation L	1	76	4430002204	4430185826	183622	542.96	515.37	28	9	-1	10.72	10.72
Fixation R	1	77	4430002204	4430185826	183622	542.96	515.37	28	9	-1	11.59	11.59
Fixation L	1	77	4430194199	4430436198	241999	765.44	519.02	61	12	-1	10.19	10.19
Fixation R	1	78	4430194199	4430436198	241999	765.44	519.02	61	12	-1	11.23	11.23
Fixation L	1	78	4430444571	4430694818	250247	851.87	510.65	43	8	-1	10.42	10.42
Fixation R	1	79	4430444571	4430694818	250247	851.87	510.65	43	8	-1	11.11	11.11
Fixation L	1	79	4430744942	4430945189	200247	167.85	584.28	85	13	-1	10.44	10.44
Fixation R	1	80	4430744942	4430945189	200247	167.85	584.28	85	13	-1	11.25	11.25
Fixation L	1	80	4430953565	4431178815	225250	109.10	594.58	8	17	-1	10.68	10.68
Fixation R	1	81	4430953565	4431178815	225250	109.10	594.58	8	17	-1	11.21	11.21
Fixation L	1	81	4431187189	4431454184	266995	246.05	581.83	73	25	-1	10.78	10.78
Fixation R	1	82	4431187189	4431454184	266995	246.05	581.83	73	25	-1	11.22	11.22
Fixation L	1	82	4431462560	4431604431	141871	407.04	578.02	79	4	-1	10.71	10.71
Fixation R	1	83	4431462560	4431604431	141871	407.04	578.02	79	4	-1	11.78	11.78
Fixation L	1	83	4431796304	4431929802	133498	479.82	545.53	85	12	-1	10.67	10.67
Fixation R	1	84	4431796304	4431929802	133498	479.82	545.53	85	12	-1	11.52	11.52
Fixation L	1	84	4431938175	4432088425	150250	534.37	563.05	30	20	-1	10.63	10.63
Fixation R	1	85	4431938175	4432088425	150250	534.37	563.05	30	20	-1	11.76	11.76
Fixation L	1	85	4432096673	4432372044	275371	637.22	566.68	28	18	-1	10.52	10.52
Fixation R	1	86	4432096673	4432372044	275371	637.22	566.68	28	18	-1	11.14	11.14
Fixation L	1	86	4432380426	4432906164	525738	734.05	562.67	35	20	-1	10.26	10.26
Fixation R	1	87	4432380426	4432906164	525738	734.05	562.67	35	20	-1	11.10	11.10
Fixation L	1	87	4432914536	4433123161	208625	806.59	571.95	76	7	-1	10.38	10.38
Fixation R	1	88	4432914536	4433123161	208625	806.59	571.95	76	7	-1	11.07	11.07
Fixation L	1	88	4433164781	4433398525	233744	144.47	630.47	58	41	-1	10.25	10.25
Fixation R	1	89	4433164781	4433398525	233744	144.47	630.47	58	41	-1	10.95	10.95
Fixation L	1	89	4433406784	4433515273	108489	124.05	637.45	10	9	-1	10.29	10.29
Fixation R	1	90	4433406784	4433515273	108489	124.05	637.45	10	9	-1	10.76	10.76
Fixation L	1	90	4433523649	4433807396	283747	279.84	626.85	84	14	-1	10.57	10.57
Fixation R	1	91	4433523649	4433807396	283747	279.84	626.85	84	14	-1	11.10	11.10
Fixation L	1	91	4433815644	4434041017	225373	428.23	619.81	24	15	-1	10.63	10.63
Fixation R	1	92	4433815644	4434041017	225373	428.23	619.81	24	15	-1	11.58	11.58
Fixation L	1	92	4434049391	4434575010	525619	536.08	632.44	74	20	-1	10.58	10.58
Fixation R	1	93	4434049391	4434575010	525619	536.08	632.44	74	20	-1	11.42	11.42
Fixation L	1	93	4434583390	4434792010	208620	671.47	632.69	87	11	-1	10.38	10.38
Fixation R	1	94	4434583390	4434792010	208620	671.47	632.69	87	11	-1	11.30	11.30
Fixation L	1	94	4434800379	4435284380	484001	726.97	629.25	85	13	-1	10.23	10.23
Fixation R	1	95	4434800379	4435284380	484001	726.97	629.25	85	13	-1	11.14	11.14
Fixation L	1	95	4435292622	4436427481	1134859	774.38	639.21	82	12	-1	10.18	10.18
Fixation R	1	96	4435292622	4436427481	1134859	774.38	639.21	82	12	-1	11.04	11.04
Fixation L	1	96	4436477605	4436836478	358873	138.26	703.22	69	27	-1	10.07	10.07
Fixation R	1	97	4436477605	4436836478	358873	138.26	703.22	69	27	-1	10.78	10.78
Fixation L	1	97	4436886481	4437111852	225371	268.05	699.10	18	26	-1	10.47	10.47
Fixation R	1	98	4436886481	4437111852	225371	268.05	699.10	18	26	-1	10.79	10.79
Fixation L	1	98	4437120094	4437629211	509117	364.05	693.98	62	9	-1	10.41	10.41
Fixation R	1	99	4437120094	4437629211	509117	364.05	693.98	62	9	-1	11.22	11.22
Fixation L	1	99	4437637471	4437846085	208614	470.65	696.33	84	5	-1	10.50	10.50
Fixation R	1	100	4437637471	4437846085	208614	470.65	696.33	84	5	-1	11.61	11.61
Fixation L	1	100	4437854458	4438096455	241997	612.29	691.09	45	8	-1	10.52	10.52
Fixation R	1	101	4437854458	4438096455	241997	612.29	691.09	45	8	-1	11.42	11.42
Fixation L	1	101	4438104831	4438505327	400496	763.31	693.14	84	9	-1	10.27	10.27
Fixation R	1	102	4438104831	4438505327	400496	763.31	693.14	84	9	-1	11.01	11.01
Fixation L	1	102	4438513705	4438688953	175248	857.33	694.38	13	17	-1	10.26	10.26
Fixation R	1	103	4438513705	4438688953	175248	857.33	694.38	13	17	-1	11.01	11.01

