[BeGaze]
Converted from:	C:\Program Files\SMI\Experiment Suite 360\Experiment Center 2\Results\Readability_First_01\P02-eye_data.idf
Date:	02.08.2013 11:27:25
Version:	BeGaze 3.2.28
Sample Rate:	120
Subject:	P02
Description:	Run2

Table Header for Fixations:
Event Type	Trial	Number	Start	End	Duration	Location X	Location Y	Dispersion X	Dispersion Y	Plane	Avg. Pupil Size X	Avg. Pupil Size Y


Fixation L	1	1	4704889049	4705047542	158493	410.83	161.69	19	50	-1	11.20	11.20
Fixation R	1	1	4704889049	4705047542	158493	410.83	161.69	19	50	-1	11.74	11.74
Fixation L	1	2	4705064288	4705214412	150124	169.21	-3.97	70	22	-1	10.25	10.25
Fixation R	1	2	4705064288	4705214412	150124	169.21	-3.97	70	22	-1	11.35	11.35
Fixation R	1	3	4705222788	4705356284	133496	99.58	35.82	57	41	-1	10.82	10.82
Fixation L	1	3	4705539904	4705631656	91752	299.08	13.65	13	5	-1	9.31	9.31
Fixation R	1	4	4705539904	4705715156	175252	283.36	14.79	92	6	-1	10.74	10.74
Fixation L	1	4	4705656654	4705756778	100124	239.89	16.04	97	1	-1	10.23	10.23
Fixation R	1	5	4705723410	4705806905	83495	210.83	13.96	15	6	-1	10.88	10.88
Fixation L	1	5	4705823528	4705915402	91874	208.04	13.57	49	5	-1	10.25	10.25
Fixation R	1	6	4705823528	4705915402	91874	208.04	13.57	49	5	-1	10.94	10.94
Fixation L	1	6	4706098902	4706199149	100247	256.22	20.75	15	48	-1	10.35	10.35
Fixation R	1	7	4706098902	4706199149	100247	256.22	20.75	15	48	-1	10.85	10.85
Fixation R	1	8	4706290892	4706449396	158504	470.01	36.49	26	65	-1	11.15	11.15
Fixation L	1	7	4706299273	4706449396	150123	470.21	39.48	26	27	-1	10.68	10.68
Fixation L	1	8	4706457772	4706699768	241996	576.36	39.82	47	22	-1	10.93	10.93
Fixation R	1	9	4706457772	4706699768	241996	576.36	39.82	47	22	-1	11.23	11.23
Fixation L	1	9	4706708137	4706966758	258621	712.04	41.57	53	8	-1	10.76	10.76
Fixation R	1	10	4706708137	4706966758	258621	712.04	41.57	53	8	-1	11.00	11.00
Fixation L	1	10	4706975137	4707183766	208629	623.60	45.81	49	9	-1	10.73	10.73
Fixation R	1	11	4706975137	4707183766	208629	623.60	45.81	49	9	-1	11.11	11.11
Fixation L	1	11	4707192135	4707434130	241995	852.89	46.11	54	20	-1	10.95	10.95
Fixation R	1	12	4707192135	4707434130	241995	852.89	46.11	54	20	-1	11.15	11.15
Fixation L	1	12	4707475755	4707567629	91874	968.65	62.85	78	17	-1	11.09	11.09
Fixation R	1	13	4707484128	4707642753	158625	948.59	67.58	76	22	-1	11.33	11.33
Fixation L	1	13	4707575878	4707676125	100247	927.47	74.08	18	7	-1	11.15	11.15
Fixation L	1	14	4707734502	4708168367	433865	119.81	134.15	64	34	-1	10.84	10.84
Fixation R	1	14	4707734502	4708168367	433865	119.81	134.15	64	34	-1	11.56	11.56
Fixation L	1	15	4708176747	4708310242	133495	87.94	134.68	12	15	-1	10.52	10.52
Fixation R	1	15	4708176747	4708310242	133495	87.94	134.68	12	15	-1	11.11	11.11
Fixation L	1	16	4708318616	4708452117	133501	274.62	121.12	68	29	-1	10.66	10.66
Fixation R	1	16	4708318616	4708452117	133501	274.62	121.12	68	29	-1	11.09	11.09
Fixation L	1	17	4708460489	4708560612	100123	269.82	95.55	16	7	-1	10.65	10.65
Fixation R	1	17	4708460489	4708560612	100123	269.82	95.55	16	7	-1	11.02	11.02
Fixation L	1	18	4708568987	4708961108	392121	375.19	102.53	66	16	-1	9.74	9.74
Fixation R	1	18	4708568987	4708961108	392121	375.19	102.53	66	16	-1	10.97	10.97
Fixation L	1	19	4708969482	4709169730	200248	276.54	102.95	72	13	-1	10.41	10.41
Fixation R	1	19	4708969482	4709169730	200248	276.54	102.95	72	13	-1	10.78	10.78
Fixation L	1	20	4709178103	4709344975	166872	232.13	101.96	18	10	-1	10.45	10.45
Fixation R	1	20	4709178103	4709344975	166872	232.13	101.96	18	10	-1	10.94	10.94
Fixation L	1	21	4709361727	4709536848	175121	498.93	104.23	70	20	-1	10.66	10.66
Fixation R	1	21	4709361727	4709536848	175121	498.93	104.23	70	20	-1	11.11	11.11
Fixation L	1	22	4709645342	4710262834	617492	607.15	96.75	70	15	-1	10.70	10.70
Fixation R	1	22	4709645342	4710262834	617492	607.15	96.75	70	15	-1	11.08	11.08
Fixation L	1	23	4710271209	4710521580	250371	749.75	99.60	40	12	-1	10.54	10.54
Fixation R	1	23	4710271209	4710521580	250371	749.75	99.60	40	12	-1	10.81	10.81
Fixation L	1	24	4710571579	4710813576	241997	138.03	164.95	66	31	-1	10.33	10.33
Fixation R	1	24	4710571579	4710813576	241997	138.03	164.95	66	31	-1	11.18	11.18
Fixation L	1	25	4710821953	4710947074	125121	112.46	184.71	9	6	-1	10.30	10.30
Fixation R	1	25	4710821953	4710947074	125121	112.46	184.71	9	6	-1	11.03	11.03
Fixation L	1	26	4710955452	4711339319	383867	242.63	160.84	62	22	-1	10.46	10.46
Fixation R	1	26	4710955452	4711339319	383867	242.63	160.84	62	22	-1	11.01	11.01
Fixation L	1	27	4711347692	4711539565	191873	345.43	160.62	24	11	-1	10.42	10.42
Fixation R	1	27	4711347692	4711539565	191873	345.43	160.62	24	11	-1	10.82	10.82
Fixation L	1	28	4711556316	4711723186	166870	249.42	15.42	61	24	-1	9.70	9.70
Fixation R	1	28	4711556316	4711723186	166870	249.42	15.42	61	24	-1	10.79	10.79
Fixation L	1	29	4711731569	4711956812	225243	160.30	48.50	52	30	-1	10.29	10.29
Fixation R	1	29	4711731569	4711956812	225243	160.30	48.50	52	30	-1	10.89	10.89
Fixation L	1	30	4711965182	4712065306	100124	322.75	35.92	6	16	-1	10.25	10.25
Fixation R	1	30	4711965182	4712073687	108505	322.02	34.75	13	24	-1	11.00	11.00
Fixation R	1	31	4712090308	4712173807	83499	384.82	10.09	58	39	-1	11.04	11.04
Fixation R	1	32	4712182186	4712273928	91742	384.48	31.33	23	10	-1	10.94	10.94
Fixation R	1	33	4712282310	4712424051	141741	461.80	11.22	40	27	-1	11.02	11.02
Fixation L	1	31	4713393744	4713627165	233421	110.70	118.19	14	29	-1	10.46	10.46
Fixation R	1	34	4713393744	4713627165	233421	110.70	118.19	14	29	-1	11.17	11.17
Fixation L	1	32	4713635536	4713869156	233620	290.80	111.00	39	11	-1	10.61	10.61
Fixation R	1	35	4713635536	4713869156	233620	290.80	111.00	39	11	-1	11.16	11.16
Fixation L	1	33	4713877535	4714136278	258743	396.17	115.87	43	10	-1	10.59	10.59
Fixation R	1	36	4713877535	4714136278	258743	396.17	115.87	43	10	-1	10.94	10.94
Fixation L	1	34	4714144528	4714478401	333873	266.86	111.84	59	6	-1	10.35	10.35
Fixation R	1	37	4714144528	4714478401	333873	266.86	111.84	59	6	-1	10.84	10.84
Fixation L	1	35	4714495021	4714703646	208625	504.56	106.47	34	12	-1	10.62	10.62
Fixation R	1	38	4714495021	4714703646	208625	504.56	106.47	34	12	-1	10.82	10.82
Fixation L	1	36	4714712020	4714903892	191872	636.96	100.99	51	11	-1	10.58	10.58
Fixation R	1	39	4714712020	4714903892	191872	636.96	100.99	51	11	-1	10.88	10.88
Fixation L	1	37	4714912272	4715212639	300367	743.89	89.48	22	8	-1	10.09	10.09
Fixation R	1	40	4714912272	4715554757	642485	743.18	87.83	27	20	-1	10.70	10.70
Fixation L	1	38	4715262759	4715554757	291998	742.26	85.30	13	20	-1	10.34	10.34
Fixation R	1	41	4715596502	4715705005	108503	119.92	113.78	59	23	-1	11.16	11.16
Fixation R	1	42	4715713380	4715913628	200248	139.71	66.97	19	26	-1	11.17	11.17
Fixation L	1	39	4715830129	4715913628	83499	141.99	67.99	6	15	-1	10.57	10.57
Fixation L	1	40	4715922002	4716289119	367117	116.12	184.23	36	57	-1	10.72	10.72
Fixation R	1	43	4715922002	4716289119	367117	116.12	184.23	36	57	-1	11.28	11.28
Fixation L	1	41	4716297495	4716472739	175244	234.27	160.08	32	22	-1	10.58	10.58
Fixation R	1	44	4716297495	4716472739	175244	234.27	160.08	32	22	-1	11.06	11.06
Fixation L	1	42	4716480995	4716706366	225371	345.45	147.65	61	5	-1	10.58	10.58
Fixation R	1	45	4716480995	4716706366	225371	345.45	147.65	61	5	-1	10.84	10.84
Fixation L	1	43	4716714737	4716990107	275370	493.97	146.36	27	15	-1	10.49	10.49
Fixation R	1	46	4716714737	4716990107	275370	493.97	146.36	27	15	-1	10.85	10.85
Fixation L	1	44	4716998356	4717290480	292124	622.76	154.55	34	12	-1	10.41	10.41
Fixation R	1	47	4716998356	4717290480	292124	622.76	154.55	34	12	-1	10.79	10.79
Fixation L	1	45	4717298855	4717440604	141749	742.39	129.66	19	22	-1	10.30	10.30
Fixation L	1	46	4717490728	4717741097	250369	127.98	205.08	30	20	-1	10.14	10.14
Fixation R	1	48	4717490728	4717741097	250369	127.98	205.08	30	20	-1	10.88	10.88
Fixation L	1	47	4717757721	4717991345	233624	299.02	205.60	26	26	-1	10.33	10.33
Fixation R	1	49	4717757721	4717991345	233624	299.02	205.60	26	26	-1	10.82	10.82
Fixation L	1	48	4717999720	4718316839	317119	432.53	214.26	47	7	-1	10.10	10.10
Fixation R	1	50	4717999720	4718316839	317119	432.53	214.26	47	7	-1	10.51	10.51
Fixation L	1	49	4718325214	4718525462	200248	598.96	209.44	91	8	-1	9.97	9.97
Fixation R	1	51	4718325214	4718525462	200248	598.96	209.44	91	8	-1	10.34	10.34
Fixation L	1	50	4718608835	4719660321	1051486	716.22	198.45	67	21	-1	10.02	10.02
Fixation R	1	52	4718608835	4719660321	1051486	716.22	198.45	67	21	-1	10.52	10.52
Fixation L	1	51	4719668691	4719969062	300371	882.19	203.66	69	18	-1	10.17	10.17
Fixation R	1	53	4719668691	4719969062	300371	882.19	203.66	69	18	-1	10.55	10.55
Fixation L	1	52	4720027435	4720377930	350495	121.50	286.15	56	26	-1	10.25	10.25
Fixation R	1	54	4720027435	4720377930	350495	121.50	286.15	56	26	-1	10.86	10.86
Fixation L	1	53	4720469681	4720594926	125245	200.56	276.26	37	20	-1	10.47	10.47
Fixation R	1	55	4720469681	4720594926	125245	200.56	276.26	37	20	-1	10.89	10.89
Fixation L	1	54	4720611556	4720878548	266992	395.46	263.12	34	13	-1	10.67	10.67
Fixation R	1	56	4720611556	4720878548	266992	395.46	263.12	34	13	-1	11.08	11.08
Fixation L	1	55	4720886929	4721179044	292115	518.29	274.45	28	69	-1	10.53	10.53
Fixation R	1	57	4720886929	4721179044	292115	518.29	274.45	28	69	-1	10.90	10.90
Fixation L	1	56	4721187298	4721612914	425616	525.36	212.52	75	23	-1	10.24	10.24
Fixation R	1	58	4721187298	4721612914	425616	525.36	212.52	75	23	-1	10.68	10.68
Fixation L	1	57	4721621287	4721921656	300369	450.33	218.64	33	59	-1	10.26	10.26
Fixation R	1	59	4721621287	4721921656	300369	450.33	218.64	33	59	-1	10.86	10.86
Fixation L	1	58	4721930034	4722405651	475617	512.91	279.60	79	16	-1	10.34	10.34
Fixation R	1	60	4721930034	4722405651	475617	512.91	279.60	79	16	-1	11.01	11.01
Fixation L	1	59	4722422401	4722781144	358743	700.40	276.68	13	22	-1	10.41	10.41
Fixation R	1	61	4722422401	4722781144	358743	700.40	276.68	13	22	-1	10.93	10.93
Fixation L	1	60	4722789527	4722948016	158489	775.33	269.92	35	9	-1	10.32	10.32
Fixation R	1	62	4722789527	4722948016	158489	775.33	269.92	35	9	-1	10.90	10.90
Fixation L	1	61	4722956390	4723390267	433877	872.35	270.77	28	30	-1	10.30	10.30
Fixation R	1	63	4722956390	4723390267	433877	872.35	270.77	28	30	-1	10.87	10.87
Fixation L	1	62	4723440392	4723699006	258614	125.29	344.58	57	42	-1	10.14	10.14
Fixation R	1	64	4723440392	4723699006	258614	125.29	344.58	57	42	-1	10.78	10.78
Fixation L	1	63	4723724133	4723991130	266997	234.96	337.42	34	17	-1	10.30	10.30
Fixation R	1	65	4723724133	4723991130	266997	234.96	337.42	34	17	-1	10.72	10.72
Fixation L	1	64	4723999379	4724241507	242128	370.15	327.95	56	4	-1	10.27	10.27
Fixation R	1	66	4723999379	4724241507	242128	370.15	327.95	56	4	-1	10.67	10.67
Fixation L	1	65	4724249748	4724433377	183629	521.59	331.21	31	53	-1	10.04	10.04
Fixation R	1	67	4724249748	4724433377	183629	521.59	331.21	31	53	-1	10.60	10.60
Fixation L	1	66	4724550244	4724633617	83373	605.15	310.85	89	8	-1	10.00	10.00
Fixation R	1	68	4724550244	4724633617	83373	605.15	310.85	89	8	-1	10.37	10.37
Fixation L	1	67	4724641998	4725226107	584109	652.25	325.08	75	16	-1	10.15	10.15
Fixation R	1	69	4724641998	4725226107	584109	652.25	325.08	75	16	-1	10.70	10.70
Fixation L	1	68	4725234483	4725417980	183497	788.22	319.42	69	19	-1	10.02	10.02
Fixation R	1	70	4725234483	4725417980	183497	788.22	319.42	69	19	-1	10.59	10.59
Fixation L	1	69	4725426354	4725618361	192007	869.42	322.50	73	7	-1	10.04	10.04
Fixation R	1	71	4725426354	4725618361	192007	869.42	322.50	73	7	-1	10.55	10.55
Fixation L	1	70	4725659975	4725835226	175251	153.61	394.01	57	35	-1	10.24	10.24
Fixation R	1	72	4725659975	4725835226	175251	153.61	394.01	57	35	-1	10.85	10.85
Fixation L	1	71	4725843610	4726002098	158488	101.82	405.80	35	9	-1	10.27	10.27
Fixation R	1	73	4725843610	4726002098	158488	101.82	405.80	35	9	-1	10.70	10.70
Fixation L	1	72	4726010471	4726285840	275369	231.01	388.46	22	18	-1	10.42	10.42
Fixation R	1	74	4726010471	4726285840	275369	231.01	388.46	22	18	-1	10.87	10.87
Fixation L	1	73	4726294221	4726527838	233617	375.74	396.95	33	9	-1	10.50	10.50
Fixation R	1	75	4726294221	4726527838	233617	375.74	396.95	33	9	-1	10.92	10.92
Fixation L	1	74	4726536212	4726769838	233626	544.18	397.62	58	11	-1	10.40	10.40
Fixation R	1	76	4726536212	4726769838	233626	544.18	397.62	58	11	-1	10.84	10.84
Fixation L	1	75	4726778208	4727045209	267001	614.37	399.97	83	13	-1	10.28	10.28
Fixation R	1	77	4726778208	4727045209	267001	614.37	399.97	83	13	-1	10.86	10.86
Fixation L	1	76	4727053579	4727328955	275376	827.23	387.14	54	22	-1	10.13	10.13
Fixation R	1	78	4727053579	4727328955	275376	827.23	387.14	54	22	-1	10.72	10.72
Fixation L	1	77	4727378952	4727629325	250373	115.25	455.87	70	19	-1	9.91	9.91
Fixation R	1	79	4727378952	4727629325	250373	115.25	455.87	70	19	-1	10.46	10.46
Fixation L	1	78	4727637698	4727954819	317121	202.46	445.17	46	12	-1	10.12	10.12
Fixation R	1	80	4727637698	4727954819	317121	202.46	445.17	46	12	-1	10.55	10.55
Fixation L	1	79	4727963068	4728138316	175248	112.33	461.14	25	13	-1	10.04	10.04
Fixation R	1	81	4727963068	4728138316	175248	112.33	461.14	25	13	-1	10.48	10.48
Fixation L	1	80	4728155067	4728413686	258619	356.24	449.84	19	13	-1	10.36	10.36
Fixation R	1	82	4728155067	4728413686	258619	356.24	449.84	19	13	-1	10.82	10.82
Fixation L	1	81	4728422063	4728789179	367116	543.41	456.39	54	15	-1	10.29	10.29
Fixation R	1	83	4728422063	4728789179	367116	543.41	456.39	54	15	-1	10.83	10.83
Fixation L	1	82	4728797561	4728931058	133497	703.54	453.25	48	17	-1	10.07	10.07
Fixation R	1	84	4728797561	4728931058	133497	703.54	453.25	48	17	-1	10.75	10.75
Fixation L	1	83	4729081302	4729248178	166876	785.45	436.89	48	37	-1	10.22	10.22
Fixation R	1	85	4729089676	4729256550	166874	788.99	435.29	59	26	-1	10.72	10.72
Fixation L	1	84	4729256550	4729807290	550740	873.07	445.92	62	24	-1	10.25	10.25
Fixation R	1	86	4729264798	4729365043	100245	860.78	437.38	7	8	-1	10.20	10.20
Fixation R	1	87	4729632042	4729807290	175248	893.08	445.32	19	5	-1	10.74	10.74
Fixation L	1	85	4729857292	4729990786	133494	301.80	499.30	10	27	-1	10.27	10.27
Fixation R	1	88	4729857292	4729990786	133494	301.80	499.30	10	27	-1	11.03	11.03
Fixation L	1	86	4730007538	4730324659	317121	95.53	524.97	19	28	-1	10.32	10.32
Fixation R	1	89	4730007538	4730324659	317121	95.53	524.97	19	28	-1	10.80	10.80
Fixation L	1	87	4730332909	4730533280	200371	230.46	515.50	67	17	-1	10.70	10.70
Fixation R	1	90	4730332909	4730533280	200371	230.46	515.50	67	17	-1	10.91	10.91
Fixation L	1	88	4730541531	4730833650	292119	391.38	516.64	12	22	-1	10.84	10.84
Fixation R	1	91	4730541531	4730625031	83500	389.52	509.31	8	9	-1	9.32	9.32
Fixation L	1	89	4730842025	4731092270	250245	532.78	509.97	50	16	-1	10.77	10.77
Fixation R	1	92	4730842025	4731092270	250245	532.78	509.97	50	16	-1	11.37	11.37
Fixation L	1	90	4731100651	4731417765	317114	663.52	510.66	52	8	-1	10.63	10.63
Fixation R	1	93	4731100651	4731417765	317114	663.52	510.66	52	8	-1	11.27	11.27
Fixation L	1	91	4731426141	4731668138	241997	760.15	508.86	24	6	-1	10.41	10.41
Fixation R	1	94	4731426141	4731668138	241997	760.15	508.86	24	6	-1	11.05	11.05
Fixation L	1	92	4731709761	4731885009	175248	163.20	588.69	52	20	-1	10.33	10.33
Fixation R	1	95	4731709761	4731885009	175248	163.20	588.69	52	20	-1	10.69	10.69
Fixation L	1	93	4731893384	4732068636	175252	95.07	592.23	28	8	-1	10.30	10.30
Fixation R	1	96	4731893384	4732068636	175252	95.07	592.23	28	8	-1	10.74	10.74
Fixation L	1	94	4732085257	4732385749	300492	292.60	577.31	59	11	-1	10.52	10.52
Fixation R	1	97	4732085257	4732385749	300492	292.60	577.31	59	11	-1	10.92	10.92
Fixation L	1	95	4732393999	4732744493	350494	410.48	580.08	39	6	-1	10.40	10.40
Fixation R	1	98	4732393999	4732744493	350494	410.48	580.08	39	6	-1	11.17	11.17
Fixation L	1	96	4732752877	4732911366	158489	522.66	576.56	50	9	-1	10.24	10.24
Fixation R	1	99	4732752877	4732911366	158489	522.66	576.56	50	9	-1	11.01	11.01
Fixation L	1	97	4732919741	4733111739	191998	633.50	575.50	68	8	-1	10.19	10.19
Fixation R	1	100	4732919741	4733111739	191998	633.50	575.50	68	8	-1	10.85	10.85
Fixation L	1	98	4733119988	4733328616	208628	754.86	568.63	82	17	-1	10.06	10.06
Fixation R	1	101	4733119988	4733328616	208628	754.86	568.63	82	17	-1	10.71	10.71
Fixation L	1	99	4733336985	4733654109	317124	655.21	571.38	90	8	-1	10.25	10.25
Fixation R	1	102	4733336985	4733654109	317124	655.21	571.38	90	8	-1	10.89	10.89
Fixation L	1	100	4733662482	4733804231	141749	588.46	581.04	13	8	-1	10.25	10.25
Fixation R	1	103	4733662482	4733804231	141749	588.46	581.04	13	8	-1	11.07	11.07
Fixation L	1	101	4733812603	4734071350	258747	726.97	588.07	61	8	-1	10.19	10.19
Fixation R	1	104	4733812603	4734071350	258747	726.97	588.07	61	8	-1	10.86	10.86
Fixation L	1	102	4734079606	4734438468	358862	867.33	577.49	34	16	-1	10.13	10.13
Fixation R	1	105	4734079606	4734438468	358862	867.33	577.49	34	16	-1	10.86	10.86
Fixation L	1	103	4734496846	4734772213	275367	101.64	655.31	26	56	-1	10.25	10.25
Fixation R	1	106	4734496846	4734772213	275367	101.64	655.31	26	56	-1	10.87	10.87
Fixation L	1	104	4734780594	4735197834	417240	247.90	637.43	71	22	-1	10.49	10.49
Fixation R	1	107	4734780594	4735197834	417240	247.90	637.43	71	22	-1	10.77	10.77
Fixation L	1	105	4735206211	4735581704	375493	424.26	641.10	66	23	-1	10.42	10.42
Fixation R	1	108	4735206211	4735498202	291991	426.13	638.30	66	6	-1	11.00	11.00
Fixation L	1	106	4735598327	4735907075	308748	660.72	635.34	23	25	-1	10.36	10.36
Fixation R	1	109	4735598327	4735907075	308748	660.72	635.34	23	25	-1	11.04	11.04
Fixation L	1	107	4735915446	4736107321	191875	797.89	627.45	38	11	-1	10.18	10.18
Fixation R	1	110	4735915446	4736107321	191875	797.89	627.45	38	11	-1	10.93	10.93
Fixation L	1	108	4736124072	4736282570	158498	610.79	633.52	32	14	-1	10.51	10.51
Fixation R	1	111	4736124072	4736282570	158498	610.79	633.52	32	14	-1	11.21	11.21
Fixation L	1	109	4736290947	4736524561	233614	484.38	640.51	12	7	-1	10.46	10.46
Fixation R	1	112	4736290947	4736524561	233614	484.38	640.51	12	7	-1	11.50	11.50
Fixation L	1	110	4736541313	4736883433	342120	728.68	630.15	80	19	-1	10.47	10.47
Fixation R	1	113	4736766558	4736983558	217000	697.84	630.22	55	8	-1	11.23	11.23
Fixation L	1	111	4736891809	4736983558	91749	690.91	632.69	8	3	-1	10.50	10.50
Fixation L	1	112	4736991936	4737200553	208617	886.55	639.76	80	8	-1	10.32	10.32
Fixation R	1	114	4736991936	4737200553	208617	886.55	639.76	80	8	-1	11.05	11.05
Fixation L	1	113	4737250549	4737592674	342125	115.56	716.01	53	31	-1	10.39	10.39
Fixation R	1	115	4737250549	4737592674	342125	115.56	716.01	53	31	-1	11.03	11.03
Fixation L	1	114	4737601044	4737834672	233628	260.28	711.25	78	12	-1	10.70	10.70
Fixation R	1	116	4737601044	4737834672	233628	260.28	711.25	78	12	-1	10.99	10.99
Fixation L	1	115	4737843046	4738051662	208616	403.26	710.19	24	17	-1	10.81	10.81
Fixation L	1	116	4738060042	4738226911	166869	591.59	701.99	61	11	-1	10.75	10.75
Fixation R	1	117	4738060042	4738226911	166869	591.59	701.99	61	11	-1	11.48	11.48
Fixation L	1	117	4738235287	4738635783	400496	750.51	691.87	76	9	-1	10.45	10.45
Fixation R	1	118	4738235287	4738635783	400496	750.51	691.87	76	9	-1	11.09	11.09

