[BeGaze]
Converted from:	C:\Program Files\SMI\Experiment Suite 360\Experiment Center 2\Results\Readability_First_01\P02-eye_data.idf
Date:	02.08.2013 11:27:28
Version:	BeGaze 3.2.28
Sample Rate:	120
Subject:	P02
Description:	Run2

Table Header for Fixations:
Event Type	Trial	Number	Start	End	Duration	Location X	Location Y	Dispersion X	Dispersion Y	Plane	Avg. Pupil Size X	Avg. Pupil Size Y


Fixation L	1	1	6620203045	6620386650	183605	251.90	46.23	49	27	-1	9.41	9.41
Fixation R	1	1	6620203045	6620386650	183605	251.90	46.23	49	27	-1	9.99	9.99
Fixation L	1	2	6620403400	6620762144	358744	113.22	55.20	57	27	-1	9.31	9.31
Fixation R	1	2	6620403400	6620762144	358744	113.22	55.20	57	27	-1	9.73	9.73
Fixation L	1	3	6620770526	6620995892	225366	215.71	41.92	27	37	-1	10.02	10.02
Fixation R	1	3	6620770526	6620995892	225366	215.71	41.92	27	37	-1	9.65	9.65
Fixation L	1	4	6621062517	6621229514	166997	411.37	18.23	48	20	-1	9.74	9.74
Fixation R	1	4	6621062517	6621229514	166997	411.37	18.23	48	20	-1	9.83	9.83
Fixation L	1	5	6621237888	6621413007	175119	296.23	28.56	88	7	-1	9.85	9.85
Fixation R	1	5	6621237888	6621413007	175119	296.23	28.56	88	7	-1	10.19	10.19
Fixation L	1	6	6621421388	6621880375	458987	232.20	23.53	65	18	-1	9.81	9.81
Fixation R	1	6	6621421388	6621880375	458987	232.20	23.53	65	18	-1	10.12	10.12
Fixation L	1	7	6621888750	6622030499	141749	307.28	10.08	13	4	-1	9.85	9.85
Fixation R	1	7	6621888750	6622030499	141749	307.28	10.08	13	4	-1	10.12	10.12
Fixation L	1	8	6622038879	6622239118	200239	454.08	18.07	35	19	-1	9.90	9.90
Fixation R	1	8	6622038879	6622239118	200239	454.08	18.07	35	19	-1	10.08	10.08
Fixation L	1	9	6622247498	6622481116	233618	604.63	9.64	56	21	-1	9.85	9.85
Fixation R	1	9	6622247498	6622481116	233618	604.63	9.64	56	21	-1	9.97	9.97
Fixation L	1	10	6622489491	6622673121	183630	695.64	6.33	38	10	-1	9.65	9.65
Fixation R	1	10	6622489491	6622673121	183630	695.64	6.33	38	10	-1	9.99	9.99
Fixation L	1	11	6622681488	6622831610	150122	795.81	13.46	16	9	-1	9.69	9.69
Fixation R	1	11	6622681488	6622831610	150122	795.81	13.46	16	9	-1	9.90	9.90
Fixation L	1	12	6622881735	6623090355	208620	146.87	73.80	42	49	-1	9.53	9.53
Fixation R	1	12	6622881735	6623090355	208620	146.87	73.80	42	49	-1	10.09	10.09
Fixation L	1	13	6623098609	6623190482	91873	119.14	88.22	15	16	-1	9.60	9.60
Fixation R	1	13	6623098609	6623190482	91873	119.14	88.22	15	16	-1	10.07	10.07
Fixation L	1	14	6623198858	6623382353	183495	297.50	99.31	79	9	-1	9.63	9.63
Fixation R	1	14	6623198858	6623382353	183495	297.50	99.31	79	9	-1	10.00	10.00
Fixation L	1	15	6623474105	6623716097	241992	391.17	98.43	85	14	-1	10.00	10.00
Fixation R	1	15	6623474105	6623716097	241992	391.17	98.43	85	14	-1	10.18	10.18
Fixation L	1	16	6623724478	6623849725	125247	364.57	95.63	79	7	-1	9.99	9.99
Fixation R	1	16	6623724478	6623849725	125247	364.57	95.63	79	7	-1	10.14	10.14
Fixation L	1	17	6623857976	6624083343	225367	507.27	89.95	56	16	-1	9.87	9.87
Fixation R	1	17	6623857976	6624083343	225367	507.27	89.95	56	16	-1	10.07	10.07
Fixation L	1	18	6624091715	6624183466	91751	582.92	81.07	21	10	-1	9.76	9.76
Fixation R	1	18	6624091715	6624183466	91751	582.92	81.07	21	10	-1	10.08	10.08
Fixation L	1	19	6624191840	6624450463	258623	699.80	67.56	87	11	-1	9.76	9.76
Fixation R	1	19	6624191840	6624450463	258623	699.80	67.56	87	11	-1	9.97	9.97
Fixation L	1	20	6624458840	6624709214	250374	787.09	79.59	53	36	-1	9.60	9.60
Fixation R	1	20	6624458840	6624709214	250374	787.09	79.59	53	36	-1	9.73	9.73
Fixation L	1	21	6624750835	6624901086	150251	166.65	140.50	59	32	-1	9.36	9.36
Fixation R	1	21	6624750835	6624901086	150251	166.65	140.50	59	32	-1	9.92	9.92
Fixation L	1	22	6624909456	6625126331	216875	72.85	155.44	16	16	-1	9.40	9.40
Fixation R	1	22	6624909456	6625126331	216875	72.85	155.44	16	16	-1	9.92	9.92
Fixation L	1	23	6625134701	6625435073	300372	193.77	140.21	35	25	-1	9.57	9.57
Fixation R	1	23	6625134701	6625435073	300372	193.77	140.21	35	25	-1	9.99	9.99
Fixation L	1	24	6625443446	6625635445	191999	303.28	123.01	85	13	-1	9.46	9.46
Fixation R	1	24	6625443446	6625635445	191999	303.28	123.01	85	13	-1	9.79	9.79
Fixation L	1	25	6625643692	6625818939	175247	210.63	131.79	9	7	-1	9.41	9.41
Fixation R	1	25	6625643692	6625818939	175247	210.63	131.79	9	7	-1	9.75	9.75
Fixation L	1	26	6625835690	6626102689	266999	447.58	124.32	32	13	-1	9.53	9.53
Fixation R	1	26	6625835690	6626102689	266999	447.58	124.32	32	13	-1	9.78	9.78
Fixation L	1	27	6626111062	6626461559	350497	554.54	115.89	74	24	-1	9.50	9.50
Fixation R	1	27	6626111062	6626461559	350497	554.54	115.89	74	24	-1	9.72	9.72
Fixation L	1	28	6626469806	6627045672	575866	478.16	107.87	55	37	-1	9.48	9.48
Fixation R	1	28	6626469806	6627045672	575866	478.16	107.87	55	37	-1	9.65	9.65
Fixation L	1	29	6627062301	6627245917	183616	613.63	111.40	77	4	-1	9.52	9.52
Fixation R	1	29	6627062301	6627245917	183616	613.63	111.40	77	4	-1	9.82	9.82
Fixation L	1	30	6627254297	6627496165	241868	498.77	117.94	89	9	-1	9.49	9.49
Fixation R	1	30	6627254297	6627496165	241868	498.77	117.94	89	9	-1	9.75	9.75
Fixation L	1	31	6627504544	6627905162	400618	457.10	128.91	45	26	-1	9.52	9.52
Fixation R	1	31	6627504544	6627905162	400618	457.10	128.91	45	26	-1	9.74	9.74
Fixation L	1	32	6627913411	6628222155	308744	701.72	128.47	79	10	-1	9.48	9.48
Fixation R	1	32	6627913411	6628222155	308744	701.72	128.47	79	10	-1	9.87	9.87
Fixation L	1	33	6628238905	6628622772	383867	861.56	138.34	80	13	-1	9.37	9.37
Fixation R	1	33	6628238905	6628622772	383867	861.56	138.34	80	13	-1	9.64	9.64
Fixation L	1	34	6628689525	6628914770	225245	108.71	214.32	17	48	-1	9.09	9.09
Fixation R	1	34	6628689525	6628914770	225245	108.71	214.32	17	48	-1	9.62	9.62
Fixation L	1	35	6629014893	6629106771	91878	56.38	240.34	53	45	-1	9.36	9.36
Fixation R	1	35	6629014893	6629106771	91878	56.38	240.34	53	45	-1	9.71	9.71
Fixation L	1	36	6629156770	6629315389	158619	188.51	204.46	6	28	-1	9.48	9.48
Fixation R	1	36	6629156770	6629315389	158619	188.51	204.46	6	28	-1	9.81	9.81
Fixation L	1	37	6629323638	6629849381	525743	336.20	186.54	48	30	-1	9.66	9.66
Fixation R	1	37	6629323638	6629849381	525743	336.20	186.54	48	30	-1	9.76	9.76
Fixation L	1	38	6629857760	6630074749	216989	486.83	166.89	73	12	-1	9.54	9.54
Fixation R	1	38	6629857760	6630074749	216989	486.83	166.89	73	12	-1	9.65	9.65
Fixation L	1	39	6630091378	6630299997	208619	638.99	177.06	26	27	-1	9.61	9.61
Fixation R	1	39	6630091378	6630299997	208619	638.99	177.06	26	27	-1	9.96	9.96
Fixation L	1	40	6630308380	6630491872	183492	789.70	175.98	84	10	-1	9.57	9.57
Fixation R	1	40	6630308380	6630491872	183492	789.70	175.98	84	10	-1	9.93	9.93
Fixation L	1	41	6630533624	6630642120	108496	120.47	250.12	62	35	-1	9.47	9.47
Fixation R	1	41	6630533624	6630642120	108496	120.47	250.12	62	35	-1	9.97	9.97
Fixation L	1	42	6630650492	6630808996	158504	90.63	231.94	12	16	-1	9.51	9.51
Fixation R	1	42	6630650492	6630808996	158504	90.63	231.94	12	16	-1	9.91	9.91
Fixation L	1	43	6630817368	6630925863	108495	257.07	239.92	89	9	-1	9.73	9.73
Fixation R	1	43	6630817368	6630925863	108495	257.07	239.92	89	9	-1	10.03	10.03
Fixation L	1	44	6630934247	6631192862	258615	247.17	258.02	54	23	-1	9.66	9.66
Fixation R	1	44	6630934247	6631192862	258615	247.17	258.02	54	23	-1	9.91	9.91
Fixation L	1	45	6631209489	6631434860	225371	389.84	240.95	40	31	-1	9.50	9.50
Fixation R	1	45	6631209489	6631434860	225371	389.84	240.95	40	31	-1	9.93	9.93
Fixation L	1	46	6631443229	6632060728	617499	508.09	234.29	59	29	-1	9.49	9.49
Fixation R	1	46	6631443229	6632060728	617499	508.09	234.29	59	29	-1	9.76	9.76
Fixation L	1	47	6632068975	6632394467	325492	649.16	231.04	66	25	-1	9.40	9.40
Fixation R	1	47	6632068975	6632394467	325492	649.16	231.04	66	25	-1	9.88	9.88
Fixation L	1	48	6632411221	6632694838	283617	861.21	246.81	27	25	-1	9.37	9.37
Fixation R	1	48	6632411221	6632694838	283617	861.21	246.81	27	25	-1	9.74	9.74
Fixation L	1	49	6632744960	6632920208	175248	129.45	318.24	46	42	-1	9.36	9.36
Fixation R	1	49	6632744960	6632920208	175248	129.45	318.24	46	42	-1	9.82	9.82
Fixation L	1	50	6632928457	6633220582	292125	86.25	321.86	60	13	-1	9.48	9.48
Fixation R	1	50	6632928457	6633220582	292125	86.25	321.86	60	13	-1	9.81	9.81
Fixation L	1	51	6633228953	6633579451	350498	217.57	315.04	40	19	-1	9.59	9.59
Fixation R	1	51	6633228953	6633579451	350498	217.57	315.04	40	19	-1	9.89	9.89
Fixation L	1	52	6633604453	6633796321	191868	578.49	242.71	34	9	-1	9.54	9.54
Fixation R	1	52	6633604453	6633796321	191868	578.49	242.71	34	9	-1	9.78	9.78
Fixation L	1	53	6633804695	6633963199	158504	678.40	218.70	36	38	-1	9.46	9.46
Fixation R	1	53	6633804695	6633963199	158504	678.40	218.70	36	38	-1	9.85	9.85
Fixation L	1	54	6633971571	6634238567	266996	761.30	229.20	17	35	-1	9.45	9.45
Fixation R	1	54	6633971571	6634238567	266996	761.30	229.20	17	35	-1	9.79	9.79
Fixation L	1	55	6634280313	6634397185	116872	187.08	283.20	48	50	-1	9.32	9.32
Fixation R	1	55	6634280313	6634397185	116872	187.08	283.20	48	50	-1	9.75	9.75
Fixation L	1	56	6634405561	6634564064	158503	175.05	301.51	90	5	-1	9.35	9.35
Fixation R	1	56	6634405561	6634564064	158503	175.05	301.51	90	5	-1	9.73	9.73
Fixation L	1	57	6634572436	6634664188	91752	348.09	289.92	12	17	-1	9.53	9.53
Fixation R	1	57	6634572436	6634664188	91752	348.09	289.92	12	17	-1	9.88	9.88
Fixation L	1	58	6634672565	6634897804	225239	473.00	302.32	58	29	-1	9.54	9.54
Fixation R	1	58	6634672565	6634897804	225239	473.00	302.32	58	29	-1	9.81	9.81
Fixation L	1	59	6634906177	6635064682	158505	592.08	315.04	74	8	-1	9.53	9.53
Fixation R	1	59	6634906177	6635064682	158505	592.08	315.04	74	8	-1	10.06	10.06
Fixation L	1	60	6635081430	6635265053	183623	783.20	303.91	61	32	-1	9.40	9.40
Fixation R	1	60	6635081430	6635265053	183623	783.20	303.91	61	32	-1	9.77	9.77
Fixation R	1	61	6635273301	6635665546	392245	729.47	292.07	35	10	-1	9.95	9.95
Fixation L	1	61	6635748916	6636049411	300495	851.50	310.98	46	20	-1	9.64	9.64
Fixation R	1	62	6635748916	6636049411	300495	851.50	310.98	46	20	-1	9.93	9.93
Fixation L	1	62	6636057669	6636191287	133618	943.55	308.42	24	9	-1	9.51	9.51
Fixation R	1	63	6636057669	6636191287	133618	943.55	308.42	24	9	-1	9.91	9.91
Fixation L	1	63	6636249658	6636525032	275374	110.56	378.47	64	30	-1	9.47	9.47
Fixation R	1	64	6636249658	6636525032	275374	110.56	378.47	64	30	-1	9.91	9.91
Fixation L	1	64	6636533408	6636767028	233620	208.20	376.63	35	18	-1	9.60	9.60
Fixation R	1	65	6636533408	6636767028	233620	208.20	376.63	35	18	-1	9.90	9.90
Fixation L	1	65	6636775401	6637000649	225248	334.72	380.75	31	17	-1	9.49	9.49
Fixation R	1	66	6636775401	6637000649	225248	334.72	380.75	31	17	-1	9.80	9.80
Fixation L	1	66	6637009029	6637309400	300371	216.04	376.17	48	13	-1	9.38	9.38
Fixation R	1	67	6637009029	6637309400	300371	216.04	376.17	48	13	-1	9.62	9.62
Fixation L	1	67	6637317767	6637576387	258620	310.52	368.99	73	26	-1	9.33	9.33
Fixation R	1	68	6637317767	6637576387	258620	310.52	368.99	73	26	-1	9.74	9.74
Fixation L	1	68	6637651510	6637960262	308752	472.26	379.02	55	9	-1	9.40	9.40
Fixation R	1	69	6637651510	6637960262	308752	472.26	379.02	55	9	-1	9.87	9.87
Fixation L	1	69	6637968636	6638185632	216996	578.27	379.29	62	23	-1	9.36	9.36
Fixation R	1	70	6637968636	6638185632	216996	578.27	379.29	62	23	-1	9.99	9.99
Fixation L	1	70	6638193881	6638477627	283746	727.89	377.15	51	17	-1	9.33	9.33
Fixation R	1	71	6638193881	6638477627	283746	727.89	377.15	51	17	-1	9.74	9.74
Fixation L	1	71	6638486001	6638794746	308745	882.48	370.55	37	12	-1	9.18	9.18
Fixation R	1	72	6638486001	6638794746	308745	882.48	370.55	37	12	-1	9.59	9.59
Fixation L	1	72	6638803124	6639003369	200245	977.79	364.77	27	6	-1	9.23	9.23
Fixation R	1	73	6638803124	6639003369	200245	977.79	364.77	27	6	-1	9.62	9.62
Fixation L	1	73	6639061746	6639245363	183617	122.74	440.75	81	17	-1	9.32	9.32
Fixation R	1	74	6639061746	6639245363	183617	122.74	440.75	81	17	-1	9.77	9.77
Fixation L	1	74	6639253616	6639487361	233745	71.81	455.63	66	12	-1	9.48	9.48
Fixation R	1	75	6639253616	6639487361	233745	71.81	455.63	66	12	-1	9.78	9.78
Fixation L	1	75	6639495612	6639712615	217003	181.91	435.84	36	21	-1	9.52	9.52
Fixation R	1	76	6639495612	6639712615	217003	181.91	435.84	36	21	-1	9.67	9.67
Fixation L	1	76	6639720982	6640012986	292004	348.37	441.96	80	7	-1	9.49	9.49
Fixation R	1	77	6639720982	6640012986	292004	348.37	441.96	80	7	-1	9.85	9.85
Fixation L	1	77	6640021353	6640463599	442246	498.51	448.48	42	20	-1	9.46	9.46
Fixation R	1	78	6640021353	6640463599	442246	498.51	448.48	42	20	-1	9.79	9.79
Fixation L	1	78	6640471972	6640730718	258746	595.75	449.99	23	13	-1	9.38	9.38
Fixation R	1	79	6640471972	6640730718	258746	595.75	449.99	23	13	-1	9.97	9.97
Fixation L	1	79	6640747343	6641056086	308743	367.48	445.79	43	5	-1	9.22	9.22
Fixation R	1	80	6640747343	6641056086	308743	367.48	445.79	43	5	-1	9.76	9.76
Fixation L	1	80	6641064468	6641398206	333738	526.55	449.77	43	13	-1	9.36	9.36
Fixation R	1	81	6641064468	6641398206	333738	526.55	449.77	43	13	-1	9.92	9.92
Fixation L	1	81	6641439958	6641648576	208618	829.67	448.70	87	12	-1	9.50	9.50
Fixation R	1	82	6641439958	6641648576	208618	829.67	448.70	87	12	-1	9.64	9.64
Fixation L	1	82	6641656950	6641840451	183501	770.59	451.55	24	8	-1	9.52	9.52
Fixation R	1	83	6641656950	6641840451	183501	770.59	451.55	24	8	-1	9.76	9.76
Fixation L	1	83	6641848824	6642132570	283746	886.76	451.54	20	10	-1	9.46	9.46
Fixation R	1	84	6641848824	6642132570	283746	886.76	451.54	20	10	-1	9.71	9.71
Fixation L	1	84	6642190946	6642357815	166869	148.14	495.46	69	28	-1	9.38	9.38
Fixation R	1	85	6642190946	6642357815	166869	148.14	495.46	69	28	-1	9.82	9.82
Fixation L	1	85	6642366196	6642608186	241990	66.62	512.76	35	12	-1	9.46	9.46
Fixation R	1	86	6642366196	6642608186	241990	66.62	512.76	35	12	-1	9.75	9.75
Fixation L	1	86	6642616570	6642850182	233612	136.06	500.96	84	15	-1	9.48	9.48
Fixation R	1	87	6642616570	6642850182	233612	136.06	500.96	84	15	-1	9.69	9.69
Fixation L	1	87	6642858558	6643083808	225250	72.16	506.58	17	11	-1	9.47	9.47
Fixation R	1	88	6642858558	6643083808	225250	72.16	506.58	17	11	-1	9.69	9.69
Fixation L	1	88	6643092183	6643275675	183492	254.71	488.94	75	22	-1	9.61	9.61
Fixation R	1	89	6643092183	6643275675	183492	254.71	488.94	75	22	-1	9.78	9.78
Fixation L	1	89	6643284050	6643450923	166873	305.09	497.75	35	11	-1	9.62	9.62
Fixation R	1	90	6643284050	6643450923	166873	305.09	497.75	35	11	-1	10.01	10.01
Fixation L	1	90	6643459299	6643726294	266995	445.32	509.39	78	16	-1	9.80	9.80
Fixation R	1	91	6643459299	6643726294	266995	445.32	509.39	78	16	-1	10.30	10.30
Fixation L	1	91	6643743046	6643926667	183621	642.09	499.38	33	10	-1	9.69	9.69
Fixation R	1	92	6643743046	6643926667	183621	642.09	499.38	33	10	-1	10.23	10.23
Fixation L	1	92	6643934918	6644302160	367242	789.61	499.74	63	13	-1	9.48	9.48
Fixation R	1	93	6643934918	6644302160	367242	789.61	499.74	63	13	-1	9.94	9.94
Fixation L	1	93	6644310415	6644452283	141868	854.14	498.91	43	3	-1	9.51	9.51
Fixation R	1	94	6644310415	6644452283	141868	854.14	498.91	43	3	-1	9.96	9.96
Fixation L	1	94	6644502407	6644602529	100122	131.32	575.20	49	48	-1	9.49	9.49
Fixation R	1	95	6644502407	6644602529	100122	131.32	575.20	49	48	-1	9.78	9.78
Fixation L	1	95	6644610779	6644769411	158632	114.82	577.35	32	5	-1	9.53	9.53
Fixation R	1	96	6644610779	6644769411	158632	114.82	577.35	32	5	-1	9.80	9.80
Fixation L	1	96	6644777780	6644936275	158495	203.34	565.89	22	10	-1	9.75	9.75
Fixation R	1	97	6644777780	6644936275	158495	203.34	565.89	22	10	-1	9.71	9.71
Fixation L	1	97	6644944654	6645211646	266992	300.41	560.55	15	10	-1	9.81	9.81
Fixation R	1	98	6644944654	6645211646	266992	300.41	560.55	15	10	-1	9.98	9.98
Fixation L	1	98	6645220029	6645453644	233615	467.27	556.54	72	9	-1	9.78	9.78
Fixation R	1	99	6645220029	6645453644	233615	467.27	556.54	72	9	-1	10.18	10.18
Fixation L	1	99	6645462019	6645628895	166876	621.90	552.31	46	14	-1	9.78	9.78
Fixation R	1	100	6645462019	6645628895	166876	621.90	552.31	46	14	-1	10.21	10.21
Fixation R	1	101	6645637264	6645804137	166873	747.30	558.22	51	6	-1	9.98	9.98
Fixation L	1	100	6645812515	6646046138	233623	583.81	558.15	83	11	-1	9.73	9.73
Fixation R	1	102	6645812515	6646046138	233623	583.81	558.15	83	11	-1	10.31	10.31
Fixation L	1	101	6646054509	6646229759	175250	535.17	553.95	69	18	-1	9.83	9.83
Fixation R	1	103	6646054509	6646229759	175250	535.17	553.95	69	18	-1	10.06	10.06
Fixation L	1	102	6646238008	6646379879	141871	617.37	547.87	40	4	-1	9.92	9.92
Fixation R	1	104	6646238008	6646379879	141871	617.37	547.87	40	4	-1	10.33	10.33
Fixation L	1	103	6646388255	6646755375	367120	707.33	554.60	57	15	-1	9.39	9.39
Fixation R	1	105	6646388255	6646755375	367120	707.33	554.60	57	15	-1	10.00	10.00
Fixation L	1	104	6646763748	6646997373	233625	868.92	566.20	20	13	-1	9.54	9.54
Fixation R	1	106	6646763748	6646997373	233625	868.92	566.20	20	13	-1	9.90	9.90
Fixation L	1	105	6647047497	6647180993	133496	153.55	619.72	55	34	-1	9.01	9.01
Fixation R	1	107	6647047497	6647180993	133496	153.55	619.72	55	34	-1	9.79	9.79
Fixation L	1	106	6647189366	6647439612	250246	62.13	646.23	66	15	-1	9.62	9.62
Fixation R	1	108	6647189366	6647439612	250246	62.13	646.23	66	15	-1	9.87	9.87
Fixation L	1	107	6647447992	6647581483	133491	186.45	630.76	74	25	-1	9.90	9.90
Fixation L	1	108	6647589859	6647706733	116874	213.12	623.51	13	5	-1	9.94	9.94
Fixation R	1	109	6647589859	6647706733	116874	213.12	623.51	13	5	-1	9.73	9.73
Fixation R	1	110	6647714984	6647956981	241997	360.08	604.14	29	24	-1	10.21	10.21
Fixation L	1	109	6647965355	6648182354	216999	481.34	613.21	64	30	-1	10.01	10.01
Fixation R	1	111	6647965355	6648182354	216999	481.34	613.21	64	30	-1	10.73	10.73
Fixation R	1	112	6648198984	6648474352	275368	694.36	619.96	91	8	-1	10.37	10.37
Fixation L	1	110	6648491100	6648758097	266997	852.53	622.47	87	9	-1	9.77	9.77
Fixation R	1	113	6648491100	6648758097	266997	852.53	622.47	87	9	-1	10.18	10.18
Fixation L	1	111	6648766469	6648924972	158503	931.27	628.91	23	5	-1	9.86	9.86
Fixation R	1	114	6648766469	6648924972	158503	931.27	628.91	23	5	-1	10.21	10.21
Fixation L	1	112	6648983344	6649317213	333869	112.11	693.25	25	60	-1	9.87	9.87
Fixation R	1	115	6648983344	6649317213	333869	112.11	693.25	25	60	-1	10.19	10.19
Fixation L	1	113	6649325464	6649509084	183620	240.54	687.63	77	11	-1	10.19	10.19
Fixation R	1	116	6649325464	6649509084	183620	240.54	687.63	77	11	-1	10.06	10.06
Fixation R	1	117	6649517459	6649742708	225249	382.39	663.08	63	34	-1	10.76	10.76
Fixation L	1	114	6649717703	6649867952	150249	347.96	680.60	62	25	-1	9.55	9.55
Fixation R	1	118	6649751081	6649867952	116871	345.26	683.85	62	14	-1	10.46	10.46
Fixation L	1	115	6649876209	6650134948	258739	521.49	692.85	12	14	-1	10.28	10.28
Fixation R	1	119	6649876209	6650134948	258739	521.49	692.85	12	14	-1	10.86	10.86
Fixation R	1	120	6650151576	6650543816	392240	733.02	685.77	28	8	-1	10.50	10.50
Fixation L	1	116	6650577191	6650744068	166877	794.47	697.99	85	13	-1	9.31	9.31
Fixation R	1	121	6650577191	6650744068	166877	794.47	697.99	85	13	-1	10.47	10.47
Fixation L	1	117	6650752440	6650969438	216998	565.25	695.58	89	8	-1	10.22	10.22
Fixation R	1	122	6650752440	6650969438	216998	565.25	695.58	89	8	-1	10.93	10.93
Fixation L	1	118	6650977685	6651111312	133627	516.27	695.09	8	7	-1	10.21	10.21
Fixation R	1	123	6650977685	6651111312	133627	516.27	695.09	8	7	-1	11.05	11.05
Fixation R	1	124	6651127934	6651328181	200247	717.71	685.13	27	15	-1	10.52	10.52
Fixation L	1	119	6651336560	6651595180	258620	828.00	676.59	38	10	-1	9.72	9.72
Fixation R	1	125	6651336560	6651595180	258620	828.00	676.59	38	10	-1	10.23	10.23
Fixation R	1	126	6651603551	6651795549	191998	709.56	679.98	34	9	-1	10.56	10.56
Fixation L	1	120	6651887303	6652045816	158513	168.57	26.45	60	30	-1	9.60	9.60
Fixation R	1	127	6651887303	6652045816	158513	168.57	26.45	60	30	-1	10.07	10.07

