[BeGaze]
Converted from:	C:\Program Files\SMI\Experiment Suite 360\Experiment Center 2\Results\Readability_First_01\P02-eye_data.idf
Date:	02.08.2013 11:27:28
Version:	BeGaze 3.2.28
Sample Rate:	120
Subject:	P02
Description:	Run2

Table Header for Fixations:
Event Type	Trial	Number	Start	End	Duration	Location X	Location Y	Dispersion X	Dispersion Y	Plane	Avg. Pupil Size X	Avg. Pupil Size Y


Fixation L	1	1	6950597397	6950814264	216867	253.09	51.51	53	33	-1	10.07	10.07
Fixation R	1	1	6950597397	6950814264	216867	253.09	51.51	53	33	-1	10.46	10.46
Fixation L	1	2	6950822644	6951181513	358869	131.81	67.41	45	25	-1	9.81	9.81
Fixation R	1	2	6950822644	6951181513	358869	131.81	67.41	45	25	-1	10.21	10.21
Fixation L	1	3	6951189758	6951373381	183623	289.05	52.90	55	34	-1	9.94	9.94
Fixation R	1	3	6951189758	6951373381	183623	289.05	52.90	55	34	-1	10.11	10.11
Fixation L	1	4	6951381761	6951548630	166869	416.49	46.77	82	17	-1	10.01	10.01
Fixation R	1	4	6951381761	6951548630	166869	416.49	46.77	82	17	-1	10.28	10.28
Fixation L	1	5	6951640380	6951865749	225369	588.28	43.45	64	18	-1	10.17	10.17
Fixation R	1	5	6951640380	6951865749	225369	588.28	43.45	64	18	-1	10.17	10.17
Fixation L	1	6	6951932506	6952157748	225242	784.92	43.68	60	36	-1	10.02	10.02
Fixation R	1	6	6951949120	6952266244	317124	769.92	45.43	65	30	-1	10.29	10.29
Fixation L	1	7	6952166119	6952274620	108501	749.14	47.92	69	3	-1	10.08	10.08
Fixation R	1	7	6952274620	6952524987	250367	841.40	48.64	48	21	-1	10.26	10.26
Fixation L	1	8	6952282997	6952524987	241990	842.62	48.72	18	21	-1	10.03	10.03
Fixation L	1	9	6952574996	6952791987	216991	159.50	123.86	63	36	-1	9.88	9.88
Fixation R	1	8	6952574996	6952791987	216991	159.50	123.86	63	36	-1	10.48	10.48
Fixation L	1	10	6952800235	6952908737	108502	120.52	135.62	7	18	-1	9.84	9.84
Fixation R	1	9	6952800235	6952908737	108502	120.52	135.62	7	18	-1	10.46	10.46
Fixation L	1	11	6952917111	6953134111	217000	250.96	121.57	23	29	-1	10.09	10.09
Fixation R	1	10	6952917111	6953134111	217000	250.96	121.57	23	29	-1	10.48	10.48
Fixation L	1	12	6953142485	6953325981	183496	382.14	110.30	54	4	-1	10.08	10.08
Fixation R	1	11	6953142485	6953325981	183496	382.14	110.30	54	4	-1	10.50	10.50
Fixation L	1	13	6953334358	6953567976	233618	502.57	111.35	25	8	-1	10.04	10.04
Fixation R	1	12	6953334358	6953567976	233618	502.57	111.35	25	8	-1	10.24	10.24
Fixation L	1	14	6953576351	6953901720	325369	645.23	99.47	44	11	-1	9.81	9.81
Fixation R	1	13	6953576351	6953901720	325369	645.23	99.47	44	11	-1	10.06	10.06
Fixation L	1	15	6953910096	6954285592	375496	822.85	110.67	66	17	-1	9.84	9.84
Fixation R	1	14	6953910096	6954285592	375496	822.85	110.67	66	17	-1	9.99	9.99
Fixation L	1	16	6954344095	6954644461	300366	134.28	184.23	48	32	-1	9.79	9.79
Fixation R	1	15	6954344095	6954644461	300366	134.28	184.23	48	32	-1	10.36	10.36
Fixation L	1	17	6954652835	6954928205	275370	325.01	179.52	30	11	-1	10.04	10.04
Fixation R	1	16	6954652835	6954928205	275370	325.01	179.52	30	11	-1	10.24	10.24
Fixation L	1	18	6954936459	6955161826	225367	522.21	158.12	64	22	-1	10.08	10.08
Fixation R	1	17	6954936459	6955161826	225367	522.21	158.12	64	22	-1	10.17	10.17
Fixation L	1	19	6955170203	6955403824	233621	707.70	149.56	73	21	-1	9.94	9.94
Fixation R	1	18	6955170203	6955403824	233621	707.70	149.56	73	21	-1	10.20	10.20
Fixation L	1	20	6955428820	6955754318	325498	891.75	206.49	34	54	-1	9.89	9.89
Fixation R	1	19	6955428820	6955754318	325498	891.75	206.49	34	54	-1	10.18	10.18
Fixation L	1	21	6955812692	6955962942	150250	176.34	239.29	71	23	-1	9.73	9.73
Fixation R	1	20	6955812692	6955962942	150250	176.34	239.29	71	23	-1	10.48	10.48
Fixation L	1	22	6955971190	6956179806	208616	112.69	246.16	25	15	-1	9.75	9.75
Fixation R	1	21	6955971190	6956179806	208616	112.69	246.16	25	15	-1	10.31	10.31
Fixation L	1	23	6956188188	6956330059	141871	259.49	240.63	74	17	-1	9.90	9.90
Fixation R	1	22	6956188188	6956330059	141871	259.49	240.63	74	17	-1	10.36	10.36
Fixation L	1	24	6956446803	6956555302	108499	393.90	219.02	88	11	-1	10.40	10.40
Fixation R	1	23	6956446803	6956555302	108499	393.90	219.02	88	11	-1	10.52	10.52
Fixation L	1	25	6956563682	6956797300	233618	473.71	223.59	85	4	-1	10.21	10.21
Fixation R	1	24	6956563682	6956797300	233618	473.71	223.59	85	4	-1	10.60	10.60
Fixation L	1	26	6956805673	6956980924	175251	586.42	219.44	25	7	-1	10.14	10.14
Fixation R	1	25	6956805673	6956980924	175251	586.42	219.44	25	7	-1	10.52	10.52
Fixation L	1	27	6956989174	6957323045	333871	460.23	218.56	54	12	-1	10.16	10.16
Fixation R	1	26	6956989174	6957323045	333871	460.23	218.56	54	12	-1	10.52	10.52
Fixation L	1	28	6957331420	6957498289	166869	604.14	206.85	66	5	-1	10.21	10.21
Fixation R	1	27	6957331420	6957498289	166869	604.14	206.85	66	5	-1	10.45	10.45
Fixation L	1	29	6957506662	6957748659	241997	711.06	203.61	76	10	-1	10.16	10.16
Fixation R	1	28	6957506662	6957748659	241997	711.06	203.61	76	10	-1	10.53	10.53
Fixation L	1	30	6957756908	6957940535	183627	816.23	201.78	82	16	-1	10.12	10.12
Fixation R	1	29	6957756908	6957940535	183627	816.23	201.78	82	16	-1	10.36	10.36
Fixation L	1	31	6957948906	6958266032	317126	886.87	224.77	77	22	-1	9.98	9.98
Fixation R	1	30	6957948906	6958266032	317126	886.87	224.77	77	22	-1	9.98	9.98
Fixation L	1	32	6958274280	6958457898	183618	868.85	232.99	40	12	-1	10.08	10.08
Fixation R	1	31	6958274280	6958457898	183618	868.85	232.99	40	12	-1	10.32	10.32
Fixation L	1	33	6958516279	6958716527	200248	157.41	296.79	62	31	-1	10.01	10.01
Fixation R	1	32	6958516279	6958716527	200248	157.41	296.79	62	31	-1	10.58	10.58
Fixation L	1	34	6958724897	6959000273	275376	128.81	302.32	78	19	-1	10.09	10.09
Fixation R	1	33	6958724897	6959000273	275376	128.81	302.32	78	19	-1	10.40	10.40
Fixation L	1	35	6959008641	6959108766	100125	190.65	281.33	88	9	-1	10.11	10.11
Fixation R	1	34	6959008641	6959108766	100125	190.65	281.33	88	9	-1	10.38	10.38
Fixation L	1	36	6959117146	6959350764	233618	266.13	267.21	38	15	-1	10.14	10.14
Fixation R	1	35	6959117146	6959350764	233618	266.13	267.21	38	15	-1	10.33	10.33
Fixation L	1	37	6959359138	6959634510	275372	363.44	273.25	22	7	-1	9.98	9.98
Fixation R	1	36	6959359138	6959634510	275372	363.44	273.25	22	7	-1	10.18	10.18
Fixation L	1	38	6959642758	6959809752	166994	467.33	269.27	50	8	-1	9.92	9.92
Fixation R	1	37	6959642758	6959809752	166994	467.33	269.27	50	8	-1	10.18	10.18
Fixation L	1	39	6959818010	6960059999	241989	592.49	273.22	46	8	-1	9.86	9.86
Fixation R	1	38	6959818010	6960059999	241989	592.49	273.22	46	8	-1	10.09	10.09
Fixation L	1	40	6960085124	6960268626	183502	904.54	219.67	10	33	-1	9.92	9.92
Fixation R	1	39	6960085124	6960268626	183502	904.54	219.67	10	33	-1	9.98	9.98
Fixation L	1	41	6960293751	6960543998	250247	631.50	240.70	78	20	-1	9.93	9.93
Fixation R	1	40	6960293751	6960543998	250247	631.50	240.70	78	20	-1	10.28	10.28
Fixation L	1	42	6960610744	6960752616	141872	744.75	264.46	18	29	-1	10.19	10.19
Fixation R	1	41	6960610744	6960752616	141872	744.75	264.46	18	29	-1	10.21	10.21
Fixation L	1	43	6960877864	6961169859	291995	837.94	268.01	58	41	-1	9.97	9.97
Fixation R	1	42	6960877864	6961169859	291995	837.94	268.01	58	41	-1	10.19	10.19
Fixation L	1	44	6961178237	6961278359	100122	821.97	254.66	51	2	-1	9.16	9.16
Fixation R	1	43	6961178237	6961278359	100122	821.97	254.66	51	2	-1	10.32	10.32
Fixation R	1	44	6961286609	6961520356	233747	946.00	267.75	51	30	-1	9.96	9.96
Fixation L	1	45	6961587104	6961862474	275370	120.25	337.83	40	23	-1	9.73	9.73
Fixation R	1	45	6961587104	6961862474	275370	120.25	337.83	40	23	-1	10.18	10.18
Fixation L	1	46	6961870723	6962029348	158625	253.10	325.68	15	22	-1	10.08	10.08
Fixation R	1	46	6961870723	6962029348	158625	253.10	325.68	15	22	-1	10.29	10.29
Fixation L	1	47	6962196226	6962288094	91868	132.83	340.30	56	42	-1	9.76	9.76
Fixation R	1	47	6962196226	6962288094	91868	132.83	340.30	56	42	-1	9.99	9.99
Fixation L	1	48	6962296349	6962421593	125244	166.80	323.15	16	2	-1	9.97	9.97
Fixation R	1	48	6962296349	6962421593	125244	166.80	323.15	16	2	-1	10.16	10.16
Fixation L	1	49	6962429840	6962738586	308746	257.25	316.20	55	13	-1	10.17	10.17
Fixation R	1	49	6962429840	6962738586	308746	257.25	316.20	55	13	-1	10.28	10.28
Fixation R	1	50	6962746964	6962963958	216994	356.36	315.48	31	9	-1	10.18	10.18
Fixation L	1	50	6962972333	6963281075	308742	475.75	322.18	34	12	-1	9.91	9.91
Fixation R	1	51	6962972333	6963281075	308742	475.75	322.18	34	12	-1	10.09	10.09
Fixation L	1	51	6963289324	6963906815	617491	612.01	324.20	37	16	-1	9.82	9.82
Fixation R	1	52	6963289324	6963906815	617491	612.01	324.20	37	16	-1	10.12	10.12
Fixation L	1	52	6963915189	6964073816	158627	754.97	316.46	80	18	-1	9.48	9.48
Fixation R	1	53	6963915189	6964073816	158627	754.97	316.46	80	18	-1	9.88	9.88
Fixation L	1	53	6964082066	6964465935	383869	825.50	302.47	65	16	-1	9.45	9.45
Fixation R	1	54	6964082066	6964465935	383869	825.50	302.47	65	16	-1	9.82	9.82
Fixation L	1	54	6964516056	6964691306	175250	138.47	364.45	57	40	-1	9.42	9.42
Fixation R	1	55	6964516056	6964691306	175250	138.47	364.45	57	40	-1	9.81	9.81
Fixation L	1	55	6964699560	6965742664	1043104	98.42	403.89	51	35	-1	9.90	9.90
Fixation R	1	56	6964699560	6965742664	1043104	98.42	403.89	51	35	-1	10.07	10.07
Fixation L	1	56	6965751045	6966385157	634112	247.09	390.54	81	13	-1	10.37	10.37
Fixation R	1	57	6965751045	6966385157	634112	247.09	390.54	81	13	-1	10.46	10.46
Fixation L	1	57	6966393530	6966627154	233624	374.36	390.43	21	5	-1	10.26	10.26
Fixation R	1	58	6966393530	6966627154	233624	374.36	390.43	21	5	-1	10.58	10.58
Fixation L	1	58	6966635528	6967052772	417244	485.73	391.93	75	17	-1	10.10	10.10
Fixation R	1	59	6966635528	6967052772	417244	485.73	391.93	75	17	-1	10.47	10.47
Fixation L	1	59	6967061143	6967453267	392124	400.60	397.63	35	7	-1	9.98	9.98
Fixation R	1	60	6967061143	6967453267	392124	400.60	397.63	35	7	-1	10.42	10.42
Fixation L	1	60	6967461640	6967762009	300369	503.63	389.21	66	20	-1	10.11	10.11
Fixation R	1	61	6967461640	6967762009	300369	503.63	389.21	66	20	-1	10.54	10.54
Fixation L	1	61	6967770385	6968004008	233623	632.98	392.94	81	11	-1	10.23	10.23
Fixation R	1	62	6967770385	6968004008	233623	632.98	392.94	81	11	-1	10.61	10.61
Fixation L	1	62	6968012379	6968179254	166875	778.88	401.66	75	6	-1	10.01	10.01
Fixation R	1	63	6968012379	6968179254	166875	778.88	401.66	75	6	-1	10.33	10.33
Fixation L	1	63	6968187627	6968412871	225244	880.62	398.50	13	11	-1	9.97	9.97
Fixation R	1	64	6968187627	6968412871	225244	880.62	398.50	13	11	-1	10.22	10.22
Fixation L	1	64	6968471248	6968788369	317121	111.36	459.49	52	40	-1	9.84	9.84
Fixation R	1	65	6968471248	6968788369	317121	111.36	459.49	52	40	-1	10.04	10.04
Fixation L	1	65	6968796741	6969055367	258626	193.83	444.13	28	14	-1	10.03	10.03
Fixation R	1	66	6968796741	6969055367	258626	193.83	444.13	28	14	-1	9.92	9.92
Fixation L	1	66	6969063744	6969230738	166994	344.62	437.57	75	12	-1	10.09	10.09
Fixation R	1	67	6969063744	6969230738	166994	344.62	437.57	75	12	-1	10.22	10.22
Fixation L	1	67	6969238985	6969464357	225372	501.46	450.29	52	21	-1	9.96	9.96
Fixation R	1	68	6969238985	6969464357	225372	501.46	450.29	52	21	-1	10.27	10.27
Fixation L	1	68	6969480984	6969639604	158620	659.42	464.23	44	7	-1	10.02	10.02
Fixation R	1	69	6969480984	6969639604	158620	659.42	464.23	44	7	-1	10.34	10.34
Fixation L	1	69	6969647854	6970499090	851236	823.41	449.22	77	22	-1	9.69	9.69
Fixation R	1	70	6969647854	6970499090	851236	823.41	449.22	77	22	-1	10.18	10.18
Fixation L	1	70	6970507349	6970640964	133615	923.22	441.05	34	12	-1	9.86	9.86
Fixation R	1	71	6970507349	6970640964	133615	923.22	441.05	34	12	-1	10.11	10.11
Fixation L	1	71	6970707719	6970916334	208615	75.08	530.99	75	13	-1	9.60	9.60
Fixation R	1	72	6970707719	6970916334	208615	75.08	530.99	75	13	-1	9.54	9.54
Fixation L	1	72	6970924587	6971174955	250368	174.16	528.41	81	17	-1	9.79	9.79
Fixation R	1	73	6971174955	6971341827	166872	315.51	506.88	83	15	-1	10.04	10.04
Fixation L	1	73	6971183337	6971350202	166865	319.91	506.39	18	9	-1	9.85	9.85
Fixation L	1	74	6971358583	6971558829	200246	453.53	507.73	33	14	-1	9.92	9.92
Fixation R	1	74	6971358583	6971558829	200246	453.53	507.73	33	14	-1	10.16	10.16
Fixation L	1	75	6971567202	6971775821	208619	591.73	513.52	75	12	-1	9.88	9.88
Fixation R	1	75	6971567202	6971775821	208619	591.73	513.52	75	12	-1	10.27	10.27
Fixation L	1	76	6971784080	6972101194	317114	721.83	506.17	26	22	-1	9.73	9.73
Fixation R	1	76	6971784080	6972101194	317114	721.83	506.17	26	22	-1	10.25	10.25
Fixation L	1	77	6972142944	6972301441	158497	163.35	568.69	56	24	-1	9.58	9.58
Fixation R	1	77	6972142944	6972301441	158497	163.35	568.69	56	24	-1	9.79	9.79
Fixation L	1	78	6972309820	6972626936	317116	91.42	585.51	27	16	-1	9.75	9.75
Fixation R	1	78	6972309820	6972626936	317116	91.42	585.51	27	16	-1	9.94	9.94
Fixation L	1	79	6972635310	6972885563	250253	256.49	566.65	52	16	-1	10.04	10.04
Fixation R	1	79	6972635310	6972885563	250253	256.49	566.65	52	16	-1	10.07	10.07
Fixation L	1	80	6972893932	6973110933	217001	376.72	566.48	55	10	-1	10.04	10.04
Fixation R	1	80	6972893932	6973110933	217001	376.72	566.48	55	10	-1	10.49	10.49
Fixation L	1	81	6973319550	6973402925	83375	561.05	553.74	52	14	-1	10.32	10.32
Fixation R	1	81	6973319550	6973402925	83375	561.05	553.74	52	14	-1	10.37	10.37
Fixation L	1	82	6973411303	6973686673	275370	430.42	558.06	47	10	-1	9.80	9.80
Fixation R	1	82	6973411303	6973686673	275370	430.42	558.06	47	10	-1	10.52	10.52
Fixation L	1	83	6973695045	6973895295	200250	520.51	554.07	49	5	-1	9.92	9.92
Fixation R	1	83	6973695045	6973895295	200250	520.51	554.07	49	5	-1	10.41	10.41
Fixation L	1	84	6973903670	6974262414	358744	669.27	552.16	40	7	-1	9.74	9.74
Fixation R	1	84	6973903670	6974262414	358744	669.27	552.16	40	7	-1	10.35	10.35
Fixation L	1	85	6974270785	6974462661	191876	800.80	555.17	56	9	-1	9.42	9.42
Fixation R	1	85	6974270785	6974462661	191876	800.80	555.17	56	9	-1	10.14	10.14
Fixation L	1	86	6974471032	6974679652	208620	891.45	563.55	63	7	-1	9.53	9.53
Fixation R	1	86	6974471032	6974679652	208620	891.45	563.55	63	7	-1	9.99	9.99
Fixation L	1	87	6974738031	6975130269	392238	100.66	624.26	77	20	-1	9.51	9.51
Fixation R	1	87	6974738031	6975130269	392238	100.66	624.26	77	20	-1	9.84	9.84
Fixation L	1	88	6975138649	6975397270	258621	201.93	620.80	69	28	-1	9.90	9.90
Fixation R	1	88	6975138649	6975397270	258621	201.93	620.80	69	28	-1	9.46	9.46
Fixation L	1	89	6975405642	6975639267	233625	106.28	639.47	88	10	-1	9.92	9.92
Fixation R	1	89	6975405642	6975639267	233625	106.28	639.47	88	10	-1	9.94	9.94
Fixation L	1	90	6975647639	6975923007	275368	68.08	629.17	86	12	-1	9.97	9.97
Fixation R	1	90	6975647639	6975889637	241998	60.87	628.41	86	11	-1	9.67	9.67
Fixation R	1	91	6975906262	6976190008	283746	141.01	627.68	35	12	-1	9.97	9.97
Fixation L	1	91	6975931257	6976190008	258751	142.16	627.07	24	8	-1	9.95	9.95
Fixation L	1	92	6976198379	6976673998	475619	266.71	619.03	84	12	-1	10.09	10.09
Fixation R	1	92	6976198379	6976673998	475619	266.71	619.03	84	12	-1	9.86	9.86
Fixation L	1	93	6976682371	6976966125	283754	404.30	621.21	22	5	-1	9.99	9.99
Fixation R	1	93	6976682371	6976966125	283754	404.30	621.21	22	5	-1	10.45	10.45
Fixation L	1	94	6976974369	6977191368	216999	534.93	612.13	32	16	-1	10.06	10.06
Fixation R	1	94	6976974369	6977191368	216999	534.93	612.13	32	16	-1	10.56	10.56
Fixation L	1	95	6977199739	6977541863	342124	377.87	610.63	70	10	-1	9.89	9.89
Fixation R	1	95	6977199739	6977541863	342124	377.87	610.63	70	10	-1	10.09	10.09
Fixation L	1	96	6977558485	6977875609	317124	570.55	608.43	24	15	-1	9.76	9.76
Fixation R	1	96	6977558485	6977875609	317124	570.55	608.43	24	15	-1	10.45	10.45
Fixation L	1	97	6977883980	6978392974	508994	706.67	614.82	77	10	-1	9.74	9.74
Fixation R	1	97	6977883980	6978392974	508994	706.67	614.82	77	10	-1	10.36	10.36
Fixation L	1	98	6978401349	6978651596	250247	890.24	623.57	69	13	-1	9.62	9.62
Fixation R	1	98	6978401349	6978651596	250247	890.24	623.57	69	13	-1	10.18	10.18
Fixation L	1	99	6978710093	6978918719	208626	120.03	677.69	35	46	-1	9.65	9.65
Fixation R	1	99	6978710093	6978918719	208626	120.03	677.69	35	46	-1	10.19	10.19
Fixation L	1	100	6978927092	6979085587	158495	266.91	675.20	34	11	-1	10.26	10.26
Fixation R	1	100	6978927092	6979085587	158495	266.91	675.20	34	11	-1	10.09	10.09
Fixation L	1	101	6979093972	6979494459	400487	425.15	675.58	71	15	-1	10.39	10.39
Fixation R	1	101	6979093972	6979494459	400487	425.15	675.58	71	15	-1	10.95	10.95
Fixation L	1	102	6979511208	6979761452	250244	655.96	669.50	54	9	-1	10.44	10.44
Fixation R	1	102	6979511208	6979761452	250244	655.96	669.50	54	9	-1	10.92	10.92
Fixation L	1	103	6979769830	6979886697	116867	811.47	675.21	94	3	-1	10.09	10.09
Fixation R	1	103	6979769830	6979886697	116867	811.47	675.21	94	3	-1	10.77	10.77
Fixation L	1	104	6979894952	6980020203	125251	827.33	670.31	10	9	-1	10.22	10.22
Fixation R	1	104	6979894952	6980020203	125251	827.33	670.31	10	9	-1	10.79	10.79

