[BeGaze]
Converted from:	C:\Program Files\SMI\Experiment Suite 360\Experiment Center 2\Results\Readability_First_01\P02-eye_data.idf
Date:	02.08.2013 11:27:27
Version:	BeGaze 3.2.28
Sample Rate:	120
Subject:	P02
Description:	Run2

Table Header for Fixations:
Event Type	Trial	Number	Start	End	Duration	Location X	Location Y	Dispersion X	Dispersion Y	Plane	Avg. Pupil Size X	Avg. Pupil Size Y


Fixation L	1	1	6079752480	6079935967	183487	212.96	17.04	55	41	-1	9.40	9.40
Fixation R	1	1	6079752480	6079935967	183487	212.96	17.04	55	41	-1	9.95	9.95
Fixation L	1	2	6079944340	6080211338	266998	118.32	40.59	34	10	-1	9.54	9.54
Fixation R	1	2	6079944340	6080211338	266998	118.32	40.59	34	10	-1	9.99	9.99
Fixation L	1	3	6080219711	6080394959	175248	270.09	28.44	86	10	-1	9.62	9.62
Fixation R	1	3	6080219711	6080394959	175248	270.09	28.44	86	10	-1	9.94	9.94
Fixation L	1	4	6080403337	6080645329	241992	381.51	37.94	50	20	-1	9.64	9.64
Fixation R	1	4	6080403337	6080645329	241992	381.51	37.94	50	20	-1	9.90	9.90
Fixation L	1	5	6080653708	6080862334	208626	474.91	32.79	58	7	-1	9.75	9.75
Fixation R	1	5	6080653708	6080862334	208626	474.91	32.79	58	7	-1	9.98	9.98
Fixation L	1	6	6080870577	6081112572	241995	648.25	30.61	61	8	-1	9.65	9.65
Fixation R	1	6	6080870577	6081112572	241995	648.25	30.61	61	8	-1	9.92	9.92
Fixation L	1	7	6081120952	6081337945	216993	787.10	23.52	37	6	-1	9.68	9.68
Fixation R	1	7	6081120952	6081337945	216993	787.10	23.52	37	6	-1	9.80	9.80
Fixation L	1	8	6081379574	6081613316	233742	163.99	70.02	47	23	-1	9.21	9.21
Fixation R	1	8	6081379574	6081613316	233742	163.99	70.02	47	23	-1	10.20	10.20
Fixation L	1	9	6081629942	6081713438	83496	337.06	71.09	47	12	-1	9.82	9.82
Fixation R	1	9	6081629942	6081713438	83496	337.06	71.09	47	12	-1	10.09	10.09
Fixation L	1	10	6081796812	6081905313	108501	400.81	52.18	44	48	-1	9.80	9.80
Fixation R	1	10	6081796812	6081905313	108501	400.81	52.18	44	48	-1	9.87	9.87
Fixation L	1	11	6081913684	6082072183	158499	344.38	72.97	84	14	-1	9.93	9.93
Fixation R	1	11	6081913684	6082072183	158499	344.38	72.97	84	14	-1	10.18	10.18
Fixation L	1	12	6082080559	6082481057	400498	297.16	76.52	29	31	-1	10.02	10.02
Fixation R	1	12	6082080559	6082481057	400498	297.16	76.52	29	31	-1	10.23	10.23
Fixation L	1	13	6082572924	6082731426	158502	445.77	68.08	70	27	-1	9.77	9.77
Fixation R	1	13	6082572924	6082731426	158502	445.77	68.08	70	27	-1	10.13	10.13
Fixation L	1	14	6082864920	6083373912	508992	491.43	76.16	34	40	-1	10.16	10.16
Fixation R	1	14	6082864920	6083373912	508992	491.43	76.16	34	40	-1	10.45	10.45
Fixation L	1	15	6083382291	6083524165	141874	610.83	65.86	57	21	-1	10.02	10.02
Fixation R	1	15	6083382291	6083524165	141874	610.83	65.86	57	21	-1	10.19	10.19
Fixation L	1	16	6083532540	6084083274	550734	474.29	83.58	61	34	-1	10.30	10.30
Fixation R	1	16	6083532540	6084083274	550734	474.29	83.58	61	34	-1	10.45	10.45
Fixation L	1	17	6084091650	6084333647	241997	640.00	95.13	74	9	-1	10.23	10.23
Fixation R	1	17	6084091650	6084333647	241997	640.00	95.13	74	9	-1	10.16	10.16
Fixation L	1	18	6084341897	6084567267	225370	749.26	100.97	14	22	-1	10.22	10.22
Fixation R	1	18	6084341897	6084567267	225370	749.26	100.97	14	22	-1	10.11	10.11
Fixation L	1	19	6084583894	6084809264	225370	913.14	104.22	12	8	-1	10.15	10.15
Fixation R	1	19	6084583894	6084809264	225370	913.14	104.22	12	8	-1	10.15	10.15
Fixation L	1	20	6084867642	6085126392	258750	114.64	170.50	53	35	-1	9.86	9.86
Fixation R	1	20	6084867642	6085126392	258750	114.64	170.50	53	35	-1	10.29	10.29
Fixation L	1	21	6085201390	6085326637	125247	163.94	169.34	40	15	-1	10.16	10.16
Fixation R	1	21	6085201390	6085326637	125247	163.94	169.34	40	15	-1	10.31	10.31
Fixation L	1	22	6085468506	6085718749	250243	214.33	164.77	69	15	-1	10.14	10.14
Fixation R	1	22	6085468506	6085718749	250243	214.33	164.77	69	15	-1	10.51	10.51
Fixation L	1	23	6085727132	6085960746	233614	331.12	179.52	24	19	-1	10.25	10.25
Fixation R	1	23	6085727132	6085960746	233614	331.12	179.52	24	19	-1	10.42	10.42
Fixation L	1	24	6085969121	6086127632	158511	415.06	177.70	85	13	-1	10.06	10.06
Fixation R	1	24	6085969121	6086127632	158511	415.06	177.70	85	13	-1	10.30	10.30
Fixation L	1	25	6086135994	6086544866	408872	494.75	160.80	58	27	-1	9.92	9.92
Fixation R	1	25	6086135994	6086544866	408872	494.75	160.80	58	27	-1	10.20	10.20
Fixation L	1	26	6086553242	6086962106	408864	619.07	153.94	68	13	-1	9.92	9.92
Fixation R	1	26	6086553242	6086962106	408864	619.07	153.94	68	13	-1	10.27	10.27
Fixation L	1	27	6086970481	6087204112	233631	714.25	159.42	16	8	-1	9.79	9.79
Fixation R	1	27	6086970481	6087204112	233631	714.25	159.42	16	8	-1	10.24	10.24
Fixation L	1	28	6087212479	6087412726	200247	826.38	155.34	37	13	-1	9.83	9.83
Fixation R	1	28	6087212479	6087412726	200247	826.38	155.34	37	13	-1	10.06	10.06
Fixation L	1	29	6087462850	6087888344	425494	115.20	228.46	32	56	-1	9.69	9.69
Fixation R	1	29	6087462850	6087888344	425494	115.20	228.46	32	56	-1	10.11	10.11
Fixation L	1	30	6087905098	6088355716	450618	305.08	214.37	59	24	-1	9.90	9.90
Fixation R	1	30	6087905098	6088355716	450618	305.08	214.37	59	24	-1	10.22	10.22
Fixation L	1	31	6088372336	6088722833	350497	509.39	193.78	30	33	-1	9.71	9.71
Fixation R	1	31	6088372336	6088722833	350497	509.39	193.78	30	33	-1	10.11	10.11
Fixation L	1	32	6088739459	6088964827	225368	264.01	194.51	66	32	-1	9.63	9.63
Fixation R	1	32	6088739459	6088964827	225368	264.01	194.51	66	32	-1	10.06	10.06
Fixation L	1	33	6089039824	6089348700	308876	500.82	206.14	39	32	-1	9.74	9.74
Fixation R	1	33	6089039824	6089348700	308876	500.82	206.14	39	32	-1	10.16	10.16
Fixation L	1	34	6089356953	6089507198	150245	570.11	201.42	23	11	-1	9.55	9.55
Fixation R	1	34	6089356953	6089507198	150245	570.11	201.42	23	11	-1	10.06	10.06
Fixation L	1	35	6089515571	6089740813	225242	774.29	201.96	78	19	-1	9.37	9.37
Fixation R	1	35	6089515571	6089740813	225242	774.29	201.96	78	19	-1	9.90	9.90
Fixation L	1	36	6089749191	6089866063	116872	812.73	184.45	43	9	-1	9.46	9.46
Fixation R	1	36	6089749191	6089866063	116872	812.73	184.45	43	9	-1	9.81	9.81
Fixation L	1	37	6089916065	6090174811	258746	132.06	254.66	46	46	-1	9.45	9.45
Fixation R	1	37	6089916065	6090174811	258746	132.06	254.66	46	46	-1	9.91	9.91
Fixation L	1	38	6090183069	6090416806	233737	220.63	265.46	43	14	-1	9.71	9.71
Fixation R	1	38	6090183069	6090416806	233737	220.63	265.46	43	14	-1	10.06	10.06
Fixation L	1	39	6090433438	6090650428	216990	428.80	261.59	38	10	-1	9.68	9.68
Fixation R	1	39	6090433438	6090650428	216990	428.80	261.59	38	10	-1	10.04	10.04
Fixation L	1	40	6090658804	6090859053	200249	526.68	268.43	16	8	-1	9.56	9.56
Fixation R	1	40	6090658804	6090859053	200249	526.68	268.43	16	8	-1	10.02	10.02
Fixation L	1	41	6090867422	6091151044	283622	716.74	265.56	64	16	-1	9.41	9.41
Fixation R	1	41	6090867422	6091151044	283622	716.74	265.56	64	16	-1	9.93	9.93
Fixation L	1	42	6091159423	6091401413	241990	858.75	262.76	32	5	-1	9.52	9.52
Fixation R	1	42	6091159423	6091401413	241990	858.75	262.76	32	5	-1	9.91	9.91
Fixation L	1	43	6091459794	6091743535	283741	111.06	322.12	42	23	-1	9.49	9.49
Fixation R	1	43	6091459794	6091743535	283741	111.06	322.12	42	23	-1	9.90	9.90
Fixation L	1	44	6091810289	6091918784	108495	259.06	292.31	66	28	-1	9.67	9.67
Fixation R	1	44	6091810289	6091918784	108495	259.06	292.31	66	28	-1	9.72	9.72
Fixation L	1	45	6091985532	6092185779	200247	482.00	306.45	83	15	-1	10.07	10.07
Fixation R	1	45	6091985532	6092185779	200247	482.00	306.45	83	15	-1	10.39	10.39
Fixation L	1	46	6092194152	6092419401	225249	668.21	316.72	72	7	-1	9.81	9.81
Fixation R	1	46	6092194152	6092419401	225249	668.21	316.72	72	7	-1	10.35	10.35
Fixation L	1	47	6092427779	6092611404	183625	834.89	322.93	93	5	-1	9.69	9.69
Fixation R	1	47	6092427779	6092611404	183625	834.89	322.93	93	5	-1	10.03	10.03
Fixation L	1	48	6092619775	6092711524	91749	904.53	325.10	43	1	-1	9.66	9.66
Fixation R	1	48	6092619775	6092711524	91749	904.53	325.10	43	1	-1	9.94	9.94
Fixation L	1	49	6092753268	6092920140	166872	212.40	385.01	68	30	-1	9.75	9.75
Fixation R	1	49	6092753268	6092920140	166872	212.40	385.01	68	30	-1	10.30	10.30
Fixation L	1	50	6092928515	6093262268	333753	94.19	398.05	45	24	-1	9.86	9.86
Fixation R	1	50	6092928515	6093262268	333753	94.19	398.05	45	24	-1	10.16	10.16
Fixation L	1	51	6093270635	6093662762	392127	169.83	383.36	79	19	-1	9.95	9.95
Fixation R	1	51	6093270635	6093662762	392127	169.83	383.36	79	19	-1	10.06	10.06
Fixation L	1	52	6093671130	6093779628	108498	238.70	378.07	18	4	-1	10.09	10.09
Fixation R	1	52	6093671130	6093779628	108498	238.70	378.07	18	4	-1	10.14	10.14
Fixation L	1	53	6093796255	6094013256	217001	445.05	377.32	21	14	-1	10.19	10.19
Fixation R	1	53	6093796255	6094013256	217001	445.05	377.32	21	14	-1	10.41	10.41
Fixation L	1	54	6094021627	6094246874	225247	619.26	371.26	51	17	-1	10.08	10.08
Fixation R	1	54	6094021627	6094246874	225247	619.26	371.26	51	17	-1	10.48	10.48
Fixation L	1	55	6094263626	6094622366	358740	790.05	373.64	37	59	-1	9.80	9.80
Fixation R	1	55	6094263626	6094622366	358740	790.05	373.64	37	59	-1	10.17	10.17
Fixation L	1	56	6094630742	6095072985	442243	754.47	436.69	23	31	-1	9.87	9.87
Fixation R	1	56	6094630742	6095072985	442243	754.47	436.69	23	31	-1	10.37	10.37
Fixation L	1	57	6095106359	6095306608	200249	306.79	434.22	57	22	-1	9.74	9.74
Fixation R	1	57	6095106359	6095306608	200249	306.79	434.22	57	22	-1	10.29	10.29
Fixation L	1	58	6095323356	6095498605	175249	108.01	449.67	15	26	-1	9.15	9.15
Fixation R	1	58	6095323356	6095623727	300371	103.69	447.31	41	26	-1	9.93	9.93
Fixation L	1	59	6095623727	6095924099	300372	200.86	441.25	90	8	-1	9.70	9.70
Fixation R	1	59	6095632104	6095924099	291995	202.73	441.18	34	8	-1	9.87	9.87
Fixation L	1	60	6095932472	6096124470	191998	367.39	440.49	49	8	-1	9.89	9.89
Fixation R	1	60	6095932472	6096124470	191998	367.39	440.49	49	8	-1	10.21	10.21
Fixation L	1	61	6096132719	6096558338	425619	463.22	448.08	74	22	-1	9.85	9.85
Fixation R	1	61	6096132719	6096558338	425619	463.22	448.08	74	22	-1	10.46	10.46
Fixation L	1	62	6096675212	6096766963	91751	589.98	403.68	65	31	-1	9.35	9.35
Fixation R	1	62	6096675212	6096766963	91751	589.98	403.68	65	31	-1	10.44	10.44
Fixation L	1	63	6096775336	6096883710	108374	663.54	440.51	22	18	-1	9.92	9.92
Fixation R	1	63	6096775336	6096883710	108374	663.54	440.51	22	18	-1	10.29	10.29
Fixation L	1	64	6096892081	6097376075	483994	777.20	448.78	45	8	-1	9.77	9.77
Fixation R	1	64	6096892081	6097376075	483994	777.20	448.78	45	8	-1	10.00	10.00
Fixation L	1	65	6097384450	6097818322	433872	876.36	447.57	59	15	-1	9.57	9.57
Fixation R	1	65	6097384450	6097818322	433872	876.36	447.57	59	15	-1	10.15	10.15
Fixation L	1	66	6097868448	6098077065	208617	125.20	494.97	79	19	-1	9.55	9.55
Fixation R	1	66	6097868448	6098077065	208617	125.20	494.97	79	19	-1	10.00	10.00
Fixation L	1	67	6098085440	6098335686	250246	74.51	514.16	22	9	-1	9.67	9.67
Fixation R	1	67	6098085440	6098335686	250246	74.51	514.16	22	9	-1	10.03	10.03
Fixation L	1	68	6098344065	6098477560	133495	161.87	506.68	74	9	-1	9.72	9.72
Fixation R	1	68	6098344065	6098477560	133495	161.87	506.68	74	9	-1	9.94	9.94
Fixation L	1	69	6098677802	6098961559	283757	349.00	489.39	60	14	-1	9.89	9.89
Fixation R	1	69	6098677802	6098961559	283757	349.00	489.39	60	14	-1	10.43	10.43
Fixation L	1	70	6098969926	6099178547	208621	452.26	493.91	31	14	-1	9.78	9.78
Fixation R	1	70	6098969926	6099178547	208621	452.26	493.91	31	14	-1	10.58	10.58
Fixation L	1	71	6099186801	6099687542	500741	581.27	498.84	70	8	-1	9.83	9.83
Fixation R	1	71	6099186801	6099687542	500741	581.27	498.84	70	8	-1	10.57	10.57
Fixation L	1	72	6099695914	6099929535	233621	692.48	505.97	22	13	-1	9.86	9.86
Fixation R	1	72	6099695914	6099929535	233621	692.48	505.97	22	13	-1	10.49	10.49
Fixation L	1	73	6099937914	6100113167	175253	784.90	505.15	69	7	-1	9.72	9.72
Fixation R	1	73	6099937914	6100113167	175253	784.90	505.15	69	7	-1	10.31	10.31
Fixation L	1	74	6100121406	6100321654	200248	876.36	506.96	14	7	-1	9.79	9.79
Fixation R	1	74	6100121406	6100321654	200248	876.36	506.96	14	7	-1	10.28	10.28
Fixation L	1	75	6100380153	6100697273	317120	81.22	571.73	53	35	-1	9.73	9.73
Fixation R	1	75	6100380153	6100697273	317120	81.22	571.73	53	35	-1	10.24	10.24
Fixation L	1	76	6100705524	6100897520	191996	169.56	565.77	22	7	-1	9.92	9.92
Fixation R	1	76	6100705524	6100897520	191996	169.56	565.77	22	7	-1	10.15	10.15
Fixation L	1	77	6100905771	6101381514	475743	293.50	556.17	76	15	-1	9.98	9.98
Fixation R	1	77	6100905771	6101381514	475743	293.50	556.17	76	15	-1	10.18	10.18
Fixation L	1	78	6101389767	6101665141	275374	472.78	561.07	84	9	-1	10.11	10.11
Fixation R	1	78	6101389767	6101665141	275374	472.78	561.07	84	9	-1	10.71	10.71
Fixation L	1	79	6101815384	6101940510	125126	648.70	543.03	75	23	-1	10.02	10.02
Fixation R	1	79	6101815384	6101940510	125126	648.70	543.03	75	23	-1	10.66	10.66
Fixation L	1	80	6101948880	6102032381	83501	644.84	552.07	28	4	-1	10.07	10.07
Fixation R	1	80	6101948880	6102032381	83501	644.84	552.07	28	4	-1	10.62	10.62
Fixation L	1	81	6102282628	6102591375	308747	765.29	543.66	68	30	-1	10.24	10.24
Fixation R	1	81	6102282628	6102591375	308747	765.29	543.66	68	30	-1	10.93	10.93
Fixation L	1	82	6102599747	6103075367	475620	815.91	554.52	31	11	-1	9.83	9.83
Fixation R	1	82	6102599747	6103075367	475620	815.91	554.52	31	11	-1	10.50	10.50
Fixation L	1	83	6103133860	6103334109	200249	55.01	632.46	25	32	-1	9.71	9.71
Fixation R	1	83	6103133860	6103334109	200249	55.01	632.46	25	32	-1	10.26	10.26
Fixation L	1	84	6103342486	6104101847	759361	115.83	635.08	75	17	-1	9.96	9.96
Fixation R	1	84	6103342486	6104101847	759361	115.83	635.08	75	17	-1	10.23	10.23
Fixation L	1	85	6104110096	6104402219	292123	233.25	621.84	51	25	-1	10.15	10.15
Fixation R	1	85	6104110096	6104402219	292123	233.25	621.84	51	25	-1	10.17	10.17
Fixation L	1	86	6104410591	6104852835	442244	343.99	618.58	56	12	-1	10.14	10.14
Fixation R	1	86	6104410591	6104852835	442244	343.99	618.58	56	12	-1	10.46	10.46
Fixation L	1	87	6104861086	6105128206	267120	469.84	620.31	74	15	-1	10.22	10.22
Fixation R	1	87	6104861086	6105128206	267120	469.84	620.31	74	15	-1	11.06	11.06
Fixation L	1	88	6105144834	6105353455	208621	631.23	620.84	31	13	-1	10.36	10.36
Fixation R	1	88	6105144834	6105353455	208621	631.23	620.84	31	13	-1	10.83	10.83
Fixation L	1	89	6105361826	6105770702	408876	740.43	618.05	57	15	-1	10.04	10.04
Fixation R	1	89	6105361826	6105770702	408876	740.43	618.05	57	15	-1	10.63	10.63
Fixation L	1	90	6105779073	6106004320	225247	877.51	633.18	56	14	-1	9.66	9.66
Fixation R	1	90	6105779073	6106004320	225247	877.51	633.18	56	14	-1	10.20	10.20
Fixation L	1	91	6106054446	6106296443	241997	97.02	682.92	49	49	-1	9.58	9.58
Fixation R	1	91	6106054446	6106296443	241997	97.02	682.92	49	49	-1	9.93	9.93
Fixation L	1	92	6106304690	6106888807	584117	115.07	694.04	79	20	-1	9.85	9.85
Fixation R	1	92	6106304690	6106888807	584117	115.07	694.04	79	20	-1	10.04	10.04
Fixation L	1	93	6106897187	6107014055	116868	164.65	689.81	81	5	-1	9.96	9.96
Fixation R	1	93	6106897187	6107014055	116868	164.65	689.81	81	5	-1	9.92	9.92
Fixation L	1	94	6107022436	6107314428	291992	312.14	674.13	8	17	-1	10.19	10.19
Fixation R	1	94	6107022436	6107314428	291992	312.14	674.13	8	17	-1	10.25	10.25
Fixation L	1	95	6107331176	6107573176	242000	485.74	682.01	85	10	-1	10.34	10.34
Fixation R	1	95	6107331176	6107573176	242000	485.74	682.01	85	10	-1	11.11	11.11
Fixation L	1	96	6107581420	6107798421	217001	671.70	677.38	62	4	-1	10.33	10.33
Fixation R	1	96	6107581420	6107798421	217001	671.70	677.38	62	4	-1	10.90	10.90
Fixation L	1	97	6107806794	6108057041	250247	856.18	685.97	74	10	-1	10.12	10.12
Fixation R	1	97	6107806794	6108057041	250247	856.18	685.97	74	10	-1	10.55	10.55

