[BeGaze]
Converted from:	C:\Program Files\SMI\Experiment Suite 360\Experiment Center 2\Results\Readability_First_01\P02-eye_data.idf
Date:	02.08.2013 11:27:26
Version:	BeGaze 3.2.28
Sample Rate:	120
Subject:	P02
Description:	Run2

Table Header for Fixations:
Event Type	Trial	Number	Start	End	Duration	Location X	Location Y	Dispersion X	Dispersion Y	Plane	Avg. Pupil Size X	Avg. Pupil Size Y


Fixation L	1	1	5640620901	5640988114	367213	104.24	46.56	53	19	-1	9.34	9.34
Fixation R	1	1	5640620901	5640988114	367213	104.24	46.56	53	19	-1	9.77	9.77
Fixation L	1	2	5640996365	5641230113	233748	211.39	30.41	47	37	-1	9.36	9.36
Fixation R	1	2	5640996365	5641230113	233748	211.39	30.41	47	37	-1	9.75	9.75
Fixation L	1	3	5641238364	5641430360	191996	343.92	18.14	22	6	-1	9.44	9.44
Fixation R	1	3	5641238364	5641430360	191996	343.92	18.14	22	6	-1	9.78	9.78
Fixation L	1	4	5641438734	5641847602	408868	509.91	12.69	70	8	-1	9.50	9.50
Fixation R	1	4	5641438734	5641847602	408868	509.91	12.69	70	8	-1	9.72	9.72
Fixation L	1	5	5641855858	5642022851	166993	674.85	7.98	46	10	-1	9.37	9.37
Fixation R	1	5	5641855858	5642022851	166993	674.85	7.98	46	10	-1	9.65	9.65
Fixation L	1	6	5642031100	5642456722	425622	813.79	9.91	47	20	-1	9.41	9.41
Fixation R	1	6	5642031100	5642456722	425622	813.79	9.91	47	20	-1	9.57	9.57
Fixation L	1	7	5642506847	5642723715	216868	107.59	75.23	28	40	-1	9.10	9.10
Fixation R	1	7	5642506847	5642723715	216868	107.59	75.23	28	40	-1	9.69	9.69
Fixation L	1	8	5642840587	5643165959	325372	181.87	68.05	50	47	-1	9.64	9.64
Fixation R	1	8	5642840587	5643165959	325372	181.87	68.05	50	47	-1	10.00	10.00
Fixation L	1	9	5643174332	5643266079	91747	275.20	59.05	83	15	-1	9.60	9.60
Fixation R	1	9	5643174332	5643266079	91747	275.20	59.05	83	15	-1	10.01	10.01
Fixation L	1	10	5643274457	5643449700	175243	282.95	78.25	10	19	-1	9.56	9.56
Fixation R	1	10	5643274457	5643449700	175243	282.95	78.25	10	19	-1	9.93	9.93
Fixation L	1	11	5643458082	5643741822	283740	105.70	109.88	37	36	-1	9.46	9.46
Fixation R	1	11	5643458082	5643741822	283740	105.70	109.88	37	36	-1	9.94	9.94
Fixation L	1	12	5643750071	5644025443	275372	273.61	87.58	36	47	-1	9.69	9.69
Fixation R	1	12	5643750071	5644025443	275372	273.61	87.58	36	47	-1	9.97	9.97
Fixation L	1	13	5644033821	5644234075	200254	423.90	60.88	86	8	-1	9.63	9.63
Fixation R	1	13	5644033821	5644234075	200254	423.90	60.88	86	8	-1	9.84	9.84
Fixation L	1	14	5644242440	5644375935	133495	517.65	52.40	43	16	-1	9.57	9.57
Fixation R	1	14	5644242440	5644375935	133495	517.65	52.40	43	16	-1	9.81	9.81
Fixation L	1	15	5644384314	5644609561	225247	674.02	71.22	47	45	-1	9.51	9.51
Fixation L	1	16	5644626311	5644776431	150120	811.41	32.84	57	13	-1	9.64	9.64
Fixation R	1	15	5644626311	5644776431	150120	811.41	32.84	57	13	-1	9.97	9.97
Fixation L	1	17	5644826555	5644993430	166875	158.90	121.98	84	12	-1	9.59	9.59
Fixation R	1	16	5644826555	5644993430	166875	158.90	121.98	84	12	-1	10.20	10.20
Fixation L	1	18	5645001803	5645177050	175247	79.47	120.73	39	6	-1	9.67	9.67
Fixation R	1	17	5645001803	5645177050	175247	79.47	120.73	39	6	-1	10.19	10.19
Fixation L	1	19	5645185424	5645410673	225249	251.31	118.70	36	18	-1	9.82	9.82
Fixation R	1	18	5645185424	5645410673	225249	251.31	118.70	36	18	-1	10.17	10.17
Fixation L	1	20	5645419060	5645711045	291985	458.33	118.51	75	15	-1	9.84	9.84
Fixation R	1	19	5645419060	5645711045	291985	458.33	118.51	75	15	-1	10.04	10.04
Fixation L	1	21	5645727792	5645953039	225247	668.76	90.50	36	35	-1	9.63	9.63
Fixation R	1	20	5645727792	5645953039	225247	668.76	90.50	36	35	-1	10.05	10.05
Fixation L	1	22	5645961413	5646119919	158506	837.30	103.25	69	30	-1	9.63	9.63
Fixation R	1	21	5645961413	5646119919	158506	837.30	103.25	69	30	-1	9.95	9.95
Fixation L	1	23	5646128286	5646211790	83504	827.27	133.08	14	18	-1	9.54	9.54
Fixation R	1	22	5646128286	5646211790	83504	827.27	133.08	14	18	-1	9.97	9.97
Fixation L	1	24	5646261780	5646487154	225374	123.90	194.33	25	21	-1	9.43	9.43
Fixation R	1	23	5646261780	5646487154	225374	123.90	194.33	25	21	-1	10.12	10.12
Fixation L	1	25	5646503780	5646595659	91879	253.51	176.14	62	10	-1	9.64	9.64
Fixation R	1	24	5646503780	5646595659	91879	253.51	176.14	62	10	-1	10.05	10.05
Fixation R	1	25	5646720779	5646854277	133498	293.16	197.43	44	42	-1	10.15	10.15
Fixation L	1	26	5646729151	5646854277	125126	293.50	195.12	44	20	-1	9.82	9.82
Fixation L	1	27	5646862649	5647046151	183502	479.90	180.77	42	16	-1	9.78	9.78
Fixation R	1	26	5646862649	5647046151	183502	479.90	180.77	42	16	-1	10.30	10.30
Fixation L	1	28	5647054523	5647179770	125247	558.71	179.54	34	8	-1	9.76	9.76
Fixation R	1	27	5647054523	5647179770	125247	558.71	179.54	34	8	-1	10.37	10.37
Fixation L	1	29	5647188018	5647505139	317121	684.73	173.83	63	33	-1	9.73	9.73
Fixation R	1	28	5647188018	5647505139	317121	684.73	173.83	63	33	-1	10.22	10.22
Fixation L	1	30	5647596894	5647813888	216994	789.89	158.32	47	42	-1	9.52	9.52
Fixation R	1	29	5647596894	5647813888	216994	789.89	158.32	47	42	-1	9.84	9.84
Fixation L	1	31	5647822261	5648030880	208619	902.28	174.89	92	6	-1	9.37	9.37
Fixation R	1	30	5647822261	5648030880	208619	902.28	174.89	92	6	-1	9.61	9.61
Fixation L	1	32	5648039256	5648139380	100124	958.12	185.64	29	11	-1	9.42	9.42
Fixation R	1	31	5648039256	5648139380	100124	958.12	185.64	29	11	-1	9.56	9.56
Fixation L	1	33	5648197760	5648506500	308740	128.91	273.81	14	47	-1	9.49	9.49
Fixation R	1	32	5648197760	5648506500	308740	128.91	273.81	14	47	-1	9.87	9.87
Fixation L	1	34	5648514878	5648715124	200246	201.04	264.72	42	40	-1	9.57	9.57
Fixation R	1	33	5648514878	5648715124	200246	201.04	264.72	42	40	-1	9.95	9.95
Fixation L	1	35	5648723498	5649015497	291999	344.20	240.74	80	14	-1	9.52	9.52
Fixation R	1	34	5648723498	5649015497	291999	344.20	240.74	80	14	-1	9.96	9.96
Fixation L	1	36	5649023870	5649165739	141869	399.39	254.91	84	4	-1	9.47	9.47
Fixation R	1	35	5649023870	5649165739	141869	399.39	254.91	84	4	-1	9.82	9.82
Fixation L	1	37	5649174119	5649457736	283617	584.98	243.26	73	15	-1	9.35	9.35
Fixation R	1	36	5649174119	5649457736	283617	584.98	243.26	73	15	-1	9.71	9.71
Fixation L	1	38	5649466110	5649758234	292124	756.99	232.76	66	28	-1	9.26	9.26
Fixation R	1	37	5649466110	5649758234	292124	756.99	232.76	66	28	-1	9.67	9.67
Fixation L	1	39	5649766481	5650192100	425619	894.36	239.26	57	38	-1	9.30	9.30
Fixation R	1	38	5649766481	5650192100	425619	894.36	239.26	57	38	-1	9.68	9.68
Fixation L	1	40	5650250479	5650417343	166864	154.59	307.54	34	34	-1	9.33	9.33
Fixation R	1	39	5650250479	5650417343	166864	154.59	307.54	34	34	-1	9.87	9.87
Fixation L	1	41	5650425727	5650651096	225369	68.71	327.00	20	11	-1	9.42	9.42
Fixation R	1	40	5650425727	5650651096	225369	68.71	327.00	20	11	-1	9.73	9.73
Fixation L	1	42	5650659341	5650859713	200372	196.42	302.84	70	26	-1	9.49	9.49
Fixation R	1	41	5650659341	5650859713	200372	196.42	302.84	70	26	-1	9.73	9.73
Fixation L	1	43	5650867961	5650984836	116875	326.84	308.41	8	37	-1	9.54	9.54
Fixation R	1	42	5650867961	5650984836	116875	326.84	308.41	8	37	-1	9.78	9.78
Fixation R	1	43	5651068211	5651218457	150246	424.58	305.48	64	34	-1	9.58	9.58
Fixation L	1	44	5651076589	5651218457	141868	423.56	305.09	64	34	-1	9.43	9.43
Fixation L	1	45	5651226836	5651452085	225249	446.52	319.37	32	21	-1	9.58	9.58
Fixation R	1	44	5651226836	5651452085	225249	446.52	319.37	32	21	-1	9.70	9.70
Fixation L	1	46	5651468830	5651735828	266998	639.20	329.16	44	15	-1	9.57	9.57
Fixation R	1	45	5651468830	5651735828	266998	639.20	329.16	44	15	-1	10.12	10.12
Fixation L	1	47	5651744202	5651986198	241996	783.21	328.34	89	10	-1	9.51	9.51
Fixation R	1	46	5651744202	5651986198	241996	783.21	328.34	89	10	-1	9.84	9.84
Fixation L	1	48	5651994571	5652119693	125122	844.16	319.28	10	5	-1	9.39	9.39
Fixation R	1	47	5651994571	5652119693	125122	844.16	319.28	10	5	-1	9.75	9.75
Fixation L	1	49	5652127947	5652253200	125253	919.88	319.65	31	8	-1	9.42	9.42
Fixation R	1	48	5652127947	5652253200	125253	919.88	319.65	31	8	-1	9.76	9.76
Fixation L	1	50	5652303324	5652486813	183489	132.19	392.00	59	38	-1	9.37	9.37
Fixation R	1	49	5652303324	5652486813	183489	132.19	392.00	59	38	-1	9.83	9.83
Fixation L	1	51	5652495188	5652620312	125124	91.58	396.86	22	9	-1	9.32	9.32
Fixation R	1	50	5652495188	5652620312	125124	91.58	396.86	22	9	-1	9.81	9.81
Fixation L	1	52	5652628689	5652929060	300371	230.59	376.29	66	16	-1	9.59	9.59
Fixation R	1	51	5652628689	5652929060	300371	230.59	376.29	66	16	-1	9.85	9.85
Fixation L	1	53	5652937436	5653421425	483989	317.78	380.27	30	13	-1	9.58	9.58
Fixation R	1	52	5652937436	5653421425	483989	317.78	380.27	30	13	-1	9.90	9.90
Fixation L	1	54	5653429803	5653655051	225248	446.98	382.14	55	25	-1	9.49	9.49
Fixation R	1	53	5653429803	5653655051	225248	446.98	382.14	55	25	-1	9.98	9.98
Fixation L	1	55	5653663423	5653838672	175249	559.04	388.14	18	19	-1	9.53	9.53
Fixation R	1	54	5653663423	5653838672	175249	559.04	388.14	18	19	-1	10.19	10.19
Fixation L	1	56	5653905423	5654189165	283742	732.21	388.27	58	41	-1	9.42	9.42
Fixation R	1	55	5653905423	5654189165	283742	732.21	388.27	58	41	-1	9.73	9.73
Fixation L	1	57	5654197414	5654372660	175246	800.64	385.71	70	5	-1	9.53	9.53
Fixation R	1	56	5654197414	5654372660	175246	800.64	385.71	70	5	-1	9.76	9.76
Fixation L	1	58	5654381038	5654497906	116868	919.32	392.16	19	5	-1	9.27	9.27
Fixation R	1	57	5654381038	5654497906	116868	919.32	392.16	19	5	-1	9.65	9.65
Fixation L	1	59	5654547908	5654698154	150246	168.10	420.86	63	19	-1	9.19	9.19
Fixation R	1	58	5654547908	5654698154	150246	168.10	420.86	63	19	-1	9.85	9.85
Fixation L	1	60	5654706535	5654890026	183491	107.17	437.85	42	13	-1	9.35	9.35
Fixation R	1	59	5654706535	5654890026	183491	107.17	437.85	42	13	-1	9.90	9.90
Fixation L	1	61	5654898402	5655173774	275372	286.53	426.64	48	14	-1	9.62	9.62
Fixation R	1	60	5654898402	5655173774	275372	286.53	426.64	48	14	-1	9.95	9.95
Fixation L	1	62	5655182153	5655457524	275371	399.66	425.64	36	5	-1	9.64	9.64
Fixation R	1	61	5655182153	5655457524	275371	399.66	425.64	36	5	-1	10.23	10.23
Fixation L	1	63	5655465893	5655958142	492249	551.62	442.53	67	21	-1	9.67	9.67
Fixation R	1	62	5655465893	5655958142	492249	551.62	442.53	67	21	-1	10.27	10.27
Fixation L	1	64	5655974886	5656191758	216872	745.77	434.31	51	6	-1	9.55	9.55
Fixation R	1	63	5655974886	5656191758	216872	745.77	434.31	51	6	-1	9.96	9.96
Fixation L	1	65	5656200132	5656559006	358874	867.58	427.30	82	14	-1	9.45	9.45
Fixation R	1	64	5656200132	5656559006	358874	867.58	427.30	82	14	-1	9.93	9.93
Fixation L	1	66	5656609006	5656692501	83495	142.12	477.28	56	40	-1	9.29	9.29
Fixation R	1	65	5656609006	5656692501	83495	142.12	477.28	56	40	-1	9.89	9.89
Fixation L	1	67	5656700875	5657026244	325369	88.42	498.72	68	27	-1	9.35	9.35
Fixation R	1	66	5656700875	5657026244	325369	88.42	498.72	68	27	-1	9.74	9.74
Fixation L	1	68	5657034623	5657293240	258617	231.46	496.27	38	14	-1	9.72	9.72
Fixation R	1	67	5657034623	5657293240	258617	231.46	496.27	38	14	-1	9.76	9.76
Fixation L	1	69	5657301615	5657543619	242004	430.15	504.47	61	3	-1	9.71	9.71
Fixation R	1	68	5657301615	5657543619	242004	430.15	504.47	61	3	-1	10.15	10.15
Fixation L	1	70	5657560369	5657818984	258615	609.68	498.40	64	17	-1	9.65	9.65
Fixation R	1	69	5657560369	5657818984	258615	609.68	498.40	64	17	-1	10.26	10.26
Fixation L	1	71	5657827359	5658010988	183629	692.07	492.61	42	6	-1	9.48	9.48
Fixation R	1	70	5657827359	5658010988	183629	692.07	492.61	42	6	-1	10.00	10.00
Fixation L	1	72	5658019229	5658227851	208622	820.16	488.54	24	11	-1	9.26	9.26
Fixation R	1	71	5658019229	5658227851	208622	820.16	488.54	24	11	-1	9.73	9.73
Fixation L	1	73	5658236230	5658394731	158501	928.04	492.59	33	4	-1	9.33	9.33
Fixation R	1	72	5658236230	5658394731	158501	928.04	492.59	33	4	-1	9.74	9.74
Fixation L	1	74	5658461479	5658695218	233739	103.06	550.37	51	48	-1	9.28	9.28
Fixation R	1	73	5658461479	5658628470	166991	112.35	543.24	22	25	-1	9.19	9.19
Fixation L	1	75	5658795342	5659145838	350496	255.54	549.16	25	33	-1	9.60	9.60
Fixation R	1	74	5658795342	5659145838	350496	255.54	549.16	25	33	-1	9.73	9.73
Fixation L	1	76	5659154089	5659354338	200249	365.22	564.62	63	11	-1	9.59	9.59
Fixation R	1	75	5659154089	5659354338	200249	365.22	564.62	63	11	-1	10.12	10.12
Fixation L	1	77	5659362714	5659763335	400621	506.91	563.55	78	17	-1	9.70	9.70
Fixation R	1	76	5659362714	5659763335	400621	506.91	563.55	78	17	-1	10.60	10.60
Fixation L	1	78	5659771584	5660005199	233615	609.21	557.16	35	9	-1	9.83	9.83
Fixation R	1	77	5659771584	5660005199	233615	609.21	557.16	35	9	-1	10.34	10.34
Fixation L	1	79	5660013585	5660314074	300489	738.04	555.49	22	10	-1	9.51	9.51
Fixation R	1	78	5660013585	5660314074	300489	738.04	555.49	22	10	-1	10.04	10.04
Fixation L	1	80	5660322320	5660539321	217001	833.96	549.19	43	14	-1	9.32	9.32
Fixation R	1	79	5660322320	5660539321	217001	833.96	549.19	43	14	-1	9.92	9.92
Fixation L	1	81	5660597691	5660814694	217003	94.86	649.63	42	54	-1	9.39	9.39
Fixation L	1	82	5660889813	5661348687	458874	216.73	614.65	84	13	-1	9.67	9.67
Fixation R	1	80	5660889813	5661348687	458874	216.73	614.65	84	13	-1	9.61	9.61
Fixation L	1	83	5661365438	5661615807	250369	456.64	615.18	73	9	-1	9.70	9.70
Fixation R	1	81	5661365438	5661615807	250369	456.64	615.18	73	9	-1	10.56	10.56
Fixation L	1	84	5661632429	5661832672	200243	644.10	616.02	40	9	-1	9.93	9.93
Fixation R	1	82	5661632429	5661832672	200243	644.10	616.02	40	9	-1	10.32	10.32
Fixation L	1	85	5661849424	5662249918	400494	847.32	607.99	20	26	-1	9.35	9.35
Fixation R	1	83	5661849424	5662249918	400494	847.32	607.99	20	26	-1	9.89	9.89
Fixation L	1	86	5662300041	5662525288	225247	88.01	711.83	67	30	-1	9.42	9.42
Fixation R	1	84	5662300041	5662516920	216879	88.86	711.76	55	30	-1	9.31	9.31
Fixation L	1	87	5662533667	5662642163	108496	53.00	720.27	62	15	-1	9.53	9.53
Fixation L	1	88	5662650534	5662842410	191876	235.93	673.89	33	14	-1	9.92	9.92
Fixation R	1	85	5662650534	5662842410	191876	235.93	673.89	33	14	-1	9.58	9.58
Fixation L	1	89	5662859157	5663051029	191872	409.65	672.61	13	6	-1	10.03	10.03
Fixation R	1	86	5662859157	5663051029	191872	409.65	672.61	13	6	-1	10.91	10.91
Fixation L	1	90	5663067663	5663284651	216988	659.08	674.71	28	20	-1	10.14	10.14
Fixation R	1	87	5663067663	5663284651	216988	659.08	674.71	28	20	-1	10.53	10.53
Fixation L	1	91	5663334777	5663501647	166870	393.51	42.26	27	11	-1	9.59	9.59
Fixation R	1	88	5663334777	5663501647	166870	393.51	42.26	27	11	-1	9.83	9.83
Fixation L	1	92	5663518278	5663977298	459020	143.88	21.82	58	20	-1	9.40	9.40
Fixation R	1	89	5663518278	5663977298	459020	143.88	21.82	58	20	-1	9.70	9.70

