[BeGaze]
Converted from:	C:\Program Files\SMI\Experiment Suite 360\Experiment Center 2\Results\Readability_First_01\P02-eye_data.idf
Date:	02.08.2013 11:27:27
Version:	BeGaze 3.2.28
Sample Rate:	120
Subject:	P02
Description:	Run2

Table Header for Fixations:
Event Type	Trial	Number	Start	End	Duration	Location X	Location Y	Dispersion X	Dispersion Y	Plane	Avg. Pupil Size X	Avg. Pupil Size Y


Fixation L	1	1	6355730340	6355888909	158569	279.60	25.18	47	8	-1	9.57	9.57
Fixation R	1	1	6355730340	6355888909	158569	279.60	25.18	47	8	-1	10.17	10.17
Fixation L	1	2	6355897162	6356164277	267115	115.20	28.04	53	6	-1	9.59	9.59
Fixation R	1	2	6355897162	6356164277	267115	115.20	28.04	53	6	-1	10.12	10.12
Fixation L	1	3	6356180906	6356322778	141872	342.04	25.00	58	2	-1	9.69	9.69
Fixation R	1	3	6356180906	6356322778	141872	342.04	25.00	58	2	-1	9.99	9.99
Fixation L	1	4	6356339401	6356598151	258750	528.97	30.60	15	25	-1	9.62	9.62
Fixation R	1	4	6356339401	6356598151	258750	528.97	30.60	15	25	-1	9.89	9.89
Fixation L	1	5	6356606521	6356840142	233621	725.10	26.77	81	17	-1	9.58	9.58
Fixation R	1	5	6356606521	6356840142	233621	725.10	26.77	81	17	-1	9.82	9.82
Fixation L	1	6	6356898524	6357148895	250371	899.53	35.00	22	22	-1	9.62	9.62
Fixation R	1	6	6356898524	6357148895	250371	899.53	35.00	22	22	-1	9.86	9.86
Fixation L	1	7	6357207262	6357491009	283747	129.97	96.82	70	29	-1	9.50	9.50
Fixation R	1	7	6357207262	6357491009	283747	129.97	96.82	70	29	-1	10.06	10.06
Fixation L	1	8	6357574513	6357816381	241868	276.72	88.88	18	47	-1	9.79	9.79
Fixation R	1	8	6357574513	6357816381	241868	276.72	88.88	18	47	-1	10.08	10.08
Fixation L	1	9	6357824756	6358058377	233621	461.06	71.35	71	22	-1	10.00	10.00
Fixation R	1	9	6357824756	6358058377	233621	461.06	71.35	71	22	-1	10.19	10.19
Fixation L	1	10	6358075132	6358291998	216866	596.50	83.01	38	11	-1	9.92	9.92
Fixation R	1	10	6358075132	6358291998	216866	596.50	83.01	38	11	-1	10.09	10.09
Fixation L	1	11	6358300377	6358559119	258742	719.67	84.68	44	10	-1	9.90	9.90
Fixation R	1	11	6358300377	6358559119	258742	719.67	84.68	44	10	-1	10.00	10.00
Fixation L	1	12	6358567495	6358792741	225246	828.07	79.58	33	14	-1	9.85	9.85
Fixation R	1	12	6358567495	6358792741	225246	828.07	79.58	33	14	-1	9.96	9.96
Fixation L	1	13	6358851119	6359068114	216995	160.95	135.88	54	27	-1	9.63	9.63
Fixation R	1	13	6358851119	6359068114	216995	160.95	135.88	54	27	-1	10.16	10.16
Fixation L	1	14	6359084864	6359310106	225242	362.45	142.12	30	16	-1	9.90	9.90
Fixation R	1	14	6359084864	6359310106	225242	362.45	142.12	30	16	-1	9.75	9.75
Fixation L	1	15	6359318480	6359577106	258626	520.05	140.01	50	14	-1	9.77	9.77
Fixation R	1	15	6359318480	6359577106	258626	520.05	140.01	50	14	-1	10.08	10.08
Fixation L	1	16	6359593852	6359710599	116747	695.90	134.94	31	12	-1	9.73	9.73
Fixation R	1	16	6359593852	6359710599	116747	695.90	134.94	31	12	-1	10.08	10.08
Fixation L	1	17	6359735724	6359852478	116754	226.95	142.98	94	3	-1	9.67	9.67
Fixation R	1	17	6359735724	6359852478	116754	226.95	142.98	94	3	-1	10.06	10.06
Fixation L	1	18	6359869222	6359969345	100123	151.79	147.17	94	3	-1	9.52	9.52
Fixation R	1	18	6359869222	6359969345	100123	151.79	147.17	94	3	-1	9.98	9.98
Fixation L	1	19	6359977727	6360152975	175248	115.10	156.92	16	19	-1	9.83	9.83
Fixation R	1	19	6359977727	6360152975	175248	115.10	156.92	16	19	-1	10.15	10.15
Fixation L	1	20	6360194593	6360503342	308749	511.62	132.92	37	27	-1	9.96	9.96
Fixation R	1	20	6360194593	6360503342	308749	511.62	132.92	37	27	-1	10.12	10.12
Fixation L	1	21	6360520090	6360711963	191873	715.45	112.25	61	20	-1	9.84	9.84
Fixation R	1	21	6360520090	6360711963	191873	715.45	112.25	61	20	-1	10.14	10.14
Fixation L	1	22	6360720336	6360828834	108498	834.37	121.03	24	11	-1	9.75	9.75
Fixation R	1	22	6360720336	6360828834	108498	834.37	121.03	24	11	-1	9.99	9.99
Fixation L	1	23	6360878841	6361112581	233740	110.93	210.90	25	28	-1	9.80	9.80
Fixation R	1	23	6360878841	6361112581	233740	110.93	210.90	25	28	-1	10.34	10.34
Fixation L	1	24	6361129205	6361412951	283746	273.29	197.52	26	11	-1	10.04	10.04
Fixation R	1	24	6361129205	6361412951	283746	273.29	197.52	26	11	-1	10.39	10.39
Fixation L	1	25	6361421325	6361638197	216872	478.67	191.56	71	11	-1	9.86	9.86
Fixation R	1	25	6361421325	6361638197	216872	478.67	191.56	71	11	-1	10.24	10.24
Fixation L	1	26	6361654950	6361821818	166868	629.78	180.69	63	14	-1	9.78	9.78
Fixation R	1	26	6361654950	6361821818	166868	629.78	180.69	63	14	-1	10.07	10.07
Fixation L	1	27	6361830198	6362080445	250247	752.63	194.98	28	38	-1	9.71	9.71
Fixation R	1	27	6361830198	6362080445	250247	752.63	194.98	28	38	-1	10.08	10.08
Fixation L	1	28	6362088816	6362230689	141873	853.72	210.48	43	17	-1	9.64	9.64
Fixation R	1	28	6362088816	6362230689	141873	853.72	210.48	43	17	-1	9.53	9.53
Fixation L	1	29	6362272434	6362481065	208631	187.15	253.10	32	40	-1	9.63	9.63
Fixation R	1	29	6362272434	6362481065	208631	187.15	253.10	32	40	-1	10.24	10.24
Fixation L	1	30	6362497683	6362589558	91875	123.36	257.85	40	6	-1	9.75	9.75
Fixation R	1	30	6362497683	6362589558	91875	123.36	257.85	40	6	-1	10.28	10.28
Fixation L	1	31	6362606183	6362806430	200247	371.45	236.64	79	19	-1	9.96	9.96
Fixation R	1	31	6362606183	6362806430	200247	371.45	236.64	79	19	-1	10.26	10.26
Fixation L	1	32	6362814800	6362998423	183623	563.30	238.41	31	11	-1	9.79	9.79
Fixation R	1	32	6362814800	6362998423	183623	563.30	238.41	31	11	-1	10.18	10.18
Fixation L	1	33	6363015053	6363207050	191997	793.62	215.69	25	27	-1	9.66	9.66
Fixation R	1	33	6363015053	6363207050	191997	793.62	215.69	25	27	-1	10.14	10.14
Fixation L	1	34	6363215297	6363490671	275374	890.53	234.78	39	44	-1	9.62	9.62
Fixation R	1	34	6363215297	6363490671	275374	890.53	234.78	39	44	-1	10.17	10.17
Fixation L	1	35	6363499042	6363816162	317120	721.92	250.08	19	38	-1	9.77	9.77
Fixation R	1	35	6363499042	6363816162	317120	721.92	250.08	19	38	-1	10.14	10.14
Fixation L	1	36	6363824537	6364024783	200246	865.14	234.28	47	43	-1	9.57	9.57
Fixation R	1	36	6363824537	6364024783	200246	865.14	234.28	47	43	-1	10.06	10.06
Fixation L	1	37	6364074785	6364275156	200371	134.18	298.18	66	27	-1	9.58	9.58
Fixation R	1	37	6364074785	6364275156	200371	134.18	298.18	66	27	-1	9.92	9.92
Fixation L	1	38	6364283408	6364375279	91871	105.11	316.13	66	18	-1	9.60	9.60
Fixation R	1	38	6364283408	6364375279	91871	105.11	316.13	66	18	-1	9.82	9.82
Fixation L	1	39	6364383532	6364617278	233746	282.93	310.11	14	17	-1	9.75	9.75
Fixation R	1	39	6364383532	6364617278	233746	282.93	310.11	14	17	-1	9.97	9.97
Fixation L	1	40	6364625522	6364942647	317125	444.74	312.78	76	23	-1	9.70	9.70
Fixation R	1	40	6364625522	6364942647	317125	444.74	312.78	76	23	-1	10.03	10.03
Fixation L	1	41	6364951019	6365126270	175251	577.75	320.87	74	18	-1	9.60	9.60
Fixation R	1	41	6364951019	6365126270	175251	577.75	320.87	74	18	-1	9.87	9.87
Fixation L	1	42	6365134644	6365359894	225250	698.18	312.44	52	29	-1	9.47	9.47
Fixation R	1	42	6365134644	6365359894	225250	698.18	312.44	52	29	-1	9.77	9.77
Fixation L	1	43	6365368262	6365601926	233664	831.78	311.21	16	19	-1	9.45	9.45
Fixation L	1	44	6365610265	6365802136	191871	936.97	320.91	65	13	-1	9.45	9.45
Fixation R	1	43	6365610265	6365802136	191871	936.97	320.91	65	13	-1	9.85	9.85
Fixation L	1	45	6365843881	6366010759	166878	199.33	357.18	72	25	-1	9.50	9.50
Fixation R	1	44	6365843881	6366010759	166878	199.33	357.18	72	25	-1	9.98	9.98
Fixation L	1	46	6366027506	6366211007	183501	92.09	379.71	38	23	-1	9.57	9.57
Fixation R	1	45	6366027506	6366211007	183501	92.09	379.71	38	23	-1	9.94	9.94
Fixation L	1	47	6366219375	6366436375	217000	226.65	369.92	38	5	-1	9.75	9.75
Fixation R	1	46	6366219375	6366436375	217000	226.65	369.92	38	5	-1	9.91	9.91
Fixation L	1	48	6366444621	6366728374	283753	406.40	379.08	54	15	-1	9.79	9.79
Fixation R	1	47	6366444621	6366728374	283753	406.40	379.08	54	15	-1	10.28	10.28
Fixation L	1	49	6366745121	6366995364	250243	607.84	371.73	27	11	-1	9.79	9.79
Fixation R	1	48	6366745121	6366995364	250243	607.84	371.73	27	11	-1	10.15	10.15
Fixation L	1	50	6367003740	6367379232	375492	787.28	372.97	78	8	-1	9.67	9.67
Fixation R	1	49	6367003740	6367379232	375492	787.28	372.97	78	8	-1	10.04	10.04
Fixation L	1	51	6367429358	6367671355	241997	117.22	432.53	60	39	-1	9.57	9.57
Fixation R	1	50	6367429358	6367671355	241997	117.22	432.53	60	39	-1	9.89	9.89
Fixation L	1	52	6367729727	6367996724	266997	325.99	433.23	51	17	-1	9.83	9.83
Fixation R	1	51	6367729727	6367996724	266997	325.99	433.23	51	17	-1	10.17	10.17
Fixation L	1	53	6368005102	6368222095	216993	461.32	437.47	63	11	-1	9.83	9.83
Fixation R	1	52	6368005102	6368222095	216993	461.32	437.47	63	11	-1	10.30	10.30
Fixation L	1	54	6368230468	6368388970	158502	620.23	439.37	28	5	-1	9.69	9.69
Fixation R	1	53	6368230468	6368388970	158502	620.23	439.37	28	5	-1	10.23	10.23
Fixation L	1	55	6368397344	6368714343	316999	783.45	431.86	50	10	-1	9.59	9.59
Fixation R	1	54	6368397344	6368714343	316999	783.45	431.86	50	10	-1	10.11	10.11
Fixation L	1	56	6368722712	6368881335	158623	857.41	428.15	33	9	-1	9.68	9.68
Fixation R	1	55	6368722712	6368881335	158623	857.41	428.15	33	9	-1	10.07	10.07
Fixation L	1	57	6368889590	6369190083	300493	736.46	428.68	47	8	-1	9.57	9.57
Fixation R	1	56	6368889590	6369190083	300493	736.46	428.68	47	8	-1	10.16	10.16
Fixation L	1	58	6369198330	6369457074	258744	919.39	429.76	50	8	-1	9.56	9.56
Fixation R	1	57	6369198330	6369457074	258744	919.39	429.76	50	8	-1	9.92	9.92
Fixation L	1	59	6369507076	6369757447	250371	118.29	492.63	35	23	-1	9.52	9.52
Fixation R	1	58	6369548824	6369757447	208623	114.70	493.02	22	5	-1	9.88	9.88
Fixation L	1	60	6369765828	6370032819	266991	261.64	492.74	64	10	-1	9.74	9.74
Fixation R	1	59	6369765828	6370032819	266991	261.64	492.74	64	10	-1	10.02	10.02
Fixation L	1	61	6370049569	6370249816	200247	547.78	488.64	68	4	-1	9.95	9.95
Fixation R	1	60	6370049569	6370249816	200247	547.78	488.64	68	4	-1	10.37	10.37
Fixation R	1	61	6370258188	6370575185	316997	727.11	493.21	85	12	-1	10.27	10.27
Fixation L	1	62	6370475061	6370575185	100124	686.64	495.80	55	11	-1	9.68	9.68
Fixation L	1	63	6370583564	6370767186	183622	885.60	498.85	93	4	-1	9.57	9.57
Fixation R	1	62	6370583564	6370767186	183622	885.60	498.85	93	4	-1	10.08	10.08
Fixation L	1	64	6370775556	6370984054	208498	910.27	491.90	32	15	-1	9.66	9.66
Fixation R	1	63	6370775556	6370984054	208498	910.27	491.90	32	15	-1	10.15	10.15
Fixation L	1	65	6371042556	6371226052	183496	147.92	558.24	58	32	-1	9.65	9.65
Fixation R	1	64	6371042556	6371226052	183496	147.92	558.24	58	32	-1	9.94	9.94
Fixation L	1	66	6371234427	6371468052	233625	76.46	573.85	24	15	-1	9.59	9.59
Fixation R	1	65	6371234427	6371468052	233625	76.46	573.85	24	15	-1	9.73	9.73
Fixation L	1	67	6371476423	6371693425	217002	179.14	563.95	33	10	-1	9.72	9.72
Fixation R	1	66	6371476423	6371693425	217002	179.14	563.95	33	10	-1	9.60	9.60
Fixation L	1	68	6371701796	6371810167	108371	271.08	560.26	70	19	-1	9.73	9.73
Fixation R	1	67	6371701796	6371810167	108371	271.08	560.26	70	19	-1	9.58	9.58
Fixation L	1	69	6372002166	6372369284	367118	359.13	516.71	74	17	-1	9.78	9.78
Fixation R	1	68	6372002166	6372369284	367118	359.13	516.71	74	17	-1	10.22	10.22
Fixation L	1	70	6372386036	6372586277	200241	527.76	522.25	68	17	-1	9.68	9.68
Fixation R	1	69	6372386036	6372586277	200241	527.76	522.25	68	17	-1	10.34	10.34
Fixation L	1	71	6372594660	6372995154	400494	655.84	537.35	84	13	-1	9.74	9.74
Fixation R	1	70	6372594660	6372953405	358745	649.22	537.13	84	13	-1	10.14	10.14
Fixation L	1	72	6373003525	6373195400	191875	714.66	542.96	27	8	-1	9.67	9.67
Fixation L	1	73	6373203771	6373529143	325372	856.92	548.18	76	17	-1	9.45	9.45
Fixation R	1	71	6373203771	6373529143	325372	856.92	548.18	76	17	-1	10.08	10.08
Fixation L	1	74	6373537515	6373696143	158628	932.09	542.73	31	13	-1	9.59	9.59
Fixation R	1	72	6373537515	6373696143	158628	932.09	542.73	31	13	-1	10.22	10.22
Fixation L	1	75	6373754511	6373921387	166876	117.04	611.68	44	31	-1	9.01	9.01
Fixation R	1	73	6373754511	6373921387	166876	117.04	611.68	44	31	-1	9.66	9.66
Fixation L	1	76	6373929761	6374146638	216877	45.43	625.84	70	17	-1	9.63	9.63
Fixation R	1	74	6373929761	6374146638	216877	45.43	625.84	70	17	-1	9.87	9.87
Fixation L	1	77	6374155005	6374363633	208628	202.14	600.92	23	20	-1	9.87	9.87
Fixation R	1	75	6374155005	6374363633	208628	202.14	600.92	23	20	-1	9.41	9.41
Fixation L	1	78	6374372004	6374572250	200246	373.76	595.54	65	8	-1	9.86	9.86
Fixation R	1	76	6374372004	6374572250	200246	373.76	595.54	65	8	-1	10.18	10.18
Fixation L	1	79	6374580625	6374772498	191873	594.86	597.50	79	7	-1	10.04	10.04
Fixation R	1	77	6374580625	6374772498	191873	594.86	597.50	79	7	-1	10.62	10.62
Fixation L	1	80	6374780871	6374872622	91751	765.04	602.38	76	4	-1	9.69	9.69
Fixation R	1	78	6374780871	6374872622	91751	765.04	602.38	76	4	-1	10.30	10.30
Fixation L	1	81	6374880996	6375389986	508990	898.34	607.51	86	12	-1	9.48	9.48
Fixation R	1	79	6374880996	6375389986	508990	898.34	607.51	86	12	-1	10.13	10.13
Fixation L	1	82	6375523486	6375623618	100132	116.18	689.23	33	63	-1	9.53	9.53
Fixation R	1	80	6375523486	6375623618	100132	116.18	689.23	33	63	-1	8.90	8.90
Fixation L	1	83	6375631982	6375949110	317128	51.31	696.83	76	9	-1	9.64	9.64
Fixation R	1	81	6375631982	6375949110	317128	51.31	696.83	76	9	-1	9.76	9.76
Fixation L	1	84	6375957480	6376199483	242003	269.22	664.50	63	22	-1	9.99	9.99
Fixation R	1	82	6375957480	6376199483	242003	269.22	664.50	63	22	-1	9.67	9.67
Fixation L	1	85	6376207724	6376800220	592496	414.67	666.43	67	15	-1	9.91	9.91
Fixation R	1	83	6376207724	6376800220	592496	414.67	666.43	67	15	-1	10.35	10.35
Fixation L	1	86	6376808592	6377017212	208620	301.50	669.86	17	9	-1	9.98	9.98
Fixation R	1	84	6376808592	6377017212	208620	301.50	669.86	17	9	-1	9.64	9.64
Fixation L	1	87	6377025589	6377259208	233619	431.29	670.15	60	7	-1	10.00	10.00
Fixation R	1	85	6377025589	6377259208	233619	431.29	670.15	60	7	-1	10.60	10.60
Fixation L	1	88	6377267583	6377492829	225246	583.46	663.71	16	13	-1	9.92	9.92
Fixation R	1	86	6377267583	6377492829	225246	583.46	663.71	16	13	-1	10.59	10.59
Fixation L	1	89	6377501211	6377818327	317116	767.23	664.27	89	8	-1	9.55	9.55
Fixation R	1	87	6377501211	6377818327	317116	767.23	664.27	89	8	-1	10.32	10.32
Fixation L	1	90	6377826577	6378101950	275373	874.72	674.59	78	10	-1	9.51	9.51
Fixation R	1	88	6377826577	6378101950	275373	874.72	674.59	78	10	-1	10.13	10.13
Fixation L	1	91	6378110321	6378218817	108496	938.47	679.67	31	6	-1	9.61	9.61
Fixation R	1	89	6378110321	6378218817	108496	938.47	679.67	31	6	-1	10.06	10.06

