[BeGaze]
Converted from:	C:\Program Files\SMI\Experiment Suite 360\Experiment Center 2\Results\Readability_First_01\P02-eye_data.idf
Date:	02.08.2013 11:27:28
Version:	BeGaze 3.2.28
Sample Rate:	120
Subject:	P02
Description:	Run2

Table Header for Fixations:
Event Type	Trial	Number	Start	End	Duration	Location X	Location Y	Dispersion X	Dispersion Y	Plane	Avg. Pupil Size X	Avg. Pupil Size Y


Fixation L	1	1	6487458312	6487608537	150225	303.57	163.24	10	13	-1	11.35	11.35
Fixation R	1	1	6487458312	6487608537	150225	303.57	163.24	10	13	-1	11.87	11.87
Fixation L	1	2	6487625171	6487808786	183615	159.91	59.52	25	70	-1	11.17	11.17
Fixation R	1	2	6487625171	6487808786	183615	159.91	59.52	25	70	-1	11.77	11.77
Fixation L	1	3	6487817035	6487942283	125248	126.40	68.79	20	32	-1	10.38	10.38
Fixation R	1	3	6487817035	6487942283	125248	126.40	68.79	20	32	-1	10.83	10.83
Fixation R	1	4	6488009030	6488326157	317127	215.23	40.18	49	37	-1	10.53	10.53
Fixation L	1	4	6488017407	6488326157	308750	215.33	40.76	49	25	-1	10.12	10.12
Fixation L	1	5	6488334530	6488601529	266999	112.33	59.77	17	26	-1	10.37	10.37
Fixation R	1	5	6488334530	6488601529	266999	112.33	59.77	17	26	-1	10.86	10.86
Fixation L	1	6	6488609897	6488901894	291997	244.31	46.46	23	26	-1	10.55	10.55
Fixation R	1	6	6488609897	6488901894	291997	244.31	46.46	23	26	-1	10.94	10.94
Fixation L	1	7	6488910269	6489219013	308744	354.37	34.44	35	22	-1	10.60	10.60
Fixation R	1	7	6488910269	6489219013	308744	354.37	34.44	35	22	-1	10.93	10.93
Fixation L	1	8	6489227392	6489436014	208622	458.38	30.42	68	30	-1	10.69	10.69
Fixation R	1	8	6489227392	6489436014	208622	458.38	30.42	68	30	-1	10.83	10.83
Fixation L	1	9	6489444256	6489736381	292125	357.30	21.76	21	11	-1	10.64	10.64
Fixation R	1	9	6489444256	6489736381	292125	357.30	21.76	21	11	-1	10.94	10.94
Fixation L	1	10	6489744757	6489961627	216870	497.11	19.09	44	13	-1	10.71	10.71
Fixation R	1	10	6489744757	6489961627	216870	497.11	19.09	44	13	-1	10.90	10.90
Fixation L	1	11	6489970001	6490170250	200249	639.14	16.80	51	21	-1	10.68	10.68
Fixation R	1	11	6489970001	6490170250	200249	639.14	16.80	51	21	-1	10.75	10.75
Fixation L	1	12	6490178627	6490403872	225245	767.27	23.32	65	17	-1	10.42	10.42
Fixation R	1	12	6490178627	6490403872	225245	767.27	23.32	65	17	-1	10.56	10.56
Fixation L	1	13	6490412243	6490645863	233620	867.37	25.70	28	13	-1	10.40	10.40
Fixation R	1	13	6490412243	6490645863	233620	867.37	25.70	28	13	-1	10.59	10.59
Fixation L	1	14	6490695988	6490896236	200248	120.06	99.77	46	34	-1	9.30	9.30
Fixation R	1	14	6490695988	6490896236	200248	120.06	99.77	46	34	-1	10.76	10.76
Fixation L	1	15	6490996359	6491179986	183627	242.63	100.35	68	30	-1	10.45	10.45
Fixation R	1	15	6490996359	6491179986	183627	242.63	100.35	68	30	-1	10.87	10.87
Fixation L	1	16	6491188357	6491296730	108373	244.33	79.66	74	11	-1	10.39	10.39
Fixation R	1	16	6491188357	6491296730	108373	244.33	79.66	74	11	-1	10.81	10.81
Fixation L	1	17	6491305109	6491605479	300370	378.50	71.98	58	18	-1	10.39	10.39
Fixation R	1	17	6491305109	6491605479	300370	378.50	71.98	58	18	-1	10.72	10.72
Fixation L	1	18	6491613849	6491872597	258748	463.77	91.45	21	45	-1	10.32	10.32
Fixation R	1	18	6491613849	6491872597	258748	463.77	91.45	21	45	-1	10.62	10.62
Fixation L	1	19	6491880851	6492264714	383863	585.54	104.08	44	19	-1	10.34	10.34
Fixation R	1	19	6491880851	6492264714	383863	585.54	104.08	44	19	-1	10.68	10.68
Fixation L	1	20	6492273088	6492431592	158504	695.84	106.44	37	13	-1	10.18	10.18
Fixation R	1	20	6492273088	6492431592	158504	695.84	106.44	37	13	-1	10.46	10.46
Fixation L	1	21	6492540086	6492732086	192000	858.42	103.30	70	27	-1	10.32	10.32
Fixation R	1	21	6492540086	6492732086	192000	858.42	103.30	70	27	-1	10.59	10.59
Fixation L	1	22	6492790458	6492898953	108495	138.33	137.94	64	34	-1	10.25	10.25
Fixation R	1	22	6492790458	6492898953	108495	138.33	137.94	64	34	-1	11.04	11.04
Fixation L	1	23	6492907333	6493399576	492243	98.26	156.26	44	20	-1	10.12	10.12
Fixation R	1	23	6492907333	6493399576	492243	98.26	156.26	44	20	-1	10.69	10.69
Fixation L	1	24	6493407951	6493700072	292121	237.99	145.17	71	20	-1	10.23	10.23
Fixation R	1	24	6493407951	6493700072	292121	237.99	145.17	71	20	-1	10.61	10.61
Fixation L	1	25	6493716703	6494067191	350488	366.29	143.48	80	18	-1	10.32	10.32
Fixation R	1	25	6493716703	6494067191	350488	366.29	143.48	80	18	-1	10.59	10.59
Fixation L	1	26	6494075563	6494342562	266999	281.51	157.71	55	5	-1	10.13	10.13
Fixation R	1	26	6494075563	6494342562	266999	281.51	157.71	55	5	-1	10.54	10.54
Fixation L	1	27	6494350937	6494567807	216870	414.03	149.33	9	17	-1	10.37	10.37
Fixation R	1	27	6494350937	6494567807	216870	414.03	149.33	9	17	-1	10.59	10.59
Fixation L	1	28	6494576183	6494859929	283746	566.34	146.33	55	19	-1	10.37	10.37
Fixation R	1	28	6494576183	6494859929	283746	566.34	146.33	55	19	-1	10.64	10.64
Fixation L	1	29	6494868303	6494985055	116752	679.42	152.81	89	8	-1	10.17	10.17
Fixation R	1	29	6494868303	6494985055	116752	679.42	152.81	89	8	-1	10.46	10.46
Fixation L	1	30	6494993426	6495076799	83373	687.66	141.90	9	5	-1	10.07	10.07
Fixation R	1	30	6494993426	6495076799	83373	687.66	141.90	9	5	-1	10.38	10.38
Fixation L	1	31	6495085179	6495318798	233619	831.85	139.65	61	15	-1	10.01	10.01
Fixation R	1	31	6495085179	6495318798	233619	831.85	139.65	61	15	-1	10.10	10.10
Fixation L	1	32	6495327169	6495452421	125252	930.53	145.66	70	6	-1	9.99	9.99
Fixation R	1	32	6495327169	6495452421	125252	930.53	145.66	70	6	-1	10.25	10.25
Fixation L	1	33	6495502420	6495652670	150250	173.21	211.10	55	28	-1	10.03	10.03
Fixation R	1	33	6495502420	6495652670	150250	173.21	211.10	55	28	-1	10.59	10.59
Fixation L	1	34	6495660918	6495978034	317116	118.30	216.95	66	17	-1	10.14	10.14
Fixation R	1	34	6495660918	6495978034	317116	118.30	216.95	66	17	-1	10.58	10.58
Fixation L	1	35	6495994785	6496303529	308744	338.24	213.81	28	16	-1	10.23	10.23
Fixation R	1	35	6495994785	6496303529	308744	338.24	213.81	28	16	-1	10.48	10.48
Fixation L	1	36	6496311912	6496562153	250241	451.08	218.50	47	7	-1	10.15	10.15
Fixation R	1	36	6496311912	6496562153	250241	451.08	218.50	47	7	-1	10.40	10.40
Fixation L	1	37	6496570524	6496770771	200247	590.81	216.53	86	4	-1	9.94	9.94
Fixation R	1	37	6496570524	6496770771	200247	590.81	216.53	86	4	-1	10.19	10.19
Fixation L	1	38	6496779146	6497246389	467243	692.91	187.75	44	40	-1	9.70	9.70
Fixation R	1	38	6496779146	6497246389	467243	692.91	187.75	44	40	-1	10.07	10.07
Fixation L	1	39	6497254768	6497346515	91747	813.01	193.48	88	10	-1	9.70	9.70
Fixation R	1	39	6497254768	6497346515	91747	813.01	193.48	88	10	-1	9.86	9.86
Fixation L	1	40	6497354892	6497830505	475613	865.64	208.11	82	16	-1	9.82	9.82
Fixation R	1	40	6497354892	6497830505	475613	865.64	208.11	82	16	-1	10.03	10.03
Fixation L	1	41	6497880629	6497980753	100124	168.14	261.02	66	27	-1	9.01	9.01
Fixation R	1	41	6497880629	6497997506	116877	167.10	262.95	66	32	-1	10.30	10.30
Fixation R	1	42	6498005761	6498239379	233618	117.91	286.10	58	11	-1	10.30	10.30
Fixation L	1	42	6498247753	6498447996	200243	246.50	277.65	72	9	-1	9.85	9.85
Fixation R	1	43	6498247753	6498447996	200243	246.50	277.65	72	9	-1	10.25	10.25
Fixation L	1	43	6498456376	6498639997	183621	392.46	265.70	16	10	-1	9.81	9.81
Fixation R	1	44	6498456376	6498639997	183621	392.46	265.70	16	10	-1	10.15	10.15
Fixation L	1	44	6498648368	6498765120	116752	486.96	264.42	22	8	-1	9.74	9.74
Fixation R	1	45	6498648368	6498765120	116752	486.96	264.42	22	8	-1	9.82	9.82
Fixation L	1	45	6498890370	6498982114	91744	647.58	256.18	79	20	-1	9.66	9.66
Fixation R	1	46	6498890370	6498982114	91744	647.58	256.18	79	20	-1	9.98	9.98
Fixation L	1	46	6498990493	6499249112	258619	656.86	263.01	16	16	-1	9.85	9.85
Fixation R	1	47	6498990493	6499249112	258619	656.86	263.01	16	16	-1	10.21	10.21
Fixation L	1	47	6499257486	6499466109	208623	791.22	280.06	17	18	-1	9.38	9.38
Fixation R	1	48	6499257486	6499682980	425494	777.53	273.81	38	23	-1	10.12	10.12
Fixation L	1	48	6499691356	6499891607	200251	879.68	267.01	21	5	-1	9.79	9.79
Fixation R	1	49	6499691356	6499891607	200251	879.68	267.01	21	5	-1	10.17	10.17
Fixation L	1	49	6499950105	6500192104	241999	90.95	338.50	49	29	-1	9.74	9.74
Fixation R	1	50	6499950105	6500192104	241999	90.95	338.50	49	29	-1	10.34	10.34
Fixation L	1	50	6500200347	6500500842	300495	193.81	337.67	92	6	-1	10.04	10.04
Fixation R	1	51	6500200347	6500500842	300495	193.81	337.67	92	6	-1	10.35	10.35
Fixation L	1	51	6500509092	6500809591	300499	337.73	325.74	62	15	-1	9.82	9.82
Fixation R	1	52	6500509092	6500809591	300499	337.73	325.74	62	15	-1	10.19	10.19
Fixation R	1	53	6500817841	6501059833	241992	418.05	334.93	15	9	-1	10.19	10.19
Fixation L	1	52	6501068209	6501268457	200248	525.49	328.70	24	13	-1	9.80	9.80
Fixation R	1	54	6501068209	6501268457	200248	525.49	328.70	24	13	-1	10.13	10.13
Fixation L	1	53	6501276832	6501618953	342121	660.67	328.74	34	13	-1	9.80	9.80
Fixation R	1	55	6501276832	6501618953	342121	660.67	328.74	34	13	-1	10.16	10.16
Fixation L	1	54	6501627322	6502019571	392249	832.65	330.11	71	12	-1	9.86	9.86
Fixation R	1	56	6501627322	6502019571	392249	832.65	330.11	71	12	-1	10.21	10.21
Fixation L	1	55	6502069568	6502261437	191869	141.07	390.84	63	35	-1	9.84	9.84
Fixation R	1	57	6502069568	6502261437	191869	141.07	390.84	63	35	-1	10.34	10.34
Fixation L	1	56	6502269816	6502436685	166869	125.61	388.23	20	6	-1	9.93	9.93
Fixation R	1	58	6502269816	6502436685	166869	125.61	388.23	20	6	-1	10.40	10.40
Fixation L	1	57	6502445068	6502595312	150244	242.45	378.79	31	6	-1	10.01	10.01
Fixation R	1	59	6502445068	6502595312	150244	242.45	378.79	31	6	-1	10.31	10.31
Fixation L	1	58	6502603683	6502795562	191879	339.89	384.01	54	5	-1	9.90	9.90
Fixation R	1	60	6502603683	6502795562	191879	339.89	384.01	54	5	-1	10.41	10.41
Fixation L	1	59	6502803933	6502912427	108494	430.20	386.64	84	7	-1	10.06	10.06
Fixation R	1	61	6502803933	6502912427	108494	430.20	386.64	84	7	-1	10.56	10.56
Fixation L	1	60	6502920683	6503112675	191992	549.19	384.22	23	5	-1	9.97	9.97
Fixation R	1	62	6502920683	6503112675	191992	549.19	384.22	23	5	-1	10.33	10.33
Fixation L	1	61	6503120935	6503312923	191988	726.88	386.38	88	7	-1	9.90	9.90
Fixation R	1	63	6503120935	6503312923	191988	726.88	386.38	88	7	-1	10.21	10.21
Fixation L	1	62	6503321300	6503404672	83372	788.18	378.56	27	7	-1	9.83	9.83
Fixation R	1	64	6503321300	6503404672	83372	788.18	378.56	27	7	-1	10.20	10.20
Fixation L	1	63	6503454795	6503713417	258622	114.89	457.45	44	46	-1	9.71	9.71
Fixation R	1	65	6503454795	6503713417	258622	114.89	457.45	44	46	-1	10.22	10.22
Fixation L	1	64	6503972171	6504139035	166864	266.93	416.36	33	62	-1	10.09	10.09
Fixation R	1	66	6503972171	6504139035	166864	266.93	416.36	33	62	-1	10.37	10.37
Fixation L	1	65	6504155661	6504414407	258746	421.53	434.26	60	27	-1	10.17	10.17
Fixation R	1	67	6504155661	6504414407	258746	421.53	434.26	60	27	-1	10.52	10.52
Fixation L	1	66	6504422787	6504639653	216866	559.40	451.28	17	15	-1	9.55	9.55
Fixation R	1	68	6504422787	6504639653	216866	559.40	451.28	17	15	-1	10.40	10.40
Fixation R	1	69	6504648030	6504781525	133495	653.71	451.32	25	29	-1	10.43	10.43
Fixation L	1	67	6504789901	6504981771	191870	815.03	437.23	73	19	-1	9.74	9.74
Fixation R	1	70	6504789901	6504981771	191870	815.03	437.23	73	19	-1	10.07	10.07
Fixation L	1	68	6505115270	6505407393	292123	99.06	506.56	66	19	-1	9.81	9.81
Fixation R	1	71	6505115270	6505407393	292123	99.06	506.56	66	19	-1	10.29	10.29
Fixation L	1	69	6505415766	6505649390	233624	269.74	488.80	25	15	-1	10.03	10.03
Fixation R	1	72	6505415766	6505649390	233624	269.74	488.80	25	15	-1	10.41	10.41
Fixation L	1	70	6505657761	6505866386	208625	425.99	495.34	77	10	-1	10.06	10.06
Fixation R	1	73	6505657761	6505866386	208625	425.99	495.34	77	10	-1	10.60	10.60
Fixation L	1	71	6505874638	6505966509	91871	487.42	502.70	36	5	-1	10.15	10.15
Fixation R	1	74	6505874638	6505966509	91871	487.42	502.70	36	5	-1	10.55	10.55
Fixation L	1	72	6505974763	6506383753	408990	661.83	502.00	82	11	-1	10.13	10.13
Fixation R	1	75	6505974763	6506383753	408990	661.83	502.00	82	11	-1	10.63	10.63
Fixation L	1	73	6506392002	6506475508	83506	589.21	504.76	15	6	-1	10.17	10.17
Fixation R	1	76	6506392002	6506475508	83506	589.21	504.76	15	6	-1	10.68	10.68
Fixation L	1	74	6506492126	6506734121	241995	781.00	501.33	15	14	-1	10.03	10.03
Fixation R	1	77	6506492126	6506734121	241995	781.00	501.33	15	14	-1	10.39	10.39
Fixation L	1	75	6506784249	6507076246	291997	109.39	572.27	54	23	-1	9.84	9.84
Fixation R	1	78	6506784249	6507076246	291997	109.39	572.27	54	23	-1	10.19	10.19
Fixation L	1	76	6507084615	6507259865	175250	252.14	564.11	89	8	-1	10.14	10.14
Fixation R	1	79	6507084615	6507259865	175250	252.14	564.11	89	8	-1	10.11	10.11
Fixation L	1	77	6507268237	6507493484	225247	382.70	560.67	42	9	-1	9.97	9.97
Fixation R	1	80	6507268237	6507493484	225247	382.70	560.67	42	9	-1	10.39	10.39
Fixation L	1	78	6507501869	6507743855	241986	577.98	562.16	76	6	-1	10.08	10.08
Fixation R	1	81	6507501869	6507743855	241986	577.98	562.16	76	6	-1	10.58	10.58
Fixation L	1	79	6507752233	6507960850	208617	778.73	560.26	71	10	-1	9.72	9.72
Fixation R	1	82	6507752233	6507960850	208617	778.73	560.26	71	10	-1	10.20	10.20
Fixation L	1	80	6507969101	6508186102	217001	928.44	550.06	64	14	-1	9.76	9.76
Fixation R	1	83	6507969101	6508186102	217001	928.44	550.06	64	14	-1	10.08	10.08
Fixation R	1	84	6508236230	6508403098	166868	162.44	611.96	42	46	-1	10.19	10.19
Fixation L	1	81	6508411477	6508619967	208490	77.19	651.58	77	21	-1	9.80	9.80
Fixation R	1	85	6508411477	6508619967	208490	77.19	651.58	77	21	-1	10.13	10.13
Fixation L	1	82	6508628348	6508861962	233614	219.90	623.97	50	31	-1	10.05	10.05
Fixation R	1	86	6508628348	6508861962	233614	219.90	623.97	50	31	-1	9.90	9.90
Fixation L	1	83	6508870338	6509037210	166872	345.12	614.93	63	9	-1	9.96	9.96
Fixation R	1	87	6508870338	6509037210	166872	345.12	614.93	63	9	-1	10.38	10.38
Fixation L	1	84	6509045587	6509220835	175248	449.35	625.51	78	20	-1	10.06	10.06
Fixation R	1	88	6509045587	6509220835	175248	449.35	625.51	78	20	-1	10.61	10.61
Fixation L	1	85	6509270959	6509512958	241999	679.31	629.94	68	8	-1	10.11	10.11
Fixation R	1	89	6509270959	6509512958	241999	679.31	629.94	68	8	-1	10.53	10.53
Fixation L	1	86	6509521205	6509721457	200252	850.07	620.52	22	16	-1	9.76	9.76
Fixation R	1	90	6509521205	6509721457	200252	850.07	620.52	22	16	-1	10.14	10.14
Fixation L	1	87	6509771575	6510105322	333747	215.99	679.21	39	28	-1	9.92	9.92
Fixation R	1	91	6509771575	6510105322	333747	215.99	679.21	39	28	-1	9.87	9.87
Fixation L	1	88	6510113698	6510347317	233619	302.73	677.96	83	9	-1	10.12	10.12
Fixation R	1	92	6510113698	6510347317	233619	302.73	677.96	83	9	-1	9.99	9.99
Fixation L	1	89	6510355693	6510505816	150123	142.36	700.90	69	21	-1	9.86	9.86
Fixation R	1	93	6510355693	6510505816	150123	142.36	700.90	69	21	-1	10.01	10.01
Fixation L	1	90	6510514195	6510672814	158619	71.81	714.61	26	9	-1	9.86	9.86
Fixation R	1	94	6510514195	6510672814	158619	71.81	714.61	26	9	-1	10.13	10.13
Fixation L	1	91	6510697810	6510881439	183629	480.50	685.58	79	17	-1	10.48	10.48
Fixation R	1	95	6510697810	6510881439	183629	480.50	685.58	79	17	-1	11.02	11.02
Fixation L	1	92	6510898060	6511064929	166869	633.25	695.16	65	3	-1	10.50	10.50
Fixation R	1	96	6510898060	6511064929	166869	633.25	695.16	65	3	-1	10.85	10.85
Fixation L	1	93	6511073304	6511273553	200249	820.46	689.55	83	12	-1	9.98	9.98
Fixation R	1	97	6511073304	6511273553	200249	820.46	689.55	83	12	-1	10.50	10.50

