[BeGaze]
Converted from:	C:\Program Files\SMI\Experiment Suite 360\Experiment Center 2\Results\Readability_First_01\P02-eye_data.idf
Date:	02.08.2013 11:27:28
Version:	BeGaze 3.2.28
Sample Rate:	120
Subject:	P02
Description:	Run2

Table Header for Fixations:
Event Type	Trial	Number	Start	End	Duration	Location X	Location Y	Dispersion X	Dispersion Y	Plane	Avg. Pupil Size X	Avg. Pupil Size Y


Fixation L	1	1	6403193989	6403377564	183575	178.02	25.33	37	13	-1	9.83	9.83
Fixation R	1	1	6403193989	6403377564	183575	178.02	25.33	37	13	-1	10.31	10.31
Fixation L	1	2	6403385934	6403577809	191875	104.64	34.32	24	20	-1	9.90	9.90
Fixation R	1	2	6403385934	6403577809	191875	104.64	34.32	24	20	-1	10.24	10.24
Fixation L	1	3	6403594565	6403769811	175246	281.82	43.23	12	13	-1	9.81	9.81
Fixation R	1	3	6403594565	6403769811	175246	281.82	43.23	12	13	-1	10.03	10.03
Fixation L	1	4	6403778181	6403986676	208495	400.42	13.57	68	26	-1	9.86	9.86
Fixation R	1	4	6403778181	6403986676	208495	400.42	13.57	68	26	-1	10.03	10.03
Fixation L	1	5	6403995058	6404195305	200247	511.26	20.36	20	27	-1	9.94	9.94
Fixation R	1	5	6403995058	6404195305	200247	511.26	20.36	20	27	-1	10.15	10.15
Fixation L	1	6	6404212053	6404445676	233623	686.94	5.57	59	33	-1	9.94	9.94
Fixation R	1	6	6404212053	6404445676	233623	686.94	5.57	59	33	-1	10.05	10.05
Fixation L	1	7	6404454048	6404570799	116751	828.54	0.29	60	5	-1	9.85	9.85
Fixation R	1	7	6404454048	6404570799	116751	828.54	0.29	60	5	-1	10.02	10.02
Fixation L	1	8	6404604170	6404854584	250414	327.96	107.71	61	22	-1	9.81	9.81
Fixation R	1	8	6404604170	6404854584	250414	327.96	107.71	61	22	-1	10.16	10.16
Fixation L	1	9	6404871293	6405021415	150122	174.37	139.66	57	29	-1	9.75	9.75
Fixation R	1	9	6404871293	6405021415	150122	174.37	139.66	57	29	-1	10.14	10.14
Fixation L	1	10	6405029788	6405121540	91752	103.21	145.89	22	13	-1	9.59	9.59
Fixation R	1	10	6405029788	6405121540	91752	103.21	145.89	22	13	-1	10.01	10.01
Fixation L	1	11	6405129912	6405321911	191999	158.96	84.81	45	25	-1	9.60	9.60
Fixation R	1	11	6405129912	6405321911	191999	158.96	84.81	45	25	-1	9.89	9.89
Fixation L	1	12	6405330159	6405538780	208621	292.55	88.14	62	9	-1	9.78	9.78
Fixation R	1	12	6405330159	6405538780	208621	292.55	88.14	62	9	-1	10.03	10.03
Fixation L	1	13	6405547161	6405714027	166866	457.57	82.12	61	6	-1	9.92	9.92
Fixation R	1	13	6405547161	6405714027	166866	457.57	82.12	61	6	-1	10.07	10.07
Fixation L	1	14	6405722410	6405997778	275368	621.43	87.88	84	14	-1	9.88	9.88
Fixation R	1	14	6405722410	6405997778	275368	621.43	87.88	84	14	-1	10.04	10.04
Fixation L	1	15	6406081271	6406173022	91751	109.47	169.23	65	29	-1	9.56	9.56
Fixation R	1	15	6406081271	6406173022	91751	109.47	169.23	65	29	-1	10.07	10.07
Fixation L	1	16	6406181394	6406623641	442247	115.74	180.93	55	23	-1	9.67	9.67
Fixation R	1	16	6406181394	6406623641	442247	115.74	180.93	55	23	-1	10.03	10.03
Fixation L	1	17	6406631889	6406798893	167004	257.03	158.13	62	14	-1	9.79	9.79
Fixation R	1	17	6406631889	6406798893	167004	257.03	158.13	62	14	-1	9.95	9.95
Fixation L	1	18	6406807135	6407232753	425618	410.36	153.00	77	9	-1	9.86	9.86
Fixation R	1	18	6406807135	6407232753	425618	410.36	153.00	77	9	-1	9.94	9.94
Fixation L	1	19	6407241128	6407382876	141748	544.61	147.18	54	16	-1	9.73	9.73
Fixation R	1	19	6407241128	6407382876	141748	544.61	147.18	54	16	-1	9.97	9.97
Fixation L	1	20	6407391251	6407733372	342121	648.40	144.08	78	16	-1	9.68	9.68
Fixation R	1	20	6407391251	6407733372	342121	648.40	144.08	78	16	-1	10.06	10.06
Fixation L	1	21	6407741745	6407933743	191998	769.08	150.02	13	8	-1	9.68	9.68
Fixation R	1	21	6407741745	6407933743	191998	769.08	150.02	13	8	-1	9.94	9.94
Fixation L	1	22	6407941993	6408192365	250372	880.70	151.36	47	13	-1	9.73	9.73
Fixation R	1	22	6407941993	6408192365	250372	880.70	151.36	47	13	-1	9.94	9.94
Fixation L	1	23	6408250746	6408592858	342112	148.50	179.86	24	66	-1	9.73	9.73
Fixation R	1	23	6408250746	6408592858	342112	148.50	179.86	24	66	-1	10.26	10.26
Fixation L	1	24	6408601239	6408826608	225369	322.19	139.07	36	24	-1	10.09	10.09
Fixation R	1	24	6408601239	6408826608	225369	322.19	139.07	36	24	-1	10.37	10.37
Fixation L	1	25	6408834854	6409010105	175251	438.29	137.35	56	10	-1	9.97	9.97
Fixation R	1	25	6408834854	6409010105	175251	438.29	137.35	56	10	-1	10.19	10.19
Fixation L	1	26	6409018476	6409335597	317121	589.18	134.87	71	27	-1	9.66	9.66
Fixation R	1	26	6409018476	6409335597	317121	589.18	134.87	71	27	-1	10.00	10.00
Fixation L	1	27	6409343973	6409427349	83376	613.12	156.89	66	8	-1	9.60	9.60
Fixation R	1	27	6409343973	6409427349	83376	613.12	156.89	66	8	-1	10.06	10.06
Fixation L	1	28	6409435722	6409527472	91750	502.16	154.51	32	11	-1	9.70	9.70
Fixation R	1	28	6409435722	6409527472	91750	502.16	154.51	32	11	-1	10.04	10.04
Fixation L	1	29	6409552599	6409736092	183493	150.55	135.37	89	9	-1	9.67	9.67
Fixation R	1	29	6409552599	6409736092	183493	150.55	135.37	89	9	-1	10.19	10.19
Fixation L	1	30	6409769468	6410011464	241996	681.60	95.22	84	13	-1	10.11	10.11
Fixation R	1	30	6409769468	6410011464	241996	681.60	95.22	84	13	-1	10.42	10.42
Fixation L	1	31	6410161715	6410353586	191871	588.90	136.69	43	14	-1	9.98	9.98
Fixation R	1	31	6410161715	6410353586	191871	588.90	136.69	43	14	-1	10.27	10.27
Fixation L	1	32	6410361960	6410662329	300369	782.65	149.37	72	23	-1	10.16	10.16
Fixation R	1	32	6410361960	6410662329	300369	782.65	149.37	72	23	-1	10.51	10.51
Fixation L	1	33	6410704081	6410854329	150248	170.63	218.42	54	25	-1	9.68	9.68
Fixation R	1	33	6410704081	6410854329	150248	170.63	218.42	54	25	-1	10.31	10.31
Fixation L	1	34	6410862578	6411112946	250368	99.59	240.02	23	23	-1	9.71	9.71
Fixation R	1	34	6410862578	6411112946	250368	99.59	240.02	23	23	-1	10.19	10.19
Fixation L	1	35	6411129577	6411329948	200371	283.10	202.60	54	23	-1	9.77	9.77
Fixation R	1	35	6411129577	6411329948	200371	283.10	202.60	54	23	-1	10.14	10.14
Fixation L	1	36	6411371693	6411513441	141748	763.94	143.22	59	28	-1	9.77	9.77
Fixation R	1	36	6411371693	6411513441	141748	763.94	143.22	59	28	-1	10.03	10.03
Fixation L	1	37	6411521815	6411697070	175255	887.32	153.07	52	14	-1	9.69	9.69
Fixation R	1	37	6411521815	6411697070	175255	887.32	153.07	52	14	-1	9.93	9.93
Fixation L	1	38	6411755441	6411989056	233615	191.22	189.62	23	32	-1	9.76	9.76
Fixation R	1	38	6411755441	6411989056	233615	191.22	189.62	23	32	-1	10.33	10.33
Fixation L	1	39	6411997435	6412239428	241993	116.95	208.03	31	8	-1	9.72	9.72
Fixation R	1	39	6411997435	6412239428	241993	116.95	208.03	31	8	-1	10.07	10.07
Fixation L	1	40	6412256179	6412464800	208621	324.82	197.39	56	13	-1	9.65	9.65
Fixation R	1	40	6412256179	6412464800	208621	324.82	197.39	56	13	-1	9.83	9.83
Fixation L	1	41	6412473173	6412806924	333751	437.34	198.72	58	9	-1	9.64	9.64
Fixation R	1	41	6412473173	6412806924	333751	437.34	198.72	58	9	-1	9.79	9.79
Fixation L	1	42	6412815294	6413007170	191876	617.26	191.69	33	13	-1	9.42	9.42
Fixation R	1	42	6412815294	6413007170	191876	617.26	191.69	33	13	-1	9.67	9.67
Fixation L	1	43	6413015541	6413190791	175250	766.63	196.31	83	8	-1	9.47	9.47
Fixation R	1	43	6413015541	6413190791	175250	766.63	196.31	83	8	-1	9.73	9.73
Fixation L	1	44	6413199040	6413457787	258747	891.62	205.41	66	13	-1	9.48	9.48
Fixation R	1	44	6413199040	6413457787	258747	891.62	205.41	66	13	-1	9.81	9.81
Fixation L	1	45	6413507787	6413699782	191995	164.05	274.18	64	30	-1	9.55	9.55
Fixation R	1	45	6413507787	6413699782	191995	164.05	274.18	64	30	-1	10.13	10.13
Fixation L	1	46	6413708032	6413850029	141997	109.01	273.42	13	3	-1	9.57	9.57
Fixation R	1	46	6413708032	6413850029	141997	109.01	273.42	13	3	-1	10.09	10.09
Fixation L	1	47	6413858282	6414108652	250370	302.33	260.28	67	17	-1	9.79	9.79
Fixation R	1	47	6413858282	6414108652	250370	302.33	260.28	67	17	-1	10.12	10.12
Fixation L	1	48	6414125399	6414333905	208506	474.05	264.72	31	8	-1	9.75	9.75
Fixation R	1	48	6414125399	6414333905	208506	474.05	264.72	31	8	-1	10.01	10.01
Fixation L	1	49	6414342271	6414475772	133501	637.03	253.59	89	9	-1	9.62	9.62
Fixation R	1	49	6414342271	6414475772	133501	637.03	253.59	89	9	-1	9.80	9.80
Fixation L	1	50	6414492524	6414734521	241997	798.15	243.60	84	15	-1	9.55	9.55
Fixation R	1	50	6414492524	6414734521	241997	798.15	243.60	84	15	-1	9.84	9.84
Fixation L	1	51	6414742893	6414868016	125123	870.10	248.46	65	14	-1	9.49	9.49
Fixation R	1	51	6414742893	6414868016	125123	870.10	248.46	65	14	-1	9.83	9.83
Fixation L	1	52	6414918016	6415085017	167001	145.40	299.35	70	27	-1	9.42	9.42
Fixation R	1	52	6414918016	6415085017	167001	145.40	299.35	70	27	-1	9.91	9.91
Fixation L	1	53	6415093263	6415343630	250367	95.27	342.21	36	42	-1	9.53	9.53
Fixation R	1	53	6415093263	6415343630	250367	95.27	342.21	36	42	-1	9.76	9.76
Fixation L	1	54	6415443757	6415602380	158623	163.40	314.45	50	17	-1	9.62	9.62
Fixation R	1	54	6415443757	6415602380	158623	163.40	314.45	50	17	-1	9.88	9.88
Fixation L	1	55	6415610632	6415936129	325497	306.70	321.56	41	15	-1	9.80	9.80
Fixation R	1	55	6415610632	6415936129	325497	306.70	321.56	41	15	-1	10.06	10.06
Fixation L	1	56	6415944500	6416211495	266995	436.87	326.13	64	4	-1	9.70	9.70
Fixation R	1	56	6415944500	6416211495	266995	436.87	326.13	64	4	-1	10.09	10.09
Fixation L	1	57	6416219866	6416820608	600742	543.98	322.94	59	24	-1	9.65	9.65
Fixation R	1	57	6416219866	6416820608	600742	543.98	322.94	59	24	-1	10.17	10.17
Fixation L	1	58	6416870606	6417020855	150249	669.73	329.45	41	6	-1	9.89	9.89
Fixation R	1	58	6416870606	6417020855	150249	669.73	329.45	41	6	-1	10.37	10.37
Fixation L	1	59	6417029230	6417296226	266996	784.89	331.91	31	8	-1	9.86	9.86
Fixation R	1	59	6417029230	6417296226	266996	784.89	331.91	31	8	-1	10.21	10.21
Fixation L	1	60	6417304605	6417579970	275365	928.04	328.55	38	14	-1	9.63	9.63
Fixation R	1	60	6417304605	6417579970	275365	928.04	328.55	38	14	-1	9.88	9.88
Fixation L	1	61	6417630095	6417830343	200248	116.18	382.62	48	22	-1	9.55	9.55
Fixation R	1	61	6417630095	6417830343	200248	116.18	382.62	48	22	-1	10.13	10.13
Fixation L	1	62	6417988845	6418130711	141866	155.12	353.44	59	31	-1	10.15	10.15
Fixation R	1	62	6417988845	6418130711	141866	155.12	353.44	59	31	-1	10.09	10.09
Fixation L	1	63	6418139091	6418355959	216868	225.94	368.58	39	24	-1	9.90	9.90
Fixation R	1	63	6418139091	6418355959	216868	225.94	368.58	39	24	-1	10.19	10.19
Fixation L	1	64	6418372716	6418531206	158490	418.54	373.55	76	9	-1	9.79	9.79
Fixation R	1	64	6418372716	6418531206	158490	418.54	373.55	76	9	-1	10.08	10.08
Fixation L	1	65	6418539582	6418881703	342121	568.02	377.19	71	15	-1	9.65	9.65
Fixation R	1	65	6418539582	6418881703	342121	568.02	377.19	71	15	-1	10.14	10.14
Fixation L	1	66	6418890081	6419182073	291992	689.72	399.75	22	17	-1	9.68	9.68
Fixation L	1	67	6419190449	6419524195	333746	830.71	380.21	34	25	-1	9.51	9.51
Fixation R	1	66	6419190449	6419524195	333746	830.71	380.21	34	25	-1	9.88	9.88
Fixation L	1	68	6419532570	6419782938	250368	949.34	375.72	35	10	-1	9.54	9.54
Fixation R	1	67	6419532570	6419782938	250368	949.34	375.72	35	10	-1	9.90	9.90
Fixation L	1	69	6419791314	6420133433	342119	790.26	380.23	53	12	-1	9.84	9.84
Fixation R	1	68	6419791314	6420133433	342119	790.26	380.23	53	12	-1	10.29	10.29
Fixation L	1	70	6420141681	6420291931	150250	893.29	385.25	94	4	-1	9.79	9.79
Fixation R	1	69	6420141681	6420291931	150250	893.29	385.25	94	4	-1	10.06	10.06
Fixation L	1	71	6420300313	6420675804	375491	929.79	377.15	87	11	-1	9.77	9.77
Fixation R	1	70	6420300313	6420675804	375491	929.79	377.15	87	11	-1	10.01	10.01
Fixation L	1	72	6420684174	6420967798	283624	963.79	382.96	47	8	-1	9.78	9.78
Fixation R	1	71	6420684174	6420967798	283624	963.79	382.96	47	8	-1	10.14	10.14
Fixation L	1	73	6421026298	6421310043	283745	92.76	455.85	40	41	-1	9.64	9.64
Fixation R	1	72	6421026298	6421310043	283745	92.76	455.85	40	41	-1	10.16	10.16
Fixation L	1	74	6421318291	6421885782	567491	176.50	447.95	81	17	-1	9.77	9.77
Fixation R	1	73	6421318291	6421885782	567491	176.50	447.95	81	17	-1	9.88	9.88
Fixation L	1	75	6421894156	6422386404	492248	197.69	445.59	79	20	-1	9.72	9.72
Fixation R	1	74	6421894156	6422386404	492248	197.69	445.59	79	20	-1	9.90	9.90
Fixation L	1	76	6422394776	6422561649	166873	260.72	445.87	40	28	-1	9.76	9.76
Fixation R	1	75	6422394776	6422561649	166873	260.72	445.87	40	28	-1	9.94	9.94
Fixation L	1	77	6422570023	6422803648	233625	383.46	462.24	83	13	-1	9.90	9.90
Fixation R	1	76	6422570023	6422803648	233625	383.46	462.24	83	13	-1	10.18	10.18
Fixation L	1	78	6422812024	6423154143	342119	504.37	454.87	45	16	-1	9.66	9.66
Fixation R	1	77	6422812024	6423154143	342119	504.37	454.87	45	16	-1	10.18	10.18
Fixation L	1	79	6423162512	6423321012	158500	648.63	452.98	84	14	-1	9.71	9.71
Fixation R	1	78	6423162512	6423321012	158500	648.63	452.98	84	14	-1	10.27	10.27
Fixation L	1	80	6423437884	6423554637	116753	855.17	449.70	43	56	-1	9.74	9.74
Fixation R	1	79	6423437884	6423554637	116753	855.17	449.70	43	56	-1	9.51	9.51
Fixation L	1	81	6423629759	6423846750	216991	960.43	442.15	44	17	-1	9.59	9.59
Fixation R	1	80	6423629759	6423846750	216991	960.43	442.15	44	17	-1	9.95	9.95
Fixation L	1	82	6423905132	6424272245	367113	87.59	516.04	66	18	-1	9.43	9.43
Fixation R	1	81	6423905132	6424272245	367113	87.59	516.04	66	18	-1	9.80	9.80
Fixation L	1	83	6424280626	6424614368	333742	190.94	501.99	57	19	-1	9.69	9.69
Fixation R	1	82	6424280626	6424614368	333742	190.94	501.99	57	19	-1	9.84	9.84
Fixation L	1	84	6424622742	6424831365	208623	393.56	492.56	30	24	-1	9.88	9.88
Fixation R	1	83	6424622742	6424831365	208623	393.56	492.56	30	24	-1	10.42	10.42
Fixation L	1	85	6424989859	6425206862	217003	634.41	490.25	35	41	-1	9.93	9.93
Fixation R	1	84	6424989859	6425206862	217003	634.41	490.25	35	41	-1	10.49	10.49
Fixation L	1	86	6425223611	6425457233	233622	827.89	502.53	81	4	-1	9.86	9.86
Fixation R	1	85	6425223611	6425457233	233622	827.89	502.53	81	4	-1	10.15	10.15
Fixation L	1	87	6425465602	6425657481	191879	925.09	501.09	62	8	-1	9.54	9.54
Fixation R	1	86	6425465602	6425657481	191879	925.09	501.09	62	8	-1	9.96	9.96
Fixation L	1	88	6425707606	6425916220	208614	123.70	565.94	67	31	-1	9.51	9.51
Fixation R	1	87	6425707606	6425916220	208614	123.70	565.94	67	31	-1	9.87	9.87
Fixation L	1	89	6425924474	6426049718	125244	77.19	577.12	71	12	-1	9.59	9.59
Fixation R	1	88	6425924474	6426049718	125244	77.19	577.12	71	12	-1	9.83	9.83
Fixation L	1	90	6426057973	6426274964	216991	250.24	557.51	22	11	-1	9.85	9.85
Fixation R	1	89	6426057973	6426274964	216991	250.24	557.51	22	11	-1	10.00	10.00
Fixation L	1	91	6426283341	6426575335	291994	418.71	557.78	53	9	-1	9.83	9.83
Fixation R	1	90	6426283341	6426575335	291994	418.71	557.78	53	9	-1	10.33	10.33
Fixation L	1	92	6426583713	6426859087	275374	600.46	561.88	73	15	-1	9.97	9.97
Fixation R	1	91	6426583713	6426859087	275374	600.46	561.88	73	15	-1	10.41	10.41
Fixation L	1	93	6426867456	6427209583	342127	763.99	563.51	76	5	-1	9.81	9.81
Fixation R	1	92	6426867456	6427209583	342127	763.99	563.51	76	5	-1	10.35	10.35
Fixation L	1	94	6427217950	6427493321	275371	561.66	571.60	84	15	-1	10.11	10.11
Fixation R	1	93	6427217950	6427493321	275371	561.66	571.60	84	15	-1	10.58	10.58
Fixation L	1	95	6427501571	6427585072	83501	517.06	571.93	4	3	-1	10.15	10.15
Fixation R	1	94	6427501571	6427585072	83501	517.06	571.93	4	3	-1	10.60	10.60
Fixation L	1	96	6427601695	6427718572	116877	720.81	513.22	32	44	-1	10.21	10.21
Fixation R	1	95	6427601695	6427718572	116877	720.81	513.22	32	44	-1	10.45	10.45

