[BeGaze]
Converted from:	C:\Program Files\SMI\Experiment Suite 360\Experiment Center 2\Results\Readability_First_01\P02-eye_data.idf
Date:	02.08.2013 11:27:26
Version:	BeGaze 3.2.28
Sample Rate:	120
Subject:	P02
Description:	Run2

Table Header for Fixations:
Event Type	Trial	Number	Start	End	Duration	Location X	Location Y	Dispersion X	Dispersion Y	Plane	Avg. Pupil Size X	Avg. Pupil Size Y


Fixation L	1	1	5544925847	5545009321	83474	306.88	61.93	7	23	-1	9.78	9.78
Fixation R	1	1	5544925847	5545009321	83474	306.88	61.93	7	23	-1	10.40	10.40
Fixation L	1	2	5545025947	5545443190	417243	102.59	46.60	49	31	-1	9.62	9.62
Fixation R	1	2	5545025947	5545443190	417243	102.59	46.60	49	31	-1	10.09	10.09
Fixation L	1	3	5545451564	5545635061	183497	168.88	43.17	25	19	-1	9.51	9.51
Fixation R	1	3	5545451564	5545635061	183497	168.88	43.17	25	19	-1	9.88	9.88
Fixation L	1	4	5545643437	5545827060	183623	320.82	29.73	19	17	-1	9.88	9.88
Fixation R	1	4	5545643437	5545827060	183623	320.82	29.73	19	17	-1	10.01	10.01
Fixation L	1	5	5545910432	5546044056	133624	406.43	3.96	52	35	-1	9.94	9.94
Fixation R	1	5	5545910432	5546044056	133624	406.43	3.96	52	35	-1	10.13	10.13
Fixation L	1	6	5546052306	5546336051	283745	467.78	26.30	22	19	-1	9.92	9.92
Fixation R	1	6	5546052306	5546336051	283745	467.78	26.30	22	19	-1	10.24	10.24
Fixation L	1	7	5546344426	5546886792	542366	563.14	25.40	70	27	-1	9.65	9.65
Fixation R	1	7	5546344426	5546886792	542366	563.14	25.40	70	27	-1	9.89	9.89
Fixation L	1	8	5546895169	5547128789	233620	644.46	20.80	66	24	-1	9.64	9.64
Fixation R	1	8	5546895169	5547128789	233620	644.46	20.80	66	24	-1	9.86	9.86
Fixation L	1	9	5547137161	5547379159	241998	765.80	14.84	12	14	-1	9.70	9.70
Fixation R	1	9	5547137161	5547379159	241998	765.80	14.84	12	14	-1	9.87	9.87
Fixation L	1	10	5547387408	5547679529	292121	855.82	21.20	15	6	-1	9.61	9.61
Fixation R	1	10	5547387408	5547679529	292121	855.82	21.20	15	6	-1	9.85	9.85
Fixation L	1	11	5547687905	5547863152	175247	691.16	13.92	71	20	-1	9.65	9.65
Fixation R	1	11	5547687905	5547863152	175247	691.16	13.92	71	20	-1	9.98	9.98
Fixation L	1	12	5547871404	5548138522	267118	645.78	12.88	36	29	-1	9.80	9.80
Fixation R	1	12	5547871404	5548138522	267118	645.78	12.88	36	29	-1	10.12	10.12
Fixation L	1	13	5548146774	5548355394	208620	480.74	12.26	76	18	-1	9.84	9.84
Fixation R	1	13	5548146774	5548355394	208620	480.74	12.26	76	18	-1	10.13	10.13
Fixation L	1	14	5548363769	5548555641	191872	441.39	15.36	12	30	-1	9.91	9.91
Fixation R	1	14	5548363769	5548555641	191872	441.39	15.36	12	30	-1	10.21	10.21
Fixation L	1	15	5548589141	5548672519	83378	76.15	57.60	57	42	-1	9.64	9.64
Fixation R	1	15	5548589141	5548672519	83378	76.15	57.60	57	42	-1	10.10	10.10
Fixation L	1	16	5548680891	5548872765	191874	85.44	75.93	17	9	-1	9.61	9.61
Fixation R	1	16	5548680891	5548872765	191874	85.44	75.93	17	9	-1	10.10	10.10
Fixation L	1	17	5548881138	5549106383	225245	186.71	72.96	20	15	-1	9.72	9.72
Fixation R	1	17	5548881138	5549106383	225245	186.71	72.96	20	15	-1	10.14	10.14
Fixation L	1	18	5549114756	5549406883	292127	332.76	74.25	62	16	-1	9.85	9.85
Fixation R	1	18	5549114756	5549406883	292127	332.76	74.25	62	16	-1	10.10	10.10
Fixation L	1	19	5549415125	5549924251	509126	453.55	75.79	69	17	-1	9.84	9.84
Fixation R	1	19	5549415125	5549924251	509126	453.55	75.79	69	17	-1	10.13	10.13
Fixation L	1	20	5549940870	5550166239	225369	217.19	21.64	33	20	-1	9.75	9.75
Fixation R	1	20	5549940870	5550166239	225369	217.19	21.64	33	20	-1	10.22	10.22
Fixation L	1	21	5550174496	5550316364	141868	130.27	21.83	72	12	-1	9.82	9.82
Fixation R	1	21	5550174496	5550316364	141868	130.27	21.83	72	12	-1	10.22	10.22
Fixation L	1	22	5550341488	5550558358	216870	544.87	85.07	17	78	-1	10.07	10.07
Fixation R	1	22	5550341488	5550558358	216870	544.87	85.07	17	78	-1	10.05	10.05
Fixation L	1	23	5550566733	5550733606	166873	610.07	90.80	40	21	-1	10.04	10.04
Fixation R	1	23	5550566733	5550733606	166873	610.07	90.80	40	21	-1	10.35	10.35
Fixation L	1	24	5550741981	5551134104	392123	732.72	75.59	67	27	-1	9.83	9.83
Fixation R	1	24	5550741981	5551134104	392123	732.72	75.59	67	27	-1	10.10	10.10
Fixation L	1	25	5551150853	5551326110	175257	882.64	69.08	47	7	-1	9.72	9.72
Fixation R	1	25	5551150853	5551326110	175257	882.64	69.08	47	7	-1	10.03	10.03
Fixation L	1	26	5551376103	5551609721	233618	98.64	133.89	29	7	-1	9.66	9.66
Fixation R	1	26	5551376103	5551609721	233618	98.64	133.89	29	7	-1	10.32	10.32
Fixation L	1	27	5551618092	5551759966	141874	172.27	140.50	46	17	-1	9.87	9.87
Fixation R	1	27	5551618092	5551759966	141874	172.27	140.50	46	17	-1	10.21	10.21
Fixation L	1	28	5551951965	5552319084	367119	265.89	150.75	48	24	-1	9.97	9.97
Fixation R	1	28	5551951965	5552319084	367119	265.89	150.75	48	24	-1	10.30	10.30
Fixation L	1	29	5552327464	5552427587	100123	310.65	148.78	14	11	-1	9.86	9.86
Fixation R	1	29	5552327464	5552427587	100123	310.65	148.78	14	11	-1	10.17	10.17
Fixation L	1	30	5552435959	5552978331	542372	201.91	153.35	73	18	-1	9.75	9.75
Fixation R	1	30	5552435959	5552978331	542372	201.91	153.35	73	18	-1	10.12	10.12
Fixation L	1	31	5552986696	5553462313	475617	297.71	139.67	84	15	-1	9.83	9.83
Fixation R	1	31	5552986696	5553462313	475617	297.71	139.67	84	15	-1	10.16	10.16
Fixation L	1	32	5553470691	5553612438	141747	255.65	141.63	26	4	-1	9.76	9.76
Fixation R	1	32	5553470691	5553612438	141747	255.65	141.63	26	4	-1	10.07	10.07
Fixation L	1	33	5553620816	5553879564	258748	389.90	132.41	56	12	-1	9.85	9.85
Fixation R	1	33	5553620816	5553879564	258748	389.90	132.41	56	12	-1	10.21	10.21
Fixation L	1	34	5553887808	5554013056	125248	467.31	134.65	41	10	-1	9.87	9.87
Fixation R	1	34	5553887808	5554013056	125248	467.31	134.65	41	10	-1	10.19	10.19
Fixation L	1	35	5554021305	5554263302	241997	598.49	138.31	33	5	-1	9.69	9.69
Fixation R	1	35	5554021305	5554263302	241997	598.49	138.31	33	5	-1	10.04	10.04
Fixation L	1	36	5554271677	5554572048	300371	756.85	119.20	62	32	-1	9.63	9.63
Fixation R	1	36	5554271677	5554572048	300371	756.85	119.20	62	32	-1	10.00	10.00
Fixation L	1	37	5554580430	5554772297	191867	875.90	108.98	51	15	-1	9.63	9.63
Fixation R	1	37	5554580430	5554772297	191867	875.90	108.98	51	15	-1	9.88	9.88
Fixation L	1	38	5554822422	5554981048	158626	143.97	203.39	54	35	-1	9.54	9.54
Fixation R	1	38	5554822422	5554981048	158626	143.97	203.39	54	35	-1	10.17	10.17
Fixation L	1	39	5554989291	5555072790	83499	101.37	205.88	23	4	-1	9.59	9.59
Fixation R	1	39	5554989291	5555072790	83499	101.37	205.88	23	4	-1	10.10	10.10
Fixation L	1	40	5555197913	5555598531	400618	218.78	224.23	88	11	-1	9.75	9.75
Fixation R	1	40	5555197913	5555598531	400618	218.78	224.23	88	11	-1	10.19	10.19
Fixation L	1	41	5555606785	5555890528	283743	382.24	195.97	52	28	-1	9.67	9.67
Fixation R	1	41	5555606785	5555890528	283743	382.24	195.97	52	28	-1	9.98	9.98
Fixation L	1	42	5555898901	5556065774	166873	449.42	198.56	19	6	-1	9.65	9.65
Fixation R	1	42	5555898901	5556065774	166873	449.42	198.56	19	6	-1	9.96	9.96
Fixation L	1	43	5556074147	5556291022	216875	574.78	192.25	68	21	-1	9.59	9.59
Fixation R	1	43	5556074147	5556291022	216875	574.78	192.25	68	21	-1	9.98	9.98
Fixation L	1	44	5556299395	5556558146	258751	691.12	196.06	42	43	-1	9.48	9.48
Fixation R	1	44	5556299395	5556558146	258751	691.12	196.06	42	43	-1	9.84	9.84
Fixation L	1	45	5556566396	5556716638	150242	756.10	177.20	28	38	-1	9.33	9.33
Fixation R	1	45	5556566396	5556716638	150242	756.10	177.20	28	38	-1	9.87	9.87
Fixation L	1	46	5556758393	5556983643	225250	127.12	251.43	35	31	-1	9.33	9.33
Fixation R	1	46	5556758393	5556983643	225250	127.12	251.43	35	31	-1	9.98	9.98
Fixation L	1	47	5556992014	5557100513	108499	311.46	259.60	52	6	-1	9.45	9.45
Fixation R	1	47	5556992014	5557100513	108499	311.46	259.60	52	6	-1	9.95	9.95
Fixation L	1	48	5557225632	5557517754	292122	422.81	234.23	70	29	-1	9.48	9.48
Fixation R	1	48	5557225632	5557517754	292122	422.81	234.23	70	29	-1	9.91	9.91
Fixation L	1	49	5557576125	5557926622	350497	550.72	244.17	89	9	-1	9.47	9.47
Fixation R	1	49	5557576125	5557926622	350497	550.72	244.17	89	9	-1	9.90	9.90
Fixation L	1	50	5557935000	5558051745	116745	593.31	251.25	58	6	-1	9.50	9.50
Fixation R	1	50	5557935000	5558051745	116745	593.31	251.25	58	6	-1	9.88	9.88
Fixation L	1	51	5558060129	5558293742	233613	719.30	261.35	10	15	-1	9.47	9.47
Fixation R	1	51	5558060129	5558293742	233613	719.30	261.35	10	15	-1	9.81	9.81
Fixation L	1	52	5558302116	5558694361	392245	820.96	264.87	53	19	-1	9.37	9.37
Fixation R	1	52	5558302116	5558694361	392245	820.96	264.87	53	19	-1	9.85	9.85
Fixation L	1	53	5558735988	5558886235	150247	152.62	316.84	43	17	-1	9.32	9.32
Fixation R	1	53	5558735988	5558886235	150247	152.62	316.84	43	17	-1	9.77	9.77
Fixation L	1	54	5558894607	5559111483	216876	91.50	342.80	27	33	-1	9.37	9.37
Fixation R	1	54	5558894607	5559111483	216876	91.50	342.80	27	33	-1	9.75	9.75
Fixation L	1	55	5559119857	5559420224	300367	246.42	336.63	32	37	-1	9.43	9.43
Fixation R	1	55	5559119857	5559420224	300367	246.42	336.63	32	37	-1	9.89	9.89
Fixation L	1	56	5559428599	5559703969	275370	368.96	320.28	25	11	-1	9.38	9.38
Fixation R	1	56	5559428599	5559703969	275370	368.96	320.28	25	11	-1	9.82	9.82
Fixation L	1	57	5559712351	5559879218	166867	472.71	320.94	12	15	-1	9.46	9.46
Fixation R	1	57	5559712351	5559879218	166867	472.71	320.94	12	15	-1	9.81	9.81
Fixation L	1	58	5559887595	5560321463	433868	609.01	317.42	56	24	-1	9.40	9.40
Fixation R	1	58	5559887595	5560321463	433868	609.01	317.42	56	24	-1	9.90	9.90
Fixation L	1	59	5560329838	5560596832	266994	700.27	310.02	18	11	-1	9.37	9.37
Fixation R	1	59	5560329838	5560596832	266994	700.27	310.02	18	11	-1	9.71	9.71
Fixation L	1	60	5560613584	5560863835	250251	890.12	316.82	48	10	-1	9.33	9.33
Fixation R	1	60	5560613584	5560863835	250251	890.12	316.82	48	10	-1	9.76	9.76
Fixation L	1	61	5560913957	5561247697	333740	116.41	390.08	70	28	-1	9.28	9.28
Fixation R	1	61	5560913957	5561247697	333740	116.41	390.08	70	28	-1	9.72	9.72
Fixation L	1	62	5561256070	5561356195	100125	63.40	402.15	73	5	-1	9.25	9.25
Fixation R	1	62	5561256070	5561356195	100125	63.40	402.15	73	5	-1	9.66	9.66
Fixation L	1	63	5561364577	5561656566	291989	233.80	383.06	27	17	-1	9.47	9.47
Fixation R	1	63	5561364577	5561656566	291989	233.80	383.06	27	17	-1	9.73	9.73
Fixation L	1	64	5561673317	5562015442	342125	386.50	375.73	46	11	-1	9.46	9.46
Fixation R	1	64	5561673317	5562015442	342125	386.50	375.73	46	11	-1	9.95	9.95
Fixation L	1	65	5562023810	5562240686	216876	485.00	379.33	26	30	-1	9.33	9.33
Fixation R	1	65	5562023810	5562240686	216876	485.00	379.33	26	30	-1	9.87	9.87
Fixation L	1	66	5562249056	5562482676	233620	608.26	385.97	22	11	-1	9.36	9.36
Fixation R	1	66	5562249056	5562482676	233620	608.26	385.97	22	11	-1	9.83	9.83
Fixation L	1	67	5562491056	5562799804	308748	769.24	378.70	89	10	-1	9.34	9.34
Fixation R	1	67	5562491056	5562799804	308748	769.24	378.70	89	10	-1	9.87	9.87
Fixation L	1	68	5562874925	5563050169	175244	879.34	388.56	51	12	-1	9.39	9.39
Fixation R	1	68	5562874925	5563050169	175244	879.34	388.56	51	12	-1	9.76	9.76
Fixation L	1	69	5563100169	5563317172	217003	121.22	438.47	58	40	-1	9.29	9.29
Fixation R	1	69	5563100169	5563317172	217003	121.22	438.47	58	40	-1	9.87	9.87
Fixation L	1	70	5563542544	5563709411	166867	225.37	407.51	71	16	-1	9.57	9.57
Fixation R	1	70	5563542544	5563709411	166867	225.37	407.51	71	16	-1	9.75	9.75
Fixation L	1	71	5563726035	5564076533	350498	412.08	441.50	50	35	-1	9.54	9.54
Fixation R	1	71	5563726035	5564076533	350498	412.08	441.50	50	35	-1	10.30	10.30
Fixation L	1	72	5564084905	5564435402	350497	521.59	447.17	46	8	-1	9.42	9.42
Fixation R	1	72	5564084905	5564435402	350497	521.59	447.17	46	8	-1	10.20	10.20
Fixation L	1	73	5564452024	5564635646	183622	691.23	448.29	33	12	-1	9.42	9.42
Fixation R	1	73	5564452024	5564635646	183622	691.23	448.29	33	12	-1	10.04	10.04
Fixation L	1	74	5564643902	5565127888	483986	827.42	438.10	65	15	-1	9.35	9.35
Fixation R	1	74	5564643902	5565127888	483986	827.42	438.10	65	15	-1	9.77	9.77
Fixation L	1	75	5565136263	5565294892	158629	917.17	438.16	16	11	-1	9.44	9.44
Fixation R	1	75	5565136263	5565294892	158629	917.17	438.16	16	11	-1	9.65	9.65
Fixation L	1	76	5565353261	5565678635	325374	80.88	498.81	73	24	-1	9.29	9.29
Fixation R	1	76	5565353261	5565678635	325374	80.88	498.81	73	24	-1	9.65	9.65
Fixation L	1	77	5565687003	5565837256	150253	103.06	497.17	88	10	-1	9.44	9.44
Fixation R	1	77	5565687003	5565837256	150253	103.06	497.17	88	10	-1	9.60	9.60
Fixation L	1	78	5565845640	5566229374	383734	99.23	498.86	81	15	-1	9.34	9.34
Fixation R	1	78	5565845640	5566229374	383734	99.23	498.86	81	15	-1	9.46	9.46
Fixation L	1	79	5566296125	5566604867	308742	185.72	482.52	56	18	-1	9.39	9.39
Fixation R	1	79	5566296125	5566604867	308742	185.72	482.52	56	18	-1	9.49	9.49
Fixation L	1	80	5566613241	5566805240	191999	265.85	494.07	33	7	-1	9.44	9.44
Fixation R	1	80	5566613241	5566805240	191999	265.85	494.07	33	7	-1	9.72	9.72
Fixation L	1	81	5566813488	5567188987	375499	432.47	504.33	54	23	-1	9.45	9.45
Fixation R	1	81	5566813488	5567188987	375499	432.47	504.33	54	23	-1	10.25	10.25
Fixation L	1	82	5567197368	5567581230	383862	548.88	502.50	20	12	-1	9.51	9.51
Fixation R	1	82	5567197368	5567581230	383862	548.88	502.50	20	12	-1	10.21	10.21
Fixation L	1	83	5567589600	5567965098	375498	698.52	502.65	53	23	-1	9.51	9.51
Fixation R	1	83	5567589600	5567965098	375498	698.52	502.65	53	23	-1	9.91	9.91
Fixation L	1	84	5567973472	5568290466	316994	836.06	492.82	54	13	-1	9.37	9.37
Fixation R	1	84	5567973472	5568290466	316994	836.06	492.82	54	13	-1	9.78	9.78
Fixation L	1	85	5568298847	5568615959	317112	913.80	489.05	84	14	-1	9.40	9.40
Fixation R	1	85	5568298847	5568615959	317112	913.80	489.05	84	14	-1	9.80	9.80
Fixation L	1	86	5568699464	5569141576	442112	73.38	578.57	41	26	-1	9.37	9.37
Fixation R	1	86	5568699464	5569141576	442112	73.38	578.57	41	26	-1	9.73	9.73
Fixation L	1	87	5569149958	5569483825	333867	232.35	548.64	12	22	-1	9.55	9.55
Fixation R	1	87	5569149958	5569483825	333867	232.35	548.64	12	22	-1	9.61	9.61
Fixation L	1	88	5569492073	5569734069	241996	385.01	552.14	76	6	-1	9.58	9.58
Fixation R	1	88	5569492073	5569734069	241996	385.01	552.14	76	6	-1	10.31	10.31
Fixation L	1	89	5569742443	5569926070	183627	462.91	558.51	21	24	-1	9.67	9.67
Fixation R	1	89	5569742443	5569926070	183627	462.91	558.51	21	24	-1	10.57	10.57
Fixation L	1	90	5569934441	5570092939	158498	616.54	569.39	40	9	-1	9.71	9.71
Fixation R	1	90	5569934441	5570092939	158498	616.54	569.39	40	9	-1	10.29	10.29
Fixation L	1	91	5570101319	5570284816	183497	730.03	563.38	11	6	-1	9.57	9.57
Fixation R	1	91	5570101319	5570284816	183497	730.03	563.38	11	6	-1	9.89	9.89
Fixation L	1	92	5570293186	5570510181	216995	847.53	566.19	16	14	-1	9.42	9.42
Fixation R	1	92	5570293186	5570510181	216995	847.53	566.19	16	14	-1	9.94	9.94
Fixation L	1	93	5570560180	5570718802	158622	149.65	625.63	46	37	-1	9.55	9.55
Fixation R	1	93	5570560180	5570718802	158622	149.65	625.63	46	37	-1	9.85	9.85
Fixation L	1	94	5570727180	5570919051	191871	89.91	645.71	86	11	-1	9.54	9.54
Fixation R	1	94	5570727180	5570919051	191871	89.91	645.71	86	11	-1	9.83	9.83
Fixation L	1	95	5570927428	5571144296	216868	220.46	621.72	7	18	-1	9.89	9.89
Fixation R	1	95	5570927428	5571144296	216868	220.46	621.72	7	18	-1	9.65	9.65
Fixation L	1	96	5571152680	5571544916	392236	382.19	623.77	57	11	-1	9.87	9.87
Fixation R	1	96	5571152680	5571544916	392236	382.19	623.77	57	11	-1	10.51	10.51
Fixation L	1	97	5571553171	5571728417	175246	496.44	624.42	52	5	-1	9.96	9.96
Fixation R	1	97	5571553171	5571728417	175246	496.44	624.42	52	5	-1	10.83	10.83
Fixation L	1	98	5571736787	5572012161	275374	669.76	626.06	48	8	-1	10.09	10.09
Fixation R	1	98	5571736787	5572012161	275374	669.76	626.06	48	8	-1	10.51	10.51
Fixation L	1	99	5572020534	5572262529	241995	810.75	622.17	30	6	-1	9.80	9.80
Fixation R	1	99	5572020534	5572262529	241995	810.75	622.17	30	6	-1	10.24	10.24
Fixation L	1	100	5572270908	5572487780	216872	940.10	628.02	48	7	-1	9.73	9.73
Fixation R	1	100	5572270908	5572487780	216872	940.10	628.02	48	7	-1	9.95	9.95
Fixation L	1	101	5572537903	5572813274	275371	89.75	689.67	58	21	-1	9.54	9.54
Fixation R	1	101	5572537903	5572813274	275371	89.75	689.67	58	21	-1	9.99	9.99
Fixation L	1	102	5572821646	5572971769	150123	188.73	681.28	29	6	-1	9.93	9.93
Fixation R	1	102	5572821646	5572971769	150123	188.73	681.28	29	6	-1	9.69	9.69
Fixation L	1	103	5572980147	5573188769	208622	300.60	680.65	37	8	-1	10.07	10.07
Fixation R	1	103	5572980147	5573188769	208622	300.60	680.65	37	8	-1	10.16	10.16
Fixation L	1	104	5573197139	5573447386	250247	448.99	686.72	84	13	-1	9.99	9.99
Fixation R	1	104	5573197139	5573447386	250247	448.99	686.72	84	13	-1	11.03	11.03
Fixation L	1	105	5573455766	5573714508	258742	602.64	690.58	10	6	-1	10.33	10.33
Fixation R	1	105	5573455766	5573714508	258742	602.64	690.58	10	6	-1	10.80	10.80
Fixation L	1	106	5573722757	5573939756	216999	748.05	695.75	82	17	-1	9.97	9.97
Fixation R	1	106	5573722757	5573939756	216999	748.05	695.75	82	17	-1	10.36	10.36
Fixation L	1	107	5573948128	5574039908	91780	851.74	681.22	14	8	-1	9.74	9.74
Fixation R	1	107	5573948128	5574039908	91780	851.74	681.22	14	8	-1	10.22	10.22

