[BeGaze]
Converted from:	C:\Program Files\SMI\Experiment Suite 360\Experiment Center 2\Results\Readability_First_01\P02-eye_data.idf
Date:	02.08.2013 11:27:26
Version:	BeGaze 3.2.28
Sample Rate:	120
Subject:	P02
Description:	Run2

Table Header for Fixations:
Event Type	Trial	Number	Start	End	Duration	Location X	Location Y	Dispersion X	Dispersion Y	Plane	Avg. Pupil Size X	Avg. Pupil Size Y


Fixation L	1	1	5574181755	5574557251	375496	115.70	57.46	59	32	-1	9.62	9.62
Fixation R	1	1	5574181755	5574557251	375496	115.70	57.46	59	32	-1	10.04	10.04
Fixation L	1	2	5574565622	5574765870	200248	242.40	51.02	78	21	-1	10.85	10.85
Fixation R	1	2	5574565622	5574765870	200248	242.40	51.02	78	21	-1	9.85	9.85
Fixation L	1	3	5574815995	5575024615	208620	335.03	37.39	68	7	-1	9.50	9.50
Fixation R	1	3	5574815995	5575024615	208620	335.03	37.39	68	7	-1	9.89	9.89
Fixation L	1	4	5575032867	5575274861	241994	423.81	25.51	64	15	-1	9.77	9.77
Fixation R	1	4	5575032867	5575274861	241994	423.81	25.51	64	15	-1	10.09	10.09
Fixation L	1	5	5575283239	5575775604	492365	495.63	35.28	54	41	-1	9.78	9.78
Fixation R	1	5	5575283239	5575775604	492365	495.63	35.28	54	41	-1	9.98	9.98
Fixation L	1	6	5575783855	5576084351	300496	614.80	21.11	75	20	-1	9.72	9.72
Fixation R	1	6	5575783855	5576084351	300496	614.80	21.11	75	20	-1	9.94	9.94
Fixation L	1	7	5576092599	5576334596	241997	729.79	6.61	22	24	-1	9.63	9.63
Fixation R	1	7	5576092599	5576334596	241997	729.79	6.61	22	24	-1	9.85	9.85
Fixation L	1	8	5576342972	5576543220	200248	822.10	10.18	29	31	-1	9.72	9.72
Fixation R	1	8	5576342972	5576543220	200248	822.10	10.18	29	31	-1	9.80	9.80
Fixation L	1	9	5576551591	5577043955	492364	915.58	51.03	45	42	-1	9.64	9.64
Fixation R	1	9	5576551591	5577043955	492364	915.58	51.03	45	42	-1	9.82	9.82
Fixation L	1	10	5577102334	5577244207	141873	163.11	101.02	40	16	-1	9.49	9.49
Fixation R	1	10	5577102334	5577244207	141873	163.11	101.02	40	16	-1	10.06	10.06
Fixation L	1	11	5577252586	5577402704	150118	89.42	93.74	66	7	-1	9.53	9.53
Fixation R	1	11	5577252586	5577402704	150118	89.42	93.74	66	7	-1	9.97	9.97
Fixation L	1	12	5577411083	5577611330	200247	297.19	79.74	19	33	-1	9.73	9.73
Fixation R	1	12	5577411083	5577611330	200247	297.19	79.74	19	33	-1	9.99	9.99
Fixation L	1	13	5577619698	5577870074	250376	464.54	69.84	20	15	-1	9.73	9.73
Fixation R	1	13	5577619698	5577870074	250376	464.54	69.84	20	15	-1	9.94	9.94
Fixation L	1	14	5577878449	5578045193	166744	576.33	59.04	24	14	-1	9.55	9.55
Fixation R	1	14	5577878449	5578045193	166744	576.33	59.04	24	14	-1	9.78	9.78
Fixation L	1	15	5578053566	5578228816	175250	721.22	73.09	53	30	-1	9.52	9.52
Fixation R	1	15	5578053566	5578228816	175250	721.22	73.09	53	30	-1	9.81	9.81
Fixation L	1	16	5578237193	5578612689	375496	829.54	80.06	13	14	-1	9.60	9.60
Fixation R	1	16	5578237193	5578612689	375496	829.54	80.06	13	14	-1	9.81	9.81
Fixation L	1	17	5578696183	5578838061	141878	424.05	89.23	93	6	-1	9.65	9.65
Fixation R	1	17	5578696183	5578838061	141878	424.05	89.23	93	6	-1	10.03	10.03
Fixation L	1	18	5578896430	5579054926	158496	184.30	115.11	57	35	-1	9.64	9.64
Fixation R	1	18	5578896430	5579054926	158496	184.30	115.11	57	35	-1	10.14	10.14
Fixation L	1	19	5579163433	5579472170	308737	590.91	64.52	46	19	-1	9.73	9.73
Fixation R	1	19	5579163433	5579472170	308737	590.91	64.52	46	19	-1	9.99	9.99
Fixation L	1	20	5579480546	5579605671	125125	693.14	40.90	25	42	-1	9.78	9.78
Fixation R	1	20	5579480546	5579605671	125125	693.14	40.90	25	42	-1	10.16	10.16
Fixation L	1	21	5579780917	5580123039	342122	113.80	156.20	75	19	-1	9.72	9.72
Fixation R	1	21	5579780917	5580123039	342122	113.80	156.20	75	19	-1	10.18	10.18
Fixation L	1	22	5580131412	5580506905	375493	226.52	137.64	30	40	-1	9.74	9.74
Fixation R	1	22	5580131412	5580506905	375493	226.52	137.64	30	40	-1	10.12	10.12
Fixation L	1	23	5580515293	5580799028	283735	317.50	122.57	57	30	-1	9.63	9.63
Fixation R	1	23	5580515293	5580799028	283735	317.50	122.57	57	30	-1	10.00	10.00
Fixation L	1	24	5580815655	5581174523	358868	483.81	116.68	16	16	-1	9.50	9.50
Fixation R	1	24	5580815655	5581174523	358868	483.81	116.68	16	16	-1	9.84	9.84
Fixation L	1	25	5581182772	5581341399	158627	648.76	112.60	94	5	-1	9.40	9.40
Fixation R	1	25	5581182772	5581341399	158627	648.76	112.60	94	5	-1	9.93	9.93
Fixation L	1	26	5581408143	5581550015	141872	791.01	108.14	76	22	-1	9.44	9.44
Fixation R	1	26	5581408143	5581550015	141872	791.01	108.14	76	22	-1	9.78	9.78
Fixation L	1	27	5581558264	5581725266	167002	799.92	123.88	28	5	-1	9.35	9.35
Fixation R	1	27	5581558264	5581725266	167002	799.92	123.88	28	5	-1	9.81	9.81
Fixation L	1	28	5581733512	5581983883	250371	895.79	133.81	55	21	-1	9.41	9.41
Fixation R	1	28	5581733512	5581983883	250371	895.79	133.81	55	21	-1	9.83	9.83
Fixation L	1	29	5582042261	5582426129	383868	103.78	183.87	57	34	-1	9.46	9.46
Fixation R	1	29	5582042261	5582426129	383868	103.78	183.87	57	34	-1	10.01	10.01
Fixation L	1	30	5582442876	5582651496	208620	257.73	175.61	49	18	-1	9.58	9.58
Fixation R	1	30	5582442876	5582651496	208620	257.73	175.61	49	18	-1	10.04	10.04
Fixation L	1	31	5582659746	5582935118	275372	148.64	188.98	55	9	-1	9.54	9.54
Fixation R	1	31	5582659746	5582935118	275372	148.64	188.98	55	9	-1	9.86	9.86
Fixation L	1	32	5582943499	5583202239	258740	379.44	173.86	47	42	-1	9.50	9.50
Fixation R	1	32	5582943499	5583202239	258740	379.44	173.86	47	42	-1	9.88	9.88
Fixation L	1	33	5583293991	5583402488	108497	552.28	163.75	47	51	-1	9.59	9.59
Fixation R	1	33	5583293991	5583402488	108497	552.28	163.75	47	51	-1	9.56	9.56
Fixation L	1	34	5583410865	5583585987	175122	540.96	186.71	71	25	-1	9.53	9.53
Fixation R	1	34	5583410865	5583585987	175122	540.96	186.71	71	25	-1	10.12	10.12
Fixation L	1	35	5583594363	5583786232	191869	492.64	213.30	17	16	-1	9.54	9.54
Fixation R	1	35	5583594363	5583786232	191869	492.64	213.30	17	16	-1	9.93	9.93
Fixation L	1	36	5583794612	5584136726	342114	611.65	191.46	29	27	-1	9.21	9.21
Fixation R	1	36	5583794612	5584136726	342114	611.65	191.46	29	27	-1	9.90	9.90
Fixation R	1	37	5584145104	5584387098	241994	716.33	184.77	37	26	-1	9.83	9.83
Fixation L	1	37	5584211847	5584387098	175251	717.84	188.51	37	23	-1	8.81	8.81
Fixation L	1	38	5584428847	5584662470	233623	103.47	257.92	45	36	-1	9.14	9.14
Fixation R	1	38	5584428847	5584662470	233623	103.47	257.92	45	36	-1	9.66	9.66
Fixation L	1	39	5584670848	5584946215	275367	193.27	262.23	81	6	-1	9.31	9.31
Fixation R	1	39	5584670848	5584946215	275367	193.27	262.23	81	6	-1	9.75	9.75
Fixation L	1	40	5584954592	5585246586	291994	367.69	230.85	47	42	-1	9.39	9.39
Fixation R	1	40	5584954592	5585246586	291994	367.69	230.85	47	42	-1	9.78	9.78
Fixation L	1	41	5585263334	5585488579	225245	558.81	231.79	86	12	-1	9.33	9.33
Fixation R	1	41	5585263334	5585488579	225245	558.81	231.79	86	12	-1	9.70	9.70
Fixation L	1	42	5585496956	5585822331	325375	659.61	248.39	52	18	-1	9.28	9.28
Fixation R	1	42	5585496956	5585822331	325375	659.61	248.39	52	18	-1	9.75	9.75
Fixation L	1	43	5585839077	5586064324	225247	848.26	243.65	33	9	-1	9.14	9.14
Fixation R	1	43	5585839077	5586064324	225247	848.26	243.65	33	9	-1	9.60	9.60
Fixation L	1	44	5586072701	5586531691	458990	930.31	254.76	45	18	-1	9.21	9.21
Fixation R	1	44	5586072701	5586531691	458990	930.31	254.76	45	18	-1	9.66	9.66
Fixation L	1	45	5586581686	5586706936	125250	198.55	304.00	62	23	-1	9.23	9.23
Fixation R	1	45	5586581686	5586706936	125250	198.55	304.00	62	23	-1	9.90	9.90
Fixation L	1	46	5586715187	5586798690	83503	102.82	321.41	73	24	-1	9.12	9.12
Fixation R	1	46	5586715187	5586798690	83503	102.82	321.41	73	24	-1	9.69	9.69
Fixation L	1	47	5586807061	5587015681	208620	77.88	326.27	22	13	-1	9.07	9.07
Fixation R	1	47	5586807061	5587015681	208620	77.88	326.27	22	13	-1	9.53	9.53
Fixation L	1	48	5587023937	5587299305	275368	229.72	322.88	81	7	-1	9.20	9.20
Fixation R	1	48	5587023937	5587299305	275368	229.72	322.88	81	7	-1	9.62	9.62
Fixation L	1	49	5587307677	5587507924	200247	317.82	316.82	25	9	-1	9.27	9.27
Fixation R	1	49	5587307677	5587507924	200247	317.82	316.82	25	9	-1	9.60	9.60
Fixation L	1	50	5587516297	5587883418	367121	462.44	312.33	29	29	-1	9.27	9.27
Fixation R	1	50	5587516297	5587883418	367121	462.44	312.33	29	29	-1	9.72	9.72
Fixation L	1	51	5587891794	5588167164	275370	573.75	308.77	33	24	-1	9.23	9.23
Fixation R	1	51	5587891794	5588167164	275370	573.75	308.77	33	24	-1	9.68	9.68
Fixation L	1	52	5588175543	5588342410	166867	714.65	300.19	87	9	-1	9.21	9.21
Fixation R	1	52	5588175543	5588342410	166867	714.65	300.19	87	9	-1	9.64	9.64
Fixation L	1	53	5588509283	5588651161	141878	709.11	305.62	80	16	-1	9.33	9.33
Fixation R	1	53	5588509283	5588651161	141878	709.11	305.62	80	16	-1	10.03	10.03
Fixation L	1	54	5588659535	5588943278	283743	890.93	311.72	43	19	-1	9.44	9.44
Fixation R	1	54	5588659535	5588943278	283743	890.93	311.72	43	19	-1	9.70	9.70
Fixation L	1	55	5588951533	5589143524	191991	954.46	308.27	33	10	-1	9.43	9.43
Fixation R	1	55	5588951533	5589143524	191991	954.46	308.27	33	10	-1	9.76	9.76
Fixation L	1	56	5589201910	5589352149	150239	137.93	359.29	29	20	-1	9.23	9.23
Fixation R	1	56	5589201910	5589352149	150239	137.93	359.29	29	20	-1	9.87	9.87
Fixation L	1	57	5589360525	5589560770	200245	72.44	383.50	13	19	-1	9.25	9.25
Fixation R	1	57	5589360525	5589560770	200245	72.44	383.50	13	19	-1	9.68	9.68
Fixation L	1	58	5589569017	5589710890	141873	258.33	363.73	76	22	-1	9.41	9.41
Fixation R	1	58	5589569017	5589710890	141873	258.33	363.73	76	22	-1	9.79	9.79
Fixation L	1	59	5589719264	5589869518	150254	280.96	363.51	52	8	-1	9.34	9.34
Fixation R	1	59	5589719264	5589869518	150254	280.96	363.51	52	8	-1	9.71	9.71
Fixation L	1	60	5589877769	5590236633	358864	369.74	359.93	48	21	-1	9.34	9.34
Fixation R	1	60	5589877769	5590236633	358864	369.74	359.93	48	21	-1	9.68	9.68
Fixation L	1	61	5590245007	5590386882	141875	471.61	357.59	11	28	-1	9.39	9.39
Fixation R	1	61	5590245007	5590386882	141875	471.61	357.59	11	28	-1	10.07	10.07
Fixation L	1	62	5590545377	5590770626	225249	501.66	344.72	65	29	-1	9.45	9.45
Fixation R	1	62	5590545377	5590770626	225249	501.66	344.72	65	29	-1	9.31	9.31
Fixation L	1	63	5590779003	5591087748	308745	390.88	372.46	64	15	-1	9.22	9.22
Fixation R	1	63	5590779003	5591087748	308745	390.88	372.46	64	15	-1	10.00	10.00
Fixation L	1	64	5591096119	5591388239	292120	554.95	376.76	15	15	-1	9.28	9.28
Fixation R	1	64	5591096119	5591388239	292120	554.95	376.76	15	15	-1	9.98	9.98
Fixation L	1	65	5591396490	5591571738	175248	634.45	375.73	31	17	-1	9.19	9.19
Fixation R	1	65	5591396490	5591571738	175248	634.45	375.73	31	17	-1	9.82	9.82
Fixation L	1	66	5591580117	5591838734	258617	796.69	377.29	56	16	-1	9.11	9.11
Fixation R	1	66	5591580117	5591838734	258617	796.69	377.29	56	16	-1	9.57	9.57
Fixation L	1	67	5591847108	5591980609	133501	921.95	381.29	23	6	-1	9.13	9.13
Fixation R	1	67	5591847108	5591980609	133501	921.95	381.29	23	6	-1	9.41	9.41
Fixation L	1	68	5591988981	5592164234	175253	735.74	373.92	59	6	-1	9.27	9.27
Fixation R	1	68	5591988981	5592164234	175253	735.74	373.92	59	6	-1	9.64	9.64
Fixation L	1	69	5592172602	5592614851	442249	643.86	379.10	77	11	-1	9.32	9.32
Fixation R	1	69	5592172602	5592614851	442249	643.86	379.10	77	11	-1	9.95	9.95
Fixation L	1	70	5592623221	5592898592	275371	414.62	380.33	60	16	-1	9.21	9.21
Fixation R	1	70	5592623221	5592898592	275371	414.62	380.33	60	16	-1	9.79	9.79
Fixation L	1	71	5592906850	5593082093	175243	505.64	380.36	50	16	-1	9.21	9.21
Fixation R	1	71	5592906850	5593082093	175243	505.64	380.36	50	16	-1	10.16	10.16
Fixation L	1	72	5593090464	5593257344	166880	612.97	371.66	49	10	-1	9.17	9.17
Fixation R	1	72	5593090464	5593257344	166880	612.97	371.66	49	10	-1	9.88	9.88
Fixation L	1	73	5593265717	5593582835	317118	777.78	375.90	48	9	-1	9.32	9.32
Fixation R	1	73	5593265717	5593582835	317118	777.78	375.90	48	9	-1	9.52	9.52
Fixation L	1	74	5593591083	5593758086	167003	904.56	380.93	29	7	-1	9.33	9.33
Fixation R	1	74	5593591083	5593758086	167003	904.56	380.93	29	7	-1	9.69	9.69
Fixation L	1	75	5593766332	5593949950	183618	967.80	376.74	42	11	-1	9.24	9.24
Fixation R	1	75	5593766332	5593949950	183618	967.80	376.74	42	11	-1	9.64	9.64
Fixation L	1	76	5594008332	5594200321	191989	112.17	430.45	59	39	-1	9.28	9.28
Fixation R	1	76	5594008332	5594200321	191989	112.17	430.45	59	39	-1	9.93	9.93
Fixation L	1	77	5594208578	5594333824	125246	81.05	454.19	63	12	-1	9.39	9.39
Fixation R	1	77	5594208578	5594333824	125246	81.05	454.19	63	12	-1	9.87	9.87
Fixation L	1	78	5594342198	5594559074	216876	239.29	437.91	80	18	-1	9.64	9.64
Fixation R	1	78	5594342198	5594559074	216876	239.29	437.91	80	18	-1	9.97	9.97
Fixation L	1	79	5594567444	5594767691	200247	403.98	438.61	65	7	-1	9.68	9.68
Fixation R	1	79	5594567444	5594767691	200247	403.98	438.61	65	7	-1	10.25	10.25
Fixation L	1	80	5594776064	5594942940	166876	546.57	439.57	27	11	-1	9.55	9.55
Fixation R	1	80	5594776064	5594942940	166876	546.57	439.57	27	11	-1	10.25	10.25
Fixation L	1	81	5594959690	5595109816	150126	751.36	438.04	34	14	-1	9.42	9.42
Fixation R	1	81	5594959690	5595109816	150126	751.36	438.04	34	14	-1	9.79	9.79
Fixation L	1	82	5595126561	5595368559	241998	856.88	427.04	28	8	-1	9.42	9.42
Fixation R	1	82	5595126561	5595368559	241998	856.88	427.04	28	8	-1	9.82	9.82
Fixation L	1	83	5595376807	5596286421	909614	951.13	441.95	57	24	-1	9.58	9.58
Fixation R	1	83	5595376807	5596286421	909614	951.13	441.95	57	24	-1	9.97	9.97
Fixation L	1	84	5596344794	5596503414	158620	127.75	474.91	64	32	-1	9.59	9.59
Fixation R	1	84	5596344794	5596503414	158620	127.75	474.91	64	32	-1	10.17	10.17
Fixation L	1	85	5596511666	5596737040	225374	65.30	501.88	29	22	-1	9.60	9.60
Fixation R	1	85	5596511666	5596737040	225374	65.30	501.88	29	22	-1	10.05	10.05
Fixation L	1	86	5596745411	5596845535	100124	161.57	497.98	68	9	-1	9.70	9.70
Fixation R	1	86	5596745411	5596845535	100124	161.57	497.98	68	9	-1	9.86	9.86
Fixation L	1	87	5596970660	5597054158	83498	75.16	521.55	61	35	-1	9.22	9.22
Fixation R	1	87	5596970660	5597054158	83498	75.16	521.55	61	35	-1	10.80	10.80
Fixation L	1	88	5597062406	5597304401	241995	79.17	486.49	33	19	-1	10.06	10.06
Fixation R	1	88	5597062406	5597304401	241995	79.17	486.49	33	19	-1	10.00	10.00
Fixation L	1	89	5597312780	5597613151	300371	283.01	477.35	68	8	-1	9.69	9.69
Fixation R	1	89	5597312780	5597613151	300371	283.01	477.35	68	8	-1	10.31	10.31
Fixation L	1	90	5597638274	5597896892	258618	626.10	421.65	57	41	-1	9.81	9.81
Fixation R	1	90	5597638274	5597896892	258618	626.10	421.65	57	41	-1	10.63	10.63
Fixation L	1	91	5597905266	5598072140	166874	664.03	388.44	16	17	-1	9.95	9.95
Fixation R	1	91	5597905266	5598072140	166874	664.03	388.44	16	17	-1	10.42	10.42
Fixation L	1	92	5598088891	5598506007	417116	489.82	493.55	28	42	-1	9.87	9.87
Fixation R	1	92	5598088891	5598506007	417116	489.82	493.55	28	42	-1	10.75	10.75
Fixation L	1	93	5598514389	5598856502	342113	538.51	506.12	76	19	-1	9.75	9.75
Fixation R	1	93	5598514389	5598856502	342113	538.51	506.12	76	19	-1	10.82	10.82
Fixation L	1	94	5599073496	5599415625	342129	475.01	477.59	56	41	-1	10.05	10.05
Fixation R	1	94	5599073496	5599415625	342129	475.01	477.59	56	41	-1	10.55	10.55
Fixation L	1	95	5599423994	5599941360	517366	517.49	490.89	71	24	-1	9.59	9.59
Fixation R	1	95	5599423994	5599941360	517366	517.49	490.89	71	24	-1	10.74	10.74
Fixation L	1	96	5600183357	5600441985	258628	468.23	493.02	33	41	-1	10.09	10.09
Fixation R	1	96	5600183357	5600441985	258628	468.23	493.02	33	41	-1	10.51	10.51
Fixation L	1	97	5600450358	5600533728	83370	530.43	501.85	47	15	-1	9.96	9.96
Fixation R	1	97	5600450358	5600533728	83370	530.43	501.85	47	15	-1	10.54	10.54
Fixation L	1	98	5600550477	5600708976	158499	696.41	490.35	34	13	-1	9.89	9.89
Fixation R	1	98	5600550477	5600708976	158499	696.41	490.35	34	13	-1	10.56	10.56
Fixation L	1	99	5600725726	5600875976	150250	516.51	494.65	66	13	-1	9.73	9.73
Fixation R	1	99	5600725726	5600875976	150250	516.51	494.65	66	13	-1	10.32	10.32
Fixation L	1	100	5600892599	5601368218	475619	710.46	490.22	43	10	-1	9.61	9.61
Fixation R	1	100	5600892599	5601368218	475619	710.46	490.22	43	10	-1	10.27	10.27
Fixation L	1	101	5601409965	5601576838	166873	101.42	548.23	62	36	-1	9.51	9.51
Fixation R	1	101	5601409965	5601576838	166873	101.42	548.23	62	36	-1	9.65	9.65
Fixation L	1	102	5601668586	5601877210	208624	179.17	546.04	35	22	-1	9.35	9.35
Fixation R	1	102	5601668586	5601877210	208624	179.17	546.04	35	22	-1	9.53	9.53
Fixation L	1	103	5601885582	5602185952	300370	331.65	554.60	85	5	-1	9.23	9.23
Fixation R	1	103	5601885582	5602185952	300370	331.65	554.60	85	5	-1	10.01	10.01
Fixation L	1	104	5602194332	5602386325	191993	451.60	548.00	86	10	-1	9.39	9.39
Fixation R	1	104	5602194332	5602386325	191993	451.60	548.00	86	10	-1	10.46	10.46
Fixation L	1	105	5602394578	5602778446	383868	341.97	547.04	66	12	-1	9.09	9.09
Fixation R	1	105	5602394578	5602778446	383868	341.97	547.04	66	12	-1	10.03	10.03
Fixation L	1	106	5602786819	5603045450	258631	398.86	544.53	80	12	-1	9.20	9.20
Fixation R	1	106	5602786819	5603045450	258631	398.86	544.53	80	12	-1	10.29	10.29
Fixation L	1	107	5603053812	5603212438	158626	492.56	549.55	25	7	-1	9.16	9.16
Fixation R	1	107	5603053812	5603212438	158626	492.56	549.55	25	7	-1	10.26	10.26
Fixation L	1	108	5603220687	5603487806	267119	656.35	552.56	58	13	-1	9.44	9.44
Fixation R	1	108	5603220687	5603487806	267119	656.35	552.56	58	13	-1	9.91	9.91
Fixation L	1	109	5603496062	5603729803	233741	836.27	550.62	81	16	-1	9.25	9.25
Fixation R	1	109	5603496062	5603729803	233741	836.27	550.62	81	16	-1	9.75	9.75
Fixation L	1	110	5603738052	5603854926	116874	885.99	546.47	18	4	-1	9.21	9.21
Fixation R	1	110	5603738052	5603854926	116874	885.99	546.47	18	4	-1	9.83	9.83
Fixation L	1	111	5603913302	5604230425	317123	102.75	611.41	48	50	-1	9.29	9.29
Fixation R	1	111	5603913302	5604230425	317123	102.75	611.41	48	50	-1	9.68	9.68
Fixation L	1	112	5604238793	5604514165	275372	117.43	622.82	52	13	-1	9.45	9.45
Fixation R	1	112	5604238793	5604514165	275372	117.43	622.82	52	13	-1	9.76	9.76
Fixation L	1	113	5604522417	5604722790	200373	210.05	618.41	72	18	-1	9.62	9.62
Fixation R	1	113	5604522417	5604722790	200373	210.05	618.41	72	18	-1	9.73	9.73
Fixation L	1	114	5604731038	5604989783	258745	290.50	610.92	54	19	-1	9.53	9.53
Fixation R	1	114	5604731038	5604989783	258745	290.50	610.92	54	19	-1	9.82	9.82
Fixation L	1	115	5604998165	5605206784	208619	408.13	615.27	30	13	-1	9.55	9.55
Fixation R	1	115	5604998165	5605206784	208619	408.13	615.27	30	13	-1	10.60	10.60
Fixation L	1	116	5605215029	5605448783	233754	515.94	621.57	48	7	-1	9.63	9.63
Fixation R	1	116	5605215029	5605448783	233754	515.94	621.57	48	7	-1	10.72	10.72
Fixation L	1	117	5605457025	5605815897	358872	672.23	623.23	65	8	-1	9.71	9.71
Fixation R	1	117	5605457025	5605815897	358872	672.23	623.23	65	8	-1	10.04	10.04
Fixation L	1	118	5605824274	5606158017	333743	792.58	615.03	60	13	-1	9.44	9.44
Fixation R	1	118	5605824274	5606158017	333743	792.58	615.03	60	13	-1	9.91	9.91
Fixation L	1	119	5606199771	5606541884	342113	123.86	675.05	48	21	-1	9.35	9.35
Fixation R	1	119	5606199771	5606541884	342113	123.86	675.05	48	21	-1	9.87	9.87
Fixation L	1	120	5606550141	5606733756	183615	255.50	669.27	66	9	-1	9.71	9.71
Fixation R	1	120	5606550141	5606733756	183615	255.50	669.27	66	9	-1	9.95	9.95
Fixation L	1	121	5606742132	5606917380	175248	424.07	669.89	89	8	-1	9.78	9.78
Fixation R	1	121	5606742132	5606917380	175248	424.07	669.89	89	8	-1	10.78	10.78
Fixation L	1	122	5607009131	5607159378	150247	656.28	673.55	85	13	-1	9.95	9.95
Fixation R	1	122	5607009131	5607159378	150247	656.28	673.55	85	13	-1	10.65	10.65
Fixation L	1	123	5607167626	5607251131	83505	669.11	685.88	82	2	-1	10.13	10.13
Fixation R	1	123	5607167626	5607251131	83505	669.11	685.88	82	2	-1	10.50	10.50
Fixation L	1	124	5607259506	5607451378	191872	826.91	693.16	81	15	-1	9.71	9.71
Fixation R	1	124	5607259506	5607451378	191872	826.91	693.16	81	15	-1	10.33	10.33
Fixation L	1	125	5607459747	5607693369	233622	899.10	698.77	14	13	-1	9.72	9.72
Fixation R	1	125	5607459747	5607693369	233622	899.10	698.77	14	13	-1	10.14	10.14
Fixation L	1	126	5607760116	5607910370	150254	217.34	60.44	16	20	-1	9.53	9.53
Fixation R	1	126	5607760116	5607910370	150254	217.34	60.44	16	20	-1	10.10	10.10
Fixation L	1	127	5607918739	5608410986	492247	112.34	30.67	19	39	-1	9.42	9.42
Fixation R	1	127	5607918739	5608410986	492247	112.34	30.67	19	39	-1	9.89	9.89
Fixation L	1	128	5608419361	5608569603	150242	219.26	23.40	32	21	-1	9.46	9.46
Fixation R	1	128	5608419361	5608569603	150242	219.26	23.40	32	21	-1	9.90	9.90
Fixation L	1	129	5608577859	5608828229	250370	316.98	19.96	26	32	-1	9.78	9.78
Fixation R	1	129	5608577859	5608828229	250370	316.98	19.96	26	32	-1	10.16	10.16
Fixation L	1	130	5608953480	5609262219	308739	931.80	692.77	55	43	-1	10.13	10.13
Fixation R	1	130	5608953480	5609262219	308739	931.80	692.77	55	43	-1	10.66	10.66

