[BeGaze]
Converted from:	C:\Program Files\SMI\Experiment Suite 360\Experiment Center 2\Results\Readability_First_01\P02-eye_data.idf
Date:	02.08.2013 11:27:27
Version:	BeGaze 3.2.28
Sample Rate:	120
Subject:	P02
Description:	Run2

Table Header for Fixations:
Event Type	Trial	Number	Start	End	Duration	Location X	Location Y	Dispersion X	Dispersion Y	Plane	Avg. Pupil Size X	Avg. Pupil Size Y


Fixation L	1	1	5994087566	5994638259	550693	113.77	44.73	16	24	-1	9.71	9.71
Fixation R	1	1	5994087566	5994638259	550693	113.77	44.73	16	24	-1	10.08	10.08
Fixation L	1	2	5994646508	5994830126	183618	249.96	28.01	83	8	-1	9.62	9.62
Fixation R	1	2	5994646508	5994830126	183618	249.96	28.01	83	8	-1	9.88	9.88
Fixation L	1	3	5994838505	5995439247	600742	418.00	28.07	41	18	-1	9.78	9.78
Fixation R	1	3	5994838505	5995439247	600742	418.00	28.07	41	18	-1	9.97	9.97
Fixation L	1	4	5995539370	5995814740	275370	578.22	25.18	70	25	-1	9.91	9.91
Fixation R	1	4	5995539370	5995814740	275370	578.22	25.18	70	25	-1	9.89	9.89
Fixation L	1	5	5995823117	5995923238	100121	681.19	36.55	22	11	-1	9.97	9.97
Fixation R	1	5	5995823117	5995923238	100121	681.19	36.55	22	11	-1	10.24	10.24
Fixation L	1	6	5995931609	5996140235	208626	798.19	37.28	27	7	-1	9.80	9.80
Fixation R	1	6	5995931609	5996140235	208626	798.19	37.28	27	7	-1	10.00	10.00
Fixation L	1	7	5996148614	5996307106	158492	905.56	40.34	14	24	-1	9.68	9.68
Fixation R	1	7	5996148614	5996307106	158492	905.56	40.34	14	24	-1	9.89	9.89
Fixation L	1	8	5996365482	5996465729	100247	110.26	95.90	60	39	-1	9.41	9.41
Fixation R	1	8	5996365482	5996465729	100247	110.26	95.90	60	39	-1	10.05	10.05
Fixation L	1	9	5996473986	5996741104	267118	99.70	90.91	48	13	-1	9.53	9.53
Fixation R	1	9	5996473986	5996741104	267118	99.70	90.91	48	13	-1	10.03	10.03
Fixation L	1	10	5996749355	5997174973	425618	202.65	67.60	24	24	-1	9.71	9.71
Fixation R	1	10	5996749355	5997174973	425618	202.65	67.60	24	24	-1	10.02	10.02
Fixation L	1	11	5997183342	5997391964	208622	343.56	67.41	50	26	-1	9.80	9.80
Fixation R	1	11	5997183342	5997391964	208622	343.56	67.41	50	26	-1	9.80	9.80
Fixation L	1	12	5997400217	5998051082	650865	495.48	80.01	45	32	-1	9.81	9.81
Fixation R	1	12	5997400217	5998051082	650865	495.48	80.01	45	32	-1	9.90	9.90
Fixation L	1	13	5998067831	5998359823	291992	632.33	65.97	33	45	-1	9.63	9.63
Fixation R	1	13	5998067831	5998359823	291992	632.33	65.97	33	45	-1	9.79	9.79
Fixation L	1	14	5998368198	5998543449	175251	783.47	70.40	56	21	-1	9.53	9.53
Fixation R	1	14	5998368198	5998543449	175251	783.47	70.40	56	21	-1	9.83	9.83
Fixation L	1	15	5998551827	5998660321	108494	864.96	72.00	27	20	-1	9.50	9.50
Fixation R	1	15	5998551827	5998660321	108494	864.96	72.00	27	20	-1	9.67	9.67
Fixation L	1	16	5998710320	5998843826	133506	131.01	160.56	81	18	-1	9.36	9.36
Fixation R	1	16	5998710320	5998843826	133506	131.01	160.56	81	18	-1	9.90	9.90
Fixation L	1	17	5998852195	5999035816	183621	86.58	149.92	48	4	-1	9.43	9.43
Fixation R	1	17	5998852195	5999035816	183621	86.58	149.92	48	4	-1	9.88	9.88
Fixation L	1	18	5999044192	5999261060	216868	234.98	129.10	64	35	-1	9.53	9.53
Fixation R	1	18	5999044192	5999261060	216868	234.98	129.10	64	35	-1	9.90	9.90
Fixation L	1	19	5999269435	5999528063	258628	332.10	123.11	84	14	-1	9.64	9.64
Fixation R	1	19	5999269435	5999528063	258628	332.10	123.11	84	14	-1	9.85	9.85
Fixation L	1	20	5999536430	5999678311	141881	480.04	113.18	31	9	-1	9.60	9.60
Fixation R	1	20	5999536430	5999678311	141881	480.04	113.18	31	9	-1	9.71	9.71
Fixation L	1	21	5999686679	5999953677	266998	611.52	130.54	36	16	-1	9.49	9.49
Fixation R	1	21	5999686679	5999953677	266998	611.52	130.54	36	16	-1	9.79	9.79
Fixation L	1	22	5999962048	6000053801	91753	748.91	129.66	84	15	-1	9.47	9.47
Fixation R	1	22	5999962048	6000053801	91753	748.91	129.66	84	15	-1	9.89	9.89
Fixation L	1	23	6000062173	6000454420	392247	721.13	141.39	61	16	-1	9.44	9.44
Fixation R	1	23	6000062173	6000454420	392247	721.13	141.39	61	16	-1	9.92	9.92
Fixation L	1	24	6000462667	6000688039	225372	819.22	139.77	25	22	-1	9.54	9.54
Fixation R	1	24	6000462667	6000688039	225372	819.22	139.77	25	22	-1	9.89	9.89
Fixation L	1	25	6000696288	6000896660	200372	906.58	141.59	13	15	-1	9.59	9.59
Fixation R	1	25	6000696288	6000896660	200372	906.58	141.59	13	15	-1	9.87	9.87
Fixation L	1	26	6000955037	6001288780	333743	115.41	195.64	50	29	-1	9.50	9.50
Fixation R	1	26	6000955037	6001288780	333743	115.41	195.64	50	29	-1	9.98	9.98
Fixation L	1	27	6001297154	6001580906	283752	277.73	193.38	73	22	-1	9.65	9.65
Fixation R	1	27	6001297154	6001580906	283752	277.73	193.38	73	22	-1	9.93	9.93
Fixation L	1	28	6001597528	6001822896	225368	523.14	200.03	31	12	-1	9.60	9.60
Fixation R	1	28	6001597528	6001822896	225368	523.14	200.03	31	12	-1	9.94	9.94
Fixation R	1	29	6001831153	6002156649	325496	633.28	188.76	35	41	-1	9.88	9.88
Fixation L	1	29	6002165017	6002407016	241999	758.10	203.19	20	30	-1	9.60	9.60
Fixation R	1	30	6002165017	6002407016	241999	758.10	203.19	20	30	-1	9.97	9.97
Fixation L	1	30	6002415263	6002607263	192000	927.39	214.73	80	12	-1	9.63	9.63
Fixation R	1	31	6002415263	6002607263	192000	927.39	214.73	80	12	-1	9.86	9.86
Fixation L	1	31	6002615635	6002807510	191875	966.05	211.89	25	5	-1	9.75	9.75
Fixation R	1	32	6002615635	6002807510	191875	966.05	211.89	25	5	-1	10.03	10.03
Fixation L	1	32	6002815883	6002957761	141878	810.45	214.58	12	6	-1	9.75	9.75
Fixation R	1	33	6002815883	6002957761	141878	810.45	214.58	12	6	-1	10.15	10.15
Fixation L	1	33	6002982760	6003174625	191865	427.47	194.06	65	27	-1	9.92	9.92
Fixation R	1	34	6002982760	6003174625	191865	427.47	194.06	65	27	-1	10.25	10.25
Fixation L	1	34	6003183008	6003316505	133497	341.69	195.03	20	19	-1	9.92	9.92
Fixation R	1	35	6003183008	6003316505	133497	341.69	195.03	20	19	-1	10.30	10.30
Fixation L	1	35	6003324877	6003633624	308747	502.01	183.24	26	34	-1	9.88	9.88
Fixation R	1	36	6003324877	6003633624	308747	502.01	183.24	26	34	-1	10.17	10.17
Fixation L	1	36	6003641998	6003792122	150124	642.81	184.31	42	22	-1	9.72	9.72
Fixation R	1	37	6003641998	6003792122	150124	642.81	184.31	42	22	-1	9.99	9.99
Fixation L	1	37	6003808867	6003992493	183626	920.78	193.18	68	27	-1	9.83	9.83
Fixation R	1	38	6003808867	6003992493	183626	920.78	193.18	68	27	-1	9.98	9.98
Fixation L	1	38	6004000741	6004100864	100123	977.03	210.36	39	14	-1	9.91	9.91
Fixation R	1	39	6004000741	6004100864	100123	977.03	210.36	39	14	-1	10.13	10.13
Fixation L	1	39	6004159368	6004392984	233616	146.38	273.57	88	10	-1	9.93	9.93
Fixation R	1	40	6004159368	6004392984	233616	146.38	273.57	88	10	-1	10.48	10.48
Fixation L	1	40	6004401357	6004568230	166873	99.98	279.35	85	3	-1	9.88	9.88
Fixation R	1	41	6004401357	6004568230	166873	99.98	279.35	85	3	-1	10.14	10.14
Fixation L	1	41	6004576604	6004768481	191877	238.22	249.44	40	35	-1	9.83	9.83
Fixation R	1	42	6004576604	6004768481	191877	238.22	249.44	40	35	-1	10.15	10.15
Fixation L	1	42	6004776851	6004918724	141873	390.00	243.94	22	6	-1	9.82	9.82
Fixation R	1	43	6004776851	6004918724	141873	390.00	243.94	22	6	-1	10.29	10.29
Fixation L	1	43	6004926974	6005077224	150250	527.85	248.13	26	5	-1	9.70	9.70
Fixation R	1	44	6004926974	6005077224	150250	527.85	248.13	26	5	-1	9.99	9.99
Fixation L	1	44	6005152348	6005360974	208626	468.72	235.17	78	15	-1	9.33	9.33
Fixation R	1	45	6005152348	6005360974	208626	468.72	235.17	78	15	-1	10.14	10.14
Fixation L	1	45	6005536223	6005736469	200246	657.90	212.59	74	20	-1	9.63	9.63
Fixation R	1	46	6005536223	6005736469	200246	657.90	212.59	74	20	-1	10.27	10.27
Fixation L	1	46	6005753090	6006061834	308744	509.77	234.02	51	47	-1	9.70	9.70
Fixation R	1	47	6005753090	6006061834	308744	509.77	234.02	51	47	-1	10.23	10.23
Fixation L	1	47	6006070210	6006337209	266999	480.08	231.45	21	46	-1	9.49	9.49
Fixation R	1	48	6006070210	6006337209	266999	480.08	231.45	21	46	-1	9.76	9.76
Fixation L	1	48	6006345581	6006529203	183622	612.60	238.08	37	5	-1	9.50	9.50
Fixation R	1	49	6006345581	6006529203	183622	612.60	238.08	37	5	-1	10.01	10.01
Fixation L	1	49	6006679323	6006812950	133627	728.39	232.57	86	12	-1	9.73	9.73
Fixation R	1	50	6006679323	6006812950	133627	728.39	232.57	86	12	-1	10.38	10.38
Fixation L	1	50	6006854570	6007046569	191999	559.53	244.91	43	18	-1	9.46	9.46
Fixation R	1	51	6006854570	6007129940	275370	555.59	240.82	66	26	-1	10.46	10.46
Fixation R	1	52	6007138321	6007246814	108493	526.57	215.80	23	16	-1	10.41	10.41
Fixation L	1	51	6007430436	6007597309	166873	701.24	241.92	63	31	-1	9.95	9.95
Fixation R	1	53	6007430436	6007597309	166873	701.24	241.92	63	31	-1	10.36	10.36
Fixation L	1	52	6007605563	6007855930	250367	857.81	257.77	62	35	-1	9.88	9.88
Fixation R	1	54	6007605563	6007855930	250367	857.81	257.77	62	35	-1	10.37	10.37
Fixation L	1	53	6007897681	6008039557	141876	938.86	268.85	79	11	-1	9.67	9.67
Fixation R	1	55	6007897681	6008039557	141876	938.86	268.85	79	11	-1	10.00	10.00
Fixation L	1	54	6008089556	6008356672	267116	104.47	327.52	74	22	-1	9.57	9.57
Fixation R	1	56	6008089556	6008356672	267116	104.47	327.52	74	22	-1	10.10	10.10
Fixation L	1	55	6008364928	6008498545	133617	225.51	318.19	67	3	-1	9.86	9.86
Fixation R	1	57	6008364928	6008498545	133617	225.51	318.19	67	3	-1	10.27	10.27
Fixation L	1	56	6008640297	6008740419	100122	57.78	360.22	31	67	-1	9.33	9.33
Fixation R	1	58	6008640297	6008740419	100122	57.78	360.22	31	67	-1	9.96	9.96
Fixation L	1	57	6008748792	6008949038	200246	76.43	339.87	30	43	-1	10.02	10.02
Fixation R	1	59	6008748792	6008949038	200246	76.43	339.87	30	43	-1	10.16	10.16
Fixation L	1	58	6008974168	6009683402	709234	384.71	327.05	49	44	-1	9.89	9.89
Fixation R	1	60	6008974168	6009683402	709234	384.71	327.05	49	44	-1	10.37	10.37
Fixation L	1	59	6009691781	6009850277	158496	489.05	298.91	21	24	-1	9.61	9.61
Fixation R	1	61	6009691781	6009850277	158496	489.05	298.91	21	24	-1	10.15	10.15
Fixation L	1	60	6009867030	6010134022	266992	665.94	314.03	29	7	-1	9.74	9.74
Fixation R	1	62	6009867030	6010134022	266992	665.94	314.03	29	7	-1	10.22	10.22
Fixation L	1	61	6010142399	6010334270	191871	837.55	316.42	52	17	-1	9.57	9.57
Fixation R	1	63	6010142399	6010334270	191871	837.55	316.42	52	17	-1	10.08	10.08
Fixation L	1	62	6010342645	6010501145	158500	710.92	310.79	63	12	-1	9.64	9.64
Fixation R	1	64	6010342645	6010501145	158500	710.92	310.79	63	12	-1	10.20	10.20
Fixation L	1	63	6010509517	6010634640	125123	573.55	308.56	24	12	-1	9.72	9.72
Fixation R	1	65	6010509517	6010634640	125123	573.55	308.56	24	12	-1	10.26	10.26
Fixation L	1	64	6010676398	6010993516	317118	103.09	374.59	50	38	-1	9.38	9.38
Fixation R	1	66	6010676398	6010993516	317118	103.09	374.59	50	38	-1	9.85	9.85
Fixation L	1	65	6011001882	6011118635	116753	249.45	372.61	83	15	-1	9.69	9.69
Fixation R	1	67	6011001882	6011118635	116753	249.45	372.61	83	15	-1	10.03	10.03
Fixation L	1	66	6011127005	6011268883	141878	268.97	384.43	13	8	-1	9.56	9.56
Fixation R	1	68	6011127005	6011268883	141878	268.97	384.43	13	8	-1	9.94	9.94
Fixation L	1	67	6011277258	6011485875	208617	406.56	380.93	59	13	-1	9.52	9.52
Fixation R	1	69	6011277258	6011485875	208617	406.56	380.93	59	13	-1	9.95	9.95
Fixation L	1	68	6011494128	6011661122	166994	532.42	379.86	29	12	-1	9.47	9.47
Fixation R	1	70	6011494128	6011661122	166994	532.42	379.86	29	12	-1	9.91	9.91
Fixation L	1	69	6011669378	6011869624	200246	616.96	381.31	11	10	-1	9.48	9.48
Fixation R	1	71	6011669378	6011869624	200246	616.96	381.31	11	10	-1	9.84	9.84
Fixation L	1	70	6011894748	6012178375	283627	852.01	379.70	15	16	-1	9.38	9.38
Fixation R	1	72	6011894748	6012178375	283627	852.01	379.70	15	16	-1	9.77	9.77
Fixation L	1	71	6012236863	6012462110	225247	66.46	452.47	17	23	-1	9.28	9.28
Fixation R	1	73	6012236863	6012462110	225247	66.46	452.47	17	23	-1	9.70	9.70
Fixation L	1	72	6012470491	6012637357	166866	245.78	441.77	55	24	-1	9.63	9.63
Fixation R	1	74	6012470491	6012637357	166866	245.78	441.77	55	24	-1	9.79	9.79
Fixation L	1	73	6012645736	6012879357	233621	345.98	434.80	30	17	-1	9.57	9.57
Fixation R	1	75	6012645736	6012879357	233621	345.98	434.80	30	17	-1	9.88	9.88
Fixation L	1	74	6012887728	6013204851	317123	457.54	433.01	14	10	-1	9.55	9.55
Fixation R	1	76	6012887728	6013204851	317123	457.54	433.01	14	10	-1	10.14	10.14
Fixation L	1	75	6013213100	6013496848	283748	643.48	440.96	87	12	-1	9.64	9.64
Fixation R	1	77	6013213100	6013496848	283748	643.48	440.96	87	12	-1	10.08	10.08
Fixation L	1	76	6013505219	6013647095	141876	652.42	430.93	8	16	-1	9.54	9.54
Fixation R	1	78	6013505219	6013647095	141876	652.42	430.93	8	16	-1	10.00	10.00
Fixation L	1	77	6013655470	6013738841	83371	820.96	443.21	88	2	-1	9.32	9.32
Fixation R	1	79	6013655470	6013738841	83371	820.96	443.21	88	2	-1	9.76	9.76
Fixation L	1	78	6013747218	6013989215	241997	922.71	436.23	85	14	-1	9.29	9.29
Fixation R	1	80	6013747218	6013989215	241997	922.71	436.23	85	14	-1	9.66	9.66
Fixation L	1	79	6014047590	6014131087	83497	170.80	487.51	18	23	-1	8.41	8.41
Fixation R	1	81	6014047590	6014314585	266995	167.38	485.30	72	23	-1	9.41	9.41
Fixation L	1	80	6014147712	6014439832	292120	184.78	484.34	76	4	-1	9.52	9.52
Fixation R	1	82	6014331335	6014439832	108497	211.54	484.21	21	2	-1	9.73	9.73
Fixation L	1	81	6014448083	6014698460	250377	376.89	494.89	78	19	-1	9.79	9.79
Fixation R	1	83	6014448083	6014698460	250377	376.89	494.89	78	19	-1	10.30	10.30
Fixation L	1	82	6014706828	6014940455	233627	569.02	502.31	68	21	-1	9.97	9.97
Fixation L	1	83	6014948827	6015132449	183622	727.85	498.54	36	11	-1	9.96	9.96
Fixation R	1	84	6014948827	6015132449	183622	727.85	498.54	36	11	-1	10.42	10.42
Fixation L	1	84	6015140697	6015374445	233748	860.21	496.45	75	10	-1	9.78	9.78
Fixation R	1	85	6015140697	6015374445	233748	860.21	496.45	75	10	-1	10.23	10.23
Fixation L	1	85	6015424446	6015599691	175245	140.32	572.73	47	44	-1	9.61	9.61
Fixation R	1	86	6015424446	6015599691	175245	140.32	572.73	47	44	-1	9.94	9.94
Fixation L	1	86	6015608064	6015925061	316997	81.89	585.03	32	15	-1	9.89	9.89
Fixation R	1	87	6015608064	6015925061	316997	81.89	585.03	32	15	-1	10.09	10.09
Fixation L	1	87	6015933434	6016233935	300501	246.50	558.36	28	32	-1	10.12	10.12
Fixation R	1	88	6015933434	6016233935	300501	246.50	558.36	28	32	-1	10.17	10.17
Fixation L	1	88	6016242181	6016442427	200246	441.57	561.29	71	11	-1	10.35	10.35
Fixation R	1	89	6016242181	6016442427	200246	441.57	561.29	71	11	-1	11.05	11.05
Fixation L	1	89	6016450803	6016651049	200246	566.90	559.79	61	11	-1	10.41	10.41
Fixation R	1	90	6016450803	6016651049	200246	566.90	559.79	61	11	-1	11.05	11.05
Fixation L	1	90	6016659422	6016884797	225375	665.08	570.18	12	15	-1	10.45	10.45
Fixation R	1	91	6016659422	6016884797	225375	665.08	570.18	12	15	-1	10.98	10.98
Fixation L	1	91	6016893044	6017043290	150246	582.42	609.76	26	38	-1	10.57	10.57
Fixation R	1	92	6016893044	6017043290	150246	582.42	609.76	26	38	-1	11.37	11.37
Fixation L	1	92	6017051671	6017460535	408864	506.32	629.40	17	15	-1	10.55	10.55
Fixation R	1	93	6017051671	6017460535	408864	506.32	629.40	17	15	-1	11.52	11.52
Fixation L	1	93	6017552288	6017719156	166868	661.53	615.25	70	29	-1	10.80	10.80
Fixation R	1	94	6017552288	6017719156	166868	661.53	615.25	70	29	-1	11.15	11.15
Fixation L	1	94	6017727536	6017819281	91745	650.99	624.63	47	3	-1	10.83	10.83
Fixation R	1	95	6017727536	6017819281	91745	650.99	624.63	47	3	-1	11.41	11.41
Fixation L	1	95	6017827661	6018378401	550740	538.93	622.58	19	19	-1	10.86	10.86
Fixation R	1	96	6017827661	6018378401	550740	538.93	622.58	19	19	-1	11.42	11.42
Fixation L	1	96	6018386772	6018612019	225247	645.39	627.52	75	10	-1	10.85	10.85
Fixation R	1	97	6018386772	6018612019	225247	645.39	627.52	75	10	-1	11.46	11.46
Fixation L	1	97	6018620394	6019096013	475619	768.17	627.89	91	8	-1	10.76	10.76
Fixation R	1	98	6018620394	6019096013	475619	768.17	627.89	91	8	-1	11.39	11.39
Fixation L	1	98	6019104388	6019212884	108496	830.75	632.90	20	4	-1	10.58	10.58
Fixation R	1	99	6019104388	6019212884	108496	830.75	632.90	20	4	-1	11.40	11.40
Fixation L	1	99	6019262884	6019605008	342124	132.71	699.85	45	32	-1	10.76	10.76
Fixation R	1	100	6019262884	6019605008	342124	132.71	699.85	45	32	-1	10.66	10.66
Fixation L	1	100	6019613377	6019913750	300373	333.92	678.44	44	23	-1	11.05	11.05
Fixation R	1	101	6019613377	6019913750	300373	333.92	678.44	44	23	-1	11.28	11.28
Fixation L	1	101	6019930499	6020172492	241993	463.58	685.97	31	14	-1	10.86	10.86
Fixation R	1	102	6019930499	6020172492	241993	463.58	685.97	31	14	-1	11.76	11.76
Fixation L	1	102	6020180871	6020489615	308744	586.91	687.77	15	14	-1	10.66	10.66
Fixation R	1	103	6020180871	6020489615	308744	586.91	687.77	15	14	-1	10.98	10.98
Fixation L	1	103	6020497863	6020623110	125247	707.82	674.23	53	30	-1	10.49	10.49
Fixation R	1	104	6020497863	6020623110	125247	707.82	674.23	53	30	-1	10.66	10.66
Fixation R	1	105	6020781615	6020873483	91868	99.71	36.67	59	38	-1	10.56	10.56
Fixation L	1	104	6020798360	6020915113	116753	108.28	45.89	59	40	-1	8.62	8.62
Fixation R	1	106	6020881743	6021365727	483984	119.68	59.05	66	31	-1	10.38	10.38
Fixation L	1	105	6020923483	6021365727	442244	119.15	58.98	66	31	-1	9.96	9.96
Fixation L	1	106	6021374101	6021841344	467243	73.66	47.77	12	20	-1	9.70	9.70
Fixation R	1	107	6021374101	6021841344	467243	73.66	47.77	12	20	-1	9.97	9.97
Fixation L	1	107	6021983221	6022075091	91870	744.44	614.42	71	28	-1	10.19	10.19
Fixation R	1	108	6021983221	6022075091	91870	744.44	614.42	71	28	-1	10.58	10.58
Fixation L	1	108	6022083345	6022183472	100127	725.98	644.91	6	52	-1	10.38	10.38
Fixation R	1	109	6022083345	6022183472	100127	725.98	644.91	6	52	-1	10.85	10.85

