[BeGaze]
Converted from:	C:\Program Files\SMI\Experiment Suite 360\Experiment Center 2\Results\Readability_First_01\P02-eye_data.idf
Date:	02.08.2013 11:27:29
Version:	BeGaze 3.2.28
Sample Rate:	120
Subject:	P02
Description:	Run2

Table Header for Fixations:
Event Type	Trial	Number	Start	End	Duration	Location X	Location Y	Dispersion X	Dispersion Y	Plane	Avg. Pupil Size X	Avg. Pupil Size Y


Fixation L	1	1	7009801750	7010085491	283741	132.90	55.65	59	40	-1	9.86	9.86
Fixation R	1	1	7009801750	7010085491	283741	132.90	55.65	59	40	-1	10.30	10.30
Fixation L	1	2	7010135901	7010377617	241716	291.24	53.12	58	39	-1	9.80	9.80
Fixation R	1	2	7010135901	7010377617	241716	291.24	53.12	58	39	-1	9.96	9.96
Fixation L	1	3	7010419239	7010602863	183624	410.04	18.12	37	7	-1	9.68	9.68
Fixation R	1	3	7010419239	7010602863	183624	410.04	18.12	37	7	-1	9.83	9.83
Fixation L	1	4	7010611233	7010861606	250373	568.97	25.79	78	12	-1	9.75	9.75
Fixation R	1	4	7010611233	7010861606	250373	568.97	25.79	78	12	-1	9.85	9.85
Fixation L	1	5	7010869856	7011086852	216996	727.23	17.50	9	24	-1	9.71	9.71
Fixation R	1	5	7010869856	7011086852	216996	727.23	17.50	9	24	-1	10.00	10.00
Fixation L	1	6	7011095228	7011303852	208624	876.70	17.58	25	30	-1	9.75	9.75
Fixation R	1	6	7011095228	7011303852	208624	876.70	17.58	25	30	-1	9.92	9.92
Fixation L	1	7	7011353850	7011520723	166873	169.63	117.82	39	46	-1	9.64	9.64
Fixation R	1	7	7011353850	7011520723	166873	169.63	117.82	39	46	-1	10.14	10.14
Fixation L	1	8	7011529102	7011695968	166866	126.37	131.18	24	19	-1	9.70	9.70
Fixation R	1	8	7011529102	7011695968	166866	126.37	131.18	24	19	-1	10.02	10.02
Fixation L	1	9	7011704345	7011929595	225250	274.26	90.82	20	34	-1	9.90	9.90
Fixation R	1	9	7011704345	7011929595	225250	274.26	90.82	20	34	-1	10.03	10.03
Fixation L	1	10	7011937966	7012230092	292126	405.70	68.02	34	20	-1	9.89	9.89
Fixation R	1	10	7011937966	7012230092	292126	405.70	68.02	34	20	-1	10.06	10.06
Fixation L	1	11	7012238461	7012463708	225247	531.96	70.11	60	9	-1	9.88	9.88
Fixation R	1	11	7012238461	7012463708	225247	531.96	70.11	60	9	-1	9.93	9.93
Fixation L	1	12	7012472082	7012597208	125126	629.77	71.18	30	4	-1	9.94	9.94
Fixation R	1	12	7012472082	7012597208	125126	629.77	71.18	30	4	-1	10.00	10.00
Fixation L	1	13	7012747453	7012830832	83379	702.01	59.95	83	16	-1	10.07	10.07
Fixation R	1	13	7012747453	7012830832	83379	702.01	59.95	83	16	-1	10.05	10.05
Fixation L	1	14	7012864202	7013206320	342118	771.74	73.80	76	12	-1	10.06	10.06
Fixation R	1	14	7012864202	7013206320	342118	771.74	73.80	76	12	-1	10.19	10.19
Fixation L	1	15	7013214692	7013331575	116883	864.58	72.61	34	9	-1	9.83	9.83
Fixation R	1	15	7013214692	7013331575	116883	864.58	72.61	34	9	-1	9.98	9.98
Fixation L	1	16	7013381572	7013540189	158617	163.70	159.65	40	50	-1	9.56	9.56
Fixation R	1	16	7013381572	7013540189	158617	163.70	159.65	40	50	-1	9.98	9.98
Fixation L	1	17	7013548443	7013807188	258745	97.15	174.60	16	8	-1	9.58	9.58
Fixation R	1	17	7013548443	7013807188	258745	97.15	174.60	16	8	-1	10.01	10.01
Fixation L	1	18	7013815560	7014057561	242001	268.09	143.36	24	41	-1	9.83	9.83
Fixation R	1	18	7013815560	7014057561	242001	268.09	143.36	24	41	-1	10.05	10.05
Fixation L	1	19	7014065804	7014483058	417254	130.00	157.09	68	28	-1	9.85	9.85
Fixation R	1	19	7014065804	7014483058	417254	130.00	157.09	68	28	-1	10.10	10.10
Fixation L	1	20	7014491424	7014708298	216874	279.95	148.14	88	10	-1	9.99	9.99
Fixation R	1	20	7014491424	7014708298	216874	279.95	148.14	88	10	-1	10.11	10.11
Fixation L	1	21	7014783426	7015067165	283739	394.85	135.92	70	13	-1	9.88	9.88
Fixation R	1	21	7014783426	7015067165	283739	394.85	135.92	70	13	-1	10.01	10.01
Fixation L	1	22	7015075540	7015426034	350494	574.85	137.55	74	12	-1	9.73	9.73
Fixation R	1	22	7015075540	7015426034	350494	574.85	137.55	74	12	-1	9.93	9.93
Fixation L	1	23	7015434417	7015617906	183489	646.17	134.49	17	9	-1	9.72	9.72
Fixation R	1	23	7015434417	7015617906	183489	646.17	134.49	17	9	-1	9.95	9.95
Fixation L	1	24	7015626281	7015834910	208629	773.20	133.75	56	6	-1	9.62	9.62
Fixation R	1	24	7015626281	7015834910	208629	773.20	133.75	56	6	-1	9.83	9.83
Fixation L	1	25	7015843155	7016043529	200374	912.38	135.07	40	20	-1	9.62	9.62
Fixation R	1	25	7015843155	7016043529	200374	912.38	135.07	40	20	-1	9.74	9.74
Fixation L	1	26	7016101899	7016318900	217001	123.84	218.00	70	25	-1	9.54	9.54
Fixation R	1	26	7016101899	7016318900	217001	123.84	218.00	70	25	-1	10.04	10.04
Fixation L	1	27	7016327274	7016485772	158498	90.52	232.70	24	10	-1	9.57	9.57
Fixation R	1	27	7016327274	7016485772	158498	90.52	232.70	24	10	-1	10.02	10.02
Fixation L	1	28	7016494149	7016878014	383865	211.12	220.03	41	24	-1	9.66	9.66
Fixation R	1	28	7016494149	7016878014	383865	211.12	220.03	41	24	-1	9.88	9.88
Fixation L	1	29	7016886270	7017261763	375493	334.32	199.68	78	21	-1	9.76	9.76
Fixation R	1	29	7016886270	7017261763	375493	334.32	199.68	78	21	-1	9.95	9.95
Fixation R	1	30	7017412011	7017695753	283742	530.23	190.91	47	49	-1	10.05	10.05
Fixation L	1	30	7017420383	7017695753	275370	530.62	191.91	44	40	-1	9.84	9.84
Fixation L	1	31	7017704002	7017946002	242000	695.45	196.07	35	15	-1	9.96	9.96
Fixation R	1	31	7017704002	7017946002	242000	695.45	196.07	35	15	-1	10.17	10.17
Fixation L	1	32	7017954373	7018288249	333876	856.74	203.38	56	16	-1	9.71	9.71
Fixation R	1	32	7017954373	7018288249	333876	856.74	203.38	56	16	-1	9.89	9.89
Fixation L	1	33	7018338248	7018588621	250373	163.80	265.97	38	30	-1	9.66	9.66
Fixation R	1	33	7018338248	7018588621	250373	163.80	265.97	38	30	-1	10.08	10.08
Fixation L	1	34	7018596989	7018688742	91753	264.38	261.86	13	14	-1	9.82	9.82
Fixation R	1	34	7018596989	7018688742	91753	264.38	261.86	13	14	-1	10.13	10.13
Fixation L	1	35	7018972481	7019214484	242003	391.57	257.62	36	15	-1	10.16	10.16
Fixation R	1	35	7018972481	7019214484	242003	391.57	257.62	36	15	-1	10.12	10.12
Fixation L	1	36	7019222730	7019448098	225368	517.26	261.97	19	6	-1	9.84	9.84
Fixation R	1	36	7019222730	7019448098	225368	517.26	261.97	19	6	-1	9.69	9.69
Fixation L	1	37	7019456477	7019890346	433869	636.87	254.15	13	18	-1	9.48	9.48
Fixation R	1	37	7019456477	7019890346	433869	636.87	254.15	13	18	-1	9.77	9.77
Fixation L	1	38	7019898717	7020090593	191876	784.95	257.44	71	10	-1	9.49	9.49
Fixation R	1	38	7019898717	7020090593	191876	784.95	257.44	71	10	-1	9.78	9.78
Fixation L	1	39	7020098965	7020199088	100123	842.49	263.58	22	12	-1	9.45	9.45
Fixation R	1	39	7020098965	7020199088	100123	842.49	263.58	22	12	-1	9.73	9.73
Fixation L	1	40	7020257464	7020516215	258751	115.72	326.51	34	64	-1	9.40	9.40
Fixation R	1	40	7020257464	7020516215	258751	115.72	326.51	34	64	-1	9.80	9.80
Fixation L	1	41	7020524459	7020741457	216998	140.62	338.86	85	14	-1	9.61	9.61
Fixation R	1	41	7020524459	7020741457	216998	140.62	338.86	85	14	-1	9.88	9.88
Fixation L	1	42	7020816586	7021058576	241990	335.13	320.32	22	10	-1	9.75	9.75
Fixation R	1	42	7020816586	7021058576	241990	335.13	320.32	22	10	-1	10.02	10.02
Fixation L	1	43	7021066956	7021267204	200248	474.38	318.09	78	15	-1	9.80	9.80
Fixation R	1	43	7021066956	7021267204	200248	474.38	318.09	78	15	-1	9.62	9.62
Fixation L	1	44	7021275577	7021826317	550740	358.47	326.62	62	17	-1	9.67	9.67
Fixation R	1	44	7021275577	7021826317	550740	358.47	326.62	62	17	-1	10.02	10.02
Fixation L	1	45	7021834563	7021918070	83507	410.22	326.20	31	6	-1	9.66	9.66
Fixation R	1	45	7021834563	7021918070	83507	410.22	326.20	31	6	-1	10.06	10.06
Fixation L	1	46	7021926437	7022009813	83376	529.08	326.47	41	4	-1	9.90	9.90
Fixation R	1	46	7021926437	7022009813	83376	529.08	326.47	41	4	-1	10.08	10.08
Fixation L	1	47	7022018191	7022343683	325492	639.15	319.49	60	12	-1	9.92	9.92
Fixation R	1	47	7022018191	7022343683	325492	639.15	319.49	60	12	-1	10.24	10.24
Fixation L	1	48	7022351931	7022727427	375496	775.97	319.37	62	17	-1	9.66	9.66
Fixation R	1	48	7022351931	7022727427	375496	775.97	319.37	62	17	-1	10.11	10.11
Fixation L	1	49	7022735804	7022961173	225369	901.14	312.78	64	8	-1	9.65	9.65
Fixation R	1	49	7022735804	7022961173	225369	901.14	312.78	64	8	-1	9.96	9.96
Fixation L	1	50	7023011174	7023445167	433993	127.92	397.74	42	41	-1	9.67	9.67
Fixation R	1	50	7023011174	7023445167	433993	127.92	397.74	42	41	-1	9.94	9.94
Fixation L	1	51	7023453416	7023887406	433990	229.23	394.52	68	25	-1	9.82	9.82
Fixation R	1	51	7023453416	7023887406	433990	229.23	394.52	68	25	-1	9.95	9.95
Fixation L	1	52	7023904033	7024104278	200245	413.73	388.22	22	13	-1	9.88	9.88
Fixation R	1	52	7023904033	7024104278	200245	413.73	388.22	22	13	-1	10.23	10.23
Fixation L	1	53	7024112654	7024304525	191871	497.28	382.61	22	18	-1	10.03	10.03
Fixation R	1	53	7024112654	7024304525	191871	497.28	382.61	22	18	-1	10.23	10.23
Fixation L	1	54	7024312901	7024821900	508999	612.03	388.70	67	27	-1	9.81	9.81
Fixation R	1	54	7024312901	7024821900	508999	612.03	388.70	67	27	-1	10.28	10.28
Fixation L	1	55	7024830269	7025038889	208620	792.07	390.60	63	14	-1	9.68	9.68
Fixation R	1	55	7024830269	7025038889	208620	792.07	390.60	63	14	-1	10.22	10.22
Fixation L	1	56	7025047267	7025264260	216993	888.57	381.98	24	9	-1	9.65	9.65
Fixation R	1	56	7025047267	7025264260	216993	888.57	381.98	24	9	-1	10.02	10.02
Fixation L	1	57	7025314260	7025723134	408874	115.78	461.23	67	31	-1	9.67	9.67
Fixation R	1	57	7025314260	7025723134	408874	115.78	461.23	67	31	-1	9.89	9.89
Fixation L	1	58	7025815003	7025998503	183500	219.73	450.80	34	24	-1	9.81	9.81
Fixation R	1	58	7025815003	7025998503	183500	219.73	450.80	34	24	-1	9.85	9.85
Fixation L	1	59	7026006877	7026290619	283742	372.47	446.95	32	17	-1	9.86	9.86
Fixation R	1	59	7026006877	7026290619	283742	372.47	446.95	32	17	-1	10.14	10.14
Fixation L	1	60	7026298875	7026465866	166991	491.99	460.80	53	21	-1	9.80	9.80
Fixation L	1	61	7026474125	7026716113	241988	637.57	456.78	40	17	-1	9.69	9.69
Fixation R	1	60	7026474125	7026716113	241988	637.57	456.78	40	17	-1	10.03	10.03
Fixation L	1	62	7026724493	7027008237	283744	779.55	440.97	84	13	-1	9.63	9.63
Fixation R	1	61	7026724493	7027008237	283744	779.55	440.97	84	13	-1	10.05	10.05
Fixation L	1	63	7027058234	7027266855	208621	131.74	508.11	61	23	-1	9.55	9.55
Fixation R	1	62	7027058234	7027266855	208621	131.74	508.11	61	23	-1	9.82	9.82
Fixation L	1	64	7027275238	7027450481	175243	100.20	520.75	78	11	-1	9.67	9.67
Fixation R	1	63	7027275238	7027450481	175243	100.20	520.75	78	11	-1	9.87	9.87
Fixation L	1	65	7027458854	7027583979	125125	199.96	478.21	68	28	-1	9.47	9.47
Fixation R	1	64	7027458854	7027583979	125125	199.96	478.21	68	28	-1	9.60	9.60
Fixation L	1	66	7027592351	7027767599	175248	245.06	496.50	23	12	-1	9.68	9.68
Fixation R	1	65	7027592351	7027767599	175248	245.06	496.50	23	12	-1	9.70	9.70
Fixation L	1	67	7027775981	7027951099	175118	366.89	504.19	43	13	-1	9.79	9.79
Fixation R	1	66	7027775981	7027951099	175118	366.89	504.19	43	13	-1	10.07	10.07
Fixation L	1	68	7027959469	7028184845	225376	496.02	517.72	62	22	-1	9.91	9.91
Fixation L	1	69	7028193093	7028468463	275370	654.43	512.66	87	12	-1	9.79	9.79
Fixation R	1	67	7028193093	7028468463	275370	654.43	512.66	87	12	-1	10.23	10.23
Fixation L	1	70	7028476843	7028810587	333744	540.61	518.68	85	14	-1	9.81	9.81
Fixation R	1	68	7028476843	7028810587	333744	540.61	518.68	85	14	-1	10.31	10.31
Fixation L	1	71	7028927464	7029111082	183618	832.72	508.57	42	51	-1	9.81	9.81
Fixation R	1	69	7028952457	7029111082	158625	831.15	503.89	42	39	-1	9.71	9.71
Fixation L	1	72	7029386452	7029469821	83369	958.33	492.05	76	18	-1	10.21	10.21
Fixation R	1	70	7029386452	7029469821	83369	958.33	492.05	76	18	-1	10.33	10.33
Fixation L	1	73	7029478204	7030254189	775985	907.87	489.11	71	23	-1	9.76	9.76
Fixation R	1	71	7029478204	7030254189	775985	907.87	489.11	71	23	-1	10.16	10.16
Fixation L	1	74	7030262559	7030537932	275373	791.02	495.26	43	9	-1	9.85	9.85
Fixation R	1	72	7030262559	7030537932	275373	791.02	495.26	43	9	-1	10.18	10.18
Fixation L	1	75	7030546304	7030779931	233627	943.69	502.03	27	10	-1	9.72	9.72
Fixation R	1	73	7030546304	7030779931	233627	943.69	502.03	27	10	-1	10.16	10.16
Fixation L	1	76	7030838304	7030980179	141875	135.54	564.28	53	42	-1	9.93	9.93
Fixation R	1	74	7030838304	7030980179	141875	135.54	564.28	53	42	-1	9.86	9.86
Fixation L	1	77	7030988548	7031180426	191878	78.37	576.40	60	15	-1	9.91	9.91
Fixation R	1	75	7030988548	7031180426	191878	78.37	576.40	60	15	-1	9.98	9.98
Fixation L	1	78	7031188797	7031355672	166875	187.80	561.65	20	17	-1	9.92	9.92
Fixation R	1	76	7031188797	7031355672	166875	187.80	561.65	20	17	-1	9.87	9.87
Fixation L	1	79	7031364044	7031656168	292124	319.61	546.45	37	12	-1	9.61	9.61
Fixation R	1	77	7031364044	7031656168	292124	319.61	546.45	37	12	-1	9.96	9.96
Fixation L	1	80	7031664414	7031914787	250373	467.88	545.71	31	8	-1	9.66	9.66
Fixation R	1	78	7031664414	7031914787	250373	467.88	545.71	31	8	-1	10.40	10.40
Fixation L	1	81	7031923165	7032056662	133497	313.49	543.97	45	3	-1	9.61	9.61
Fixation R	1	79	7031923165	7032056662	133497	313.49	543.97	45	3	-1	9.82	9.82
Fixation L	1	82	7032065031	7032315280	250249	179.97	548.32	86	5	-1	9.43	9.43
Fixation R	1	80	7032065031	7032315280	250249	179.97	548.32	86	5	-1	9.71	9.71
Fixation L	1	83	7032323653	7032457156	133503	141.32	562.51	15	14	-1	9.83	9.83
Fixation R	1	81	7032323653	7032457156	133503	141.32	562.51	15	14	-1	9.89	9.89
Fixation L	1	84	7032465525	7032549027	83502	298.39	543.44	57	26	-1	9.65	9.65
Fixation R	1	82	7032465525	7032549027	83502	298.39	543.44	57	26	-1	10.00	10.00
Fixation L	1	85	7032565651	7032749273	183622	480.42	542.10	54	8	-1	10.08	10.08
Fixation L	1	86	7032765900	7033158144	392244	683.77	554.44	70	17	-1	10.26	10.26
Fixation R	1	83	7032765900	7033158144	392244	683.77	554.44	70	17	-1	10.68	10.68
Fixation L	1	87	7033166517	7033466887	300370	829.82	557.50	82	8	-1	9.97	9.97
Fixation R	1	84	7033166517	7033466887	300370	829.82	557.50	82	8	-1	10.53	10.53
Fixation L	1	88	7033475262	7033617135	141873	957.09	563.44	52	10	-1	10.02	10.02
Fixation R	1	85	7033475262	7033617135	141873	957.09	563.44	52	10	-1	10.33	10.33
Fixation L	1	89	7033675509	7033892504	216995	152.64	629.31	45	41	-1	9.92	9.92
Fixation R	1	86	7033675509	7033892504	216995	152.64	629.31	45	41	-1	9.99	9.99
Fixation L	1	90	7033909137	7034126127	216990	355.96	604.72	40	27	-1	10.08	10.08
Fixation R	1	87	7033909137	7034126127	216990	355.96	604.72	40	27	-1	10.37	10.37
Fixation L	1	91	7034134507	7034301377	166870	501.62	597.81	26	10	-1	10.12	10.12
Fixation R	1	88	7034134507	7034301377	166870	501.62	597.81	26	10	-1	10.77	10.77
Fixation L	1	92	7034510001	7034776992	266991	675.42	590.73	35	62	-1	10.15	10.15
Fixation R	1	89	7034510001	7034776992	266991	675.42	590.73	35	62	-1	10.55	10.55
Fixation L	1	93	7034785372	7034868740	83368	664.77	612.63	28	14	-1	10.09	10.09
Fixation R	1	90	7034785372	7034868740	83368	664.77	612.63	28	14	-1	10.24	10.24
Fixation L	1	94	7034877117	7035210866	333749	843.59	611.18	69	15	-1	9.46	9.46
Fixation R	1	91	7034877117	7035210866	333749	843.59	611.18	69	15	-1	10.14	10.14
Fixation L	1	95	7035219236	7035377734	158498	939.82	612.49	29	5	-1	9.56	9.56
Fixation R	1	92	7035219236	7035377734	158498	939.82	612.49	29	5	-1	10.08	10.08
Fixation L	1	96	7035436237	7035744977	308740	102.79	682.49	30	31	-1	9.83	9.83
Fixation R	1	93	7035436237	7035744977	308740	102.79	682.49	30	31	-1	10.13	10.13
Fixation L	1	97	7035753227	7035953598	200371	303.19	658.84	57	29	-1	10.40	10.40
Fixation R	1	94	7035753227	7035953598	200371	303.19	658.84	57	29	-1	9.86	9.86
Fixation L	1	98	7035970225	7036137103	166878	493.44	665.82	31	12	-1	10.19	10.19
Fixation R	1	95	7035970225	7036137103	166878	493.44	665.82	31	12	-1	10.99	10.99
Fixation L	1	99	7036153847	7036329096	175249	742.96	676.47	72	16	-1	10.14	10.14
Fixation R	1	96	7036153847	7036329096	175249	742.96	676.47	72	16	-1	10.56	10.56
Fixation L	1	100	7036337348	7036579341	241993	837.98	685.19	51	5	-1	9.86	9.86
Fixation R	1	97	7036337348	7036579341	241993	837.98	685.19	51	5	-1	10.37	10.37
Fixation L	1	101	7036654462	7036829722	175260	206.46	55.81	49	16	-1	9.62	9.62
Fixation R	1	98	7036654462	7036829722	175260	206.46	55.81	49	16	-1	10.06	10.06

