[BeGaze]
Converted from:	C:\Program Files\SMI\Experiment Suite 360\Experiment Center 2\Results\Readability_First_01\P02-eye_data.idf
Date:	02.08.2013 11:27:27
Version:	BeGaze 3.2.28
Sample Rate:	120
Subject:	P02
Description:	Run2

Table Header for Fixations:
Event Type	Trial	Number	Start	End	Duration	Location X	Location Y	Dispersion X	Dispersion Y	Plane	Avg. Pupil Size X	Avg. Pupil Size Y


Fixation L	1	1	5941541966	5942034309	492343	138.58	44.96	66	16	-1	10.14	10.14
Fixation R	1	1	5941541966	5942034309	492343	138.58	44.96	66	16	-1	10.53	10.53
Fixation L	1	2	5942042682	5942217929	175247	204.08	36.27	65	28	-1	9.42	9.42
Fixation R	1	2	5942042682	5942217929	175247	204.08	36.27	65	28	-1	9.68	9.68
Fixation L	1	3	5942226176	5942401426	175250	295.13	27.98	18	13	-1	9.62	9.62
Fixation R	1	3	5942226176	5942401426	175250	295.13	27.98	18	13	-1	9.80	9.80
Fixation L	1	4	5942409802	5942685174	275372	426.96	22.93	40	50	-1	9.73	9.73
Fixation R	1	4	5942409802	5942685174	275372	426.96	22.93	40	50	-1	9.93	9.93
Fixation L	1	5	5942693546	5942952163	258617	585.69	25.54	28	20	-1	9.82	9.82
Fixation R	1	5	5942693546	5942952163	258617	585.69	25.54	28	20	-1	9.96	9.96
Fixation L	1	6	5942960539	5943160787	200248	705.64	17.10	46	21	-1	9.83	9.83
Fixation R	1	6	5942960539	5943160787	200248	705.64	17.10	46	21	-1	10.04	10.04
Fixation L	1	7	5943169159	5943336044	166885	797.00	22.13	84	4	-1	9.86	9.86
Fixation R	1	7	5943169159	5943336044	166885	797.00	22.13	84	4	-1	9.97	9.97
Fixation L	1	8	5943344413	5943527904	183491	907.64	26.50	65	19	-1	9.78	9.78
Fixation R	1	8	5943344413	5943527904	183491	907.64	26.50	65	19	-1	9.98	9.98
Fixation L	1	9	5943569661	5943728284	158623	285.67	68.25	59	29	-1	9.82	9.82
Fixation R	1	9	5943569661	5943728284	158623	285.67	68.25	59	29	-1	10.35	10.35
Fixation L	1	10	5943736533	5943895152	158619	227.55	43.25	36	23	-1	9.90	9.90
Fixation R	1	10	5943736533	5943895152	158619	227.55	43.25	36	23	-1	10.33	10.33
Fixation L	1	11	5943903529	5944078648	175119	104.64	93.15	30	31	-1	9.96	9.96
Fixation R	1	11	5943903529	5944078648	175119	104.64	93.15	30	31	-1	10.26	10.26
Fixation L	1	12	5944087028	5944279022	191994	176.63	90.47	30	15	-1	9.99	9.99
Fixation R	1	12	5944087028	5944279022	191994	176.63	90.47	30	15	-1	10.25	10.25
Fixation L	1	13	5944287273	5944504269	216996	369.76	76.23	43	18	-1	10.11	10.11
Fixation R	1	13	5944287273	5944504269	216996	369.76	76.23	43	18	-1	10.15	10.15
Fixation L	1	14	5944512646	5944763015	250369	520.20	59.62	70	21	-1	10.01	10.01
Fixation R	1	14	5944512646	5944763015	250369	520.20	59.62	70	21	-1	10.18	10.18
Fixation L	1	15	5944771262	5945138512	367250	732.39	79.23	76	21	-1	9.84	9.84
Fixation R	1	15	5944771262	5945138512	367250	732.39	79.23	76	21	-1	9.95	9.95
Fixation L	1	16	5945146758	5945297006	150248	835.68	65.37	66	12	-1	9.87	9.87
Fixation R	1	16	5945146758	5945297006	150248	835.68	65.37	66	12	-1	10.02	10.02
Fixation L	1	17	5945347129	5945597376	250247	116.51	148.14	34	46	-1	9.67	9.67
Fixation R	1	17	5945347129	5945597376	250247	116.51	148.14	34	46	-1	10.20	10.20
Fixation L	1	18	5945605754	5945847753	241999	212.47	143.50	51	27	-1	9.87	9.87
Fixation R	1	18	5945605754	5945847753	241999	212.47	143.50	51	27	-1	10.24	10.24
Fixation L	1	19	5945856127	5945981245	125118	350.95	130.75	84	13	-1	9.98	9.98
Fixation R	1	19	5945856127	5945981245	125118	350.95	130.75	84	13	-1	10.17	10.17
Fixation L	1	20	5945989624	5946131493	141869	367.17	151.98	79	16	-1	10.00	10.00
Fixation R	1	20	5945989624	5946131493	141869	367.17	151.98	79	16	-1	10.18	10.18
Fixation L	1	21	5946139745	5946356739	216994	527.01	138.20	51	29	-1	9.94	9.94
Fixation R	1	21	5946139745	5946356739	216994	527.01	138.20	51	29	-1	10.09	10.09
Fixation L	1	22	5946365116	5946615364	250248	658.80	134.40	32	24	-1	9.66	9.66
Fixation R	1	22	5946365116	5946615364	250248	658.80	134.40	32	24	-1	9.99	9.99
Fixation L	1	23	5946623736	5946890735	266999	781.84	131.98	56	23	-1	9.69	9.69
Fixation R	1	23	5946623736	5946890735	266999	781.84	131.98	56	23	-1	10.01	10.01
Fixation L	1	24	5946899109	5947107735	208626	927.96	128.57	59	26	-1	9.60	9.60
Fixation R	1	24	5946899109	5947107735	208626	927.96	128.57	59	26	-1	9.84	9.84
Fixation L	1	25	5947157851	5947316352	158501	160.43	187.53	67	17	-1	9.44	9.44
Fixation R	1	25	5947157851	5947316352	158501	160.43	187.53	67	17	-1	10.18	10.18
Fixation L	1	26	5947324726	5947483221	158495	90.47	192.99	49	18	-1	9.44	9.44
Fixation R	1	26	5947324726	5947483221	158495	90.47	192.99	49	18	-1	9.89	9.89
Fixation L	1	27	5947499973	5947758595	258622	302.95	194.59	42	9	-1	9.67	9.67
Fixation R	1	27	5947499973	5947758595	258622	302.95	194.59	42	9	-1	9.91	9.91
Fixation L	1	28	5947766971	5948092465	325494	446.26	192.92	42	23	-1	9.48	9.48
Fixation R	1	28	5947766971	5948092465	325494	446.26	192.92	42	23	-1	9.81	9.81
Fixation L	1	29	5948100714	5948259332	158618	606.64	194.69	52	17	-1	9.30	9.30
Fixation R	1	29	5948100714	5948259332	158618	606.64	194.69	52	17	-1	9.77	9.77
Fixation L	1	30	5948401206	5948517960	116754	741.98	204.10	63	7	-1	9.65	9.65
Fixation R	1	30	5948401206	5948517960	116754	741.98	204.10	63	7	-1	9.98	9.98
Fixation L	1	31	5948526328	5948768327	241999	843.04	216.08	44	21	-1	9.60	9.60
Fixation R	1	31	5948526328	5948768327	241999	843.04	216.08	44	21	-1	9.99	9.99
Fixation L	1	32	5948818453	5949077072	258619	102.41	289.02	42	50	-1	9.42	9.42
Fixation R	1	32	5948818453	5949077072	258619	102.41	289.02	42	50	-1	9.89	9.89
Fixation L	1	33	5949085446	5949360818	275372	231.31	268.13	26	34	-1	9.78	9.78
Fixation R	1	33	5949085446	5949360818	275372	231.31	268.13	26	34	-1	10.03	10.03
Fixation L	1	34	5949377442	5949903183	525741	434.01	260.27	70	28	-1	9.57	9.57
Fixation R	1	34	5949377442	5949903183	525741	434.01	260.27	70	28	-1	10.01	10.01
Fixation L	1	35	5949911561	5950103432	191871	463.53	279.92	34	11	-1	9.51	9.51
Fixation R	1	35	5949911561	5950103432	191871	463.53	279.92	34	11	-1	9.96	9.96
Fixation L	1	36	5950111809	5950387174	275365	372.27	280.75	23	16	-1	9.56	9.56
Fixation R	1	36	5950111809	5950387174	275365	372.27	280.75	23	16	-1	9.93	9.93
Fixation L	1	37	5950395558	5950562423	166865	550.02	257.12	74	21	-1	9.51	9.51
Fixation R	1	37	5950395558	5950562423	166865	550.02	257.12	74	21	-1	9.75	9.75
Fixation L	1	38	5950570803	5950862795	291992	689.06	249.19	60	22	-1	9.46	9.46
Fixation R	1	38	5950570803	5950862795	291992	689.06	249.19	60	22	-1	9.90	9.90
Fixation L	1	39	5950871175	5951054798	183623	782.86	261.12	53	19	-1	9.37	9.37
Fixation R	1	39	5950871175	5951054798	183623	782.86	261.12	53	19	-1	9.93	9.93
Fixation L	1	40	5951063039	5951413540	350501	592.80	260.03	62	20	-1	9.48	9.48
Fixation R	1	40	5951063039	5951413540	350501	592.80	260.03	62	20	-1	10.00	10.00
Fixation L	1	41	5951421914	5951889153	467239	711.08	270.95	91	7	-1	9.56	9.56
Fixation R	1	41	5951421914	5951889153	467239	711.08	270.95	91	7	-1	10.01	10.01
Fixation L	1	42	5951897534	5952022654	125120	750.81	260.94	9	10	-1	9.56	9.56
Fixation R	1	42	5951897534	5952022654	125120	750.81	260.94	9	10	-1	10.05	10.05
Fixation L	1	43	5952039404	5952314780	275376	930.53	253.55	44	10	-1	9.62	9.62
Fixation R	1	43	5952039404	5952314780	275376	930.53	253.55	44	10	-1	9.96	9.96
Fixation L	1	44	5952381520	5952615149	233629	134.94	340.10	57	38	-1	9.67	9.67
Fixation R	1	44	5952381520	5952615149	233629	134.94	340.10	57	38	-1	10.09	10.09
Fixation L	1	45	5952623521	5952706896	83375	99.32	346.13	14	2	-1	9.71	9.71
Fixation R	1	45	5952623521	5952706896	83375	99.32	346.13	14	2	-1	9.94	9.94
Fixation L	1	46	5952715267	5952965638	250371	259.62	326.90	15	29	-1	9.79	9.79
Fixation R	1	46	5952715267	5952965638	250371	259.62	326.90	15	29	-1	10.03	10.03
Fixation L	1	47	5952974014	5953107510	133496	453.14	330.05	86	12	-1	9.84	9.84
Fixation R	1	47	5952974014	5953107510	133496	453.14	330.05	86	12	-1	10.30	10.30
Fixation L	1	48	5953149266	5953349512	200246	596.15	335.83	14	14	-1	9.75	9.75
Fixation R	1	48	5953149266	5953349512	200246	596.15	335.83	14	14	-1	10.12	10.12
Fixation L	1	49	5953357881	5953541378	183497	775.28	322.27	64	34	-1	9.68	9.68
Fixation R	1	49	5953357881	5953541378	183497	775.28	322.27	64	34	-1	10.03	10.03
Fixation L	1	50	5953549758	5953674879	125121	793.93	308.40	35	8	-1	9.53	9.53
Fixation R	1	50	5953549758	5953674879	125121	793.93	308.40	35	8	-1	9.98	9.98
Fixation L	1	51	5953716629	5953883498	166869	137.55	367.45	48	43	-1	9.48	9.48
Fixation R	1	51	5953716629	5953883498	166869	137.55	367.45	48	43	-1	9.91	9.91
Fixation L	1	52	5953891873	5954175624	283751	92.37	393.79	26	20	-1	9.57	9.57
Fixation R	1	52	5953891873	5954175624	283751	92.37	393.79	26	20	-1	9.88	9.88
Fixation L	1	53	5954183996	5954509365	325369	242.18	391.37	59	13	-1	9.59	9.59
Fixation R	1	53	5954183996	5954509365	325369	242.18	391.37	59	13	-1	9.88	9.88
Fixation L	1	54	5954517742	5954784739	266997	387.22	385.77	82	15	-1	9.71	9.71
Fixation R	1	54	5954517742	5954784739	266997	387.22	385.77	82	15	-1	10.17	10.17
Fixation L	1	55	5955001735	5955118481	116746	526.71	356.10	72	25	-1	9.52	9.52
Fixation R	1	55	5955001735	5955118481	116746	526.71	356.10	72	25	-1	9.33	9.33
Fixation L	1	56	5955126861	5955569097	442236	438.61	375.46	53	9	-1	9.70	9.70
Fixation R	1	56	5955126861	5955569097	442236	438.61	375.46	53	9	-1	10.17	10.17
Fixation L	1	57	5955577478	5955769343	191865	537.40	382.38	26	10	-1	9.55	9.55
Fixation R	1	57	5955577478	5955769343	191865	537.40	382.38	26	10	-1	10.12	10.12
Fixation L	1	58	5955777724	5955969718	191994	676.68	389.72	39	9	-1	9.64	9.64
Fixation R	1	58	5955777724	5955969718	191994	676.68	389.72	39	9	-1	10.26	10.26
Fixation L	1	59	5955977971	5956236711	258740	820.57	386.23	45	16	-1	9.55	9.55
Fixation R	1	59	5955977971	5956236711	258740	820.57	386.23	45	16	-1	9.95	9.95
Fixation L	1	60	5956245093	5956453588	208495	924.40	382.42	24	5	-1	9.53	9.53
Fixation R	1	60	5956245093	5956453588	208495	924.40	382.42	24	5	-1	9.92	9.92
Fixation L	1	61	5956512088	5956795828	283740	121.67	431.11	59	39	-1	9.57	9.57
Fixation R	1	61	5956512088	5956795828	283740	121.67	431.11	59	39	-1	9.98	9.98
Fixation L	1	62	5956804084	5956920956	116872	79.74	431.48	18	22	-1	9.69	9.69
Fixation R	1	62	5956804084	5956920956	116872	79.74	431.48	18	22	-1	9.93	9.93
Fixation L	1	63	5956937578	5957354823	417245	282.22	434.89	52	18	-1	9.83	9.83
Fixation R	1	63	5956937578	5957354823	417245	282.22	434.89	52	18	-1	10.08	10.08
Fixation L	1	64	5957363195	5957546822	183627	472.23	440.90	82	15	-1	9.93	9.93
Fixation R	1	64	5957363195	5957546822	183627	472.23	440.90	82	15	-1	10.37	10.37
Fixation L	1	65	5957555071	5957964063	408992	363.52	444.89	55	9	-1	9.88	9.88
Fixation R	1	65	5957555071	5957964063	408992	363.52	444.89	55	9	-1	10.31	10.31
Fixation L	1	66	5957972312	5958080817	108505	456.17	439.87	26	6	-1	9.92	9.92
Fixation R	1	66	5957972312	5958080817	108505	456.17	439.87	26	6	-1	10.45	10.45
Fixation L	1	67	5958414559	5958498056	83497	653.97	428.99	70	25	-1	10.09	10.09
Fixation R	1	67	5958414559	5958498056	83497	653.97	428.99	70	25	-1	10.67	10.67
Fixation L	1	68	5958581560	5958790052	208492	829.73	438.01	53	5	-1	9.79	9.79
Fixation R	1	68	5958581560	5958790052	208492	829.73	438.01	53	5	-1	10.27	10.27
Fixation L	1	69	5958798426	5959015423	216997	904.19	439.94	53	8	-1	9.54	9.54
Fixation R	1	69	5958798426	5959015423	216997	904.19	439.94	53	8	-1	10.09	10.09
Fixation L	1	70	5959065422	5959324166	258744	113.66	486.98	57	38	-1	9.53	9.53
Fixation R	1	70	5959065422	5959324166	258744	113.66	486.98	57	38	-1	9.77	9.77
Fixation L	1	71	5959332550	5959424296	91746	83.12	503.63	5	4	-1	9.51	9.51
Fixation R	1	71	5959332550	5959424296	91746	83.12	503.63	5	4	-1	9.78	9.78
Fixation L	1	72	5959432673	5959708038	275365	224.73	489.03	52	14	-1	9.81	9.81
Fixation R	1	72	5959432673	5959708038	275365	224.73	489.03	52	14	-1	9.84	9.84
Fixation L	1	73	5959716409	5960075154	358745	320.24	494.46	74	7	-1	9.73	9.73
Fixation R	1	73	5959716409	5960075154	358745	320.24	494.46	74	7	-1	10.09	10.09
Fixation L	1	74	5960083534	5960417277	333743	465.12	496.92	26	6	-1	9.83	9.83
Fixation R	1	74	5960083534	5960417277	333743	465.12	496.92	26	6	-1	10.36	10.36
Fixation L	1	75	5960425651	5960784400	358749	615.27	501.27	81	11	-1	9.84	9.84
Fixation R	1	75	5960425651	5960784400	358749	615.27	501.27	81	11	-1	10.40	10.40
Fixation L	1	76	5960801147	5961068142	266995	785.56	488.17	79	19	-1	9.76	9.76
Fixation R	1	76	5960801147	5961068142	266995	785.56	488.17	79	19	-1	10.20	10.20
Fixation L	1	77	5961076516	5961276764	200248	834.19	497.56	55	4	-1	9.69	9.69
Fixation R	1	77	5961076516	5961276764	200248	834.19	497.56	55	4	-1	10.11	10.11
Fixation L	1	78	5961326886	5961669003	342117	116.96	556.09	59	39	-1	9.51	9.51
Fixation R	1	78	5961326886	5961669003	342117	116.96	556.09	59	39	-1	10.02	10.02
Fixation L	1	79	5961677378	5961769132	91754	97.52	572.98	38	3	-1	9.78	9.78
Fixation R	1	79	5961677378	5961769132	91754	97.52	572.98	38	3	-1	10.13	10.13
Fixation L	1	80	5961777503	5961944383	166880	295.36	556.58	27	14	-1	9.89	9.89
Fixation R	1	80	5961777503	5961944383	166880	295.36	556.58	27	14	-1	10.15	10.15
Fixation L	1	81	5961952625	5962469992	517367	399.28	560.48	35	12	-1	9.94	9.94
Fixation R	1	81	5961952625	5962469992	517367	399.28	560.48	35	12	-1	10.51	10.51
Fixation L	1	82	5962478369	5962979110	500741	486.84	555.39	77	21	-1	9.88	9.88
Fixation R	1	82	5962511747	5962979110	467363	484.20	554.86	61	20	-1	10.44	10.44
Fixation L	1	83	5962987366	5963204363	216997	613.90	550.55	79	19	-1	9.94	9.94
Fixation R	1	83	5962987366	5963204363	216997	613.90	550.55	79	19	-1	10.39	10.39
Fixation L	1	84	5963212736	5963521475	308739	672.24	556.68	15	24	-1	9.90	9.90
Fixation R	1	84	5963212736	5963521475	308739	672.24	556.68	15	24	-1	10.33	10.33
Fixation L	1	85	5963529851	5963738483	208632	795.01	560.39	54	17	-1	9.59	9.59
Fixation R	1	85	5963529851	5963738483	208632	795.01	560.39	54	17	-1	10.04	10.04
Fixation L	1	86	5963746724	5963930348	183624	916.95	550.92	15	8	-1	9.50	9.50
Fixation R	1	86	5963746724	5963930348	183624	916.95	550.92	15	8	-1	10.01	10.01
Fixation L	1	87	5963988724	5964305840	317116	93.38	613.29	25	21	-1	9.63	9.63
Fixation R	1	87	5963988724	5964305840	317116	93.38	613.29	25	21	-1	9.88	9.88
Fixation L	1	88	5964314218	5964723084	408866	253.70	614.64	36	14	-1	9.96	9.96
Fixation R	1	88	5964314218	5964723084	408866	253.70	614.64	36	14	-1	9.95	9.95
Fixation L	1	89	5964731463	5965090209	358746	396.21	619.57	73	12	-1	10.00	10.00
Fixation R	1	89	5964731463	5965090209	358746	396.21	619.57	73	12	-1	10.59	10.59
Fixation L	1	90	5965098576	5965290454	191878	232.08	624.25	66	16	-1	9.97	9.97
Fixation R	1	90	5965098576	5965290454	191878	232.08	624.25	66	16	-1	9.89	9.89
Fixation L	1	91	5965298824	5965390579	91755	148.27	619.46	65	11	-1	9.78	9.78
Fixation R	1	91	5965298824	5965390579	91755	148.27	619.46	65	11	-1	9.84	9.84
Fixation L	1	92	5965415702	5965741076	325374	554.26	623.40	54	14	-1	10.32	10.32
Fixation R	1	92	5965415702	5965741076	325374	554.26	623.40	54	14	-1	10.80	10.80
Fixation L	1	93	5965749448	5966049814	300366	708.25	619.34	29	12	-1	10.03	10.03
Fixation R	1	93	5965749448	5966049814	300366	708.25	619.34	29	12	-1	10.57	10.57
Fixation L	1	94	5966058187	5966225063	166876	783.33	612.09	8	9	-1	9.79	9.79
Fixation R	1	94	5966058187	5966225063	166876	783.33	612.09	8	9	-1	10.31	10.31
Fixation L	1	95	5966233439	5966450437	216998	921.54	623.01	68	9	-1	9.67	9.67
Fixation R	1	95	5966233439	5966450437	216998	921.54	623.01	68	9	-1	10.30	10.30
Fixation L	1	96	5966508809	5966850928	342119	100.69	680.10	37	33	-1	9.91	9.91
Fixation R	1	96	5966508809	5966850928	342119	100.69	680.10	37	33	-1	9.99	9.99
Fixation L	1	97	5966859303	5967084551	225248	200.38	685.58	29	15	-1	10.44	10.44
Fixation R	1	97	5966859303	5967084551	225248	200.38	685.58	29	15	-1	10.05	10.05
Fixation L	1	98	5967092929	5967359921	266992	364.14	689.09	38	19	-1	10.67	10.67
Fixation R	1	98	5967092929	5967359921	266992	364.14	689.09	38	19	-1	10.96	10.96
Fixation L	1	99	5967368301	5967601915	233614	560.65	685.79	80	15	-1	10.74	10.74
Fixation R	1	99	5967368301	5967601915	233614	560.65	685.79	80	15	-1	11.33	11.33
Fixation L	1	100	5967693794	5967935660	241866	887.46	676.90	81	17	-1	10.21	10.21
Fixation R	1	100	5967693794	5967935660	241866	887.46	676.90	81	17	-1	10.78	10.78
Fixation L	1	101	5967944044	5968027537	83493	936.11	692.62	12	7	-1	10.31	10.31
Fixation R	1	101	5967944044	5968027537	83493	936.11	692.62	12	7	-1	10.75	10.75
Fixation L	1	102	5968161032	5968244414	83382	170.09	-29.76	41	53	-1	8.54	8.54
Fixation R	1	102	5968161032	5968244414	83382	170.09	-29.76	41	53	-1	10.78	10.78

