[BeGaze]
Converted from:	C:\Program Files\SMI\Experiment Suite 360\Experiment Center 2\Results\Readability_First_01\P02-eye_data.idf
Date:	02.08.2013 11:27:27
Version:	BeGaze 3.2.28
Sample Rate:	120
Subject:	P02
Description:	Run2

Table Header for Fixations:
Event Type	Trial	Number	Start	End	Duration	Location X	Location Y	Dispersion X	Dispersion Y	Plane	Avg. Pupil Size X	Avg. Pupil Size Y


Fixation L	1	1	6164824960	6165000176	175216	224.20	48.26	7	6	-1	9.83	9.83
Fixation R	1	1	6164824960	6165000176	175216	224.20	48.26	7	6	-1	10.22	10.22
Fixation L	1	2	6165008556	6165225422	216866	95.15	43.46	31	16	-1	9.66	9.66
Fixation R	1	2	6165008556	6165225422	216866	95.15	43.46	31	16	-1	9.98	9.98
Fixation L	1	3	6165233800	6165409051	175251	285.08	44.87	52	24	-1	9.76	9.76
Fixation R	1	3	6165233800	6165409051	175251	285.08	44.87	52	24	-1	9.87	9.87
Fixation L	1	4	6165417420	6165592664	175244	403.76	36.37	57	28	-1	9.85	9.85
Fixation R	1	4	6165417420	6165592664	175244	403.76	36.37	57	28	-1	9.86	9.86
Fixation L	1	5	6165601043	6166110037	508994	463.72	42.12	55	19	-1	9.70	9.70
Fixation R	1	5	6165601043	6166110037	508994	463.72	42.12	55	19	-1	9.89	9.89
Fixation L	1	6	6166210162	6166443777	233615	514.02	34.40	49	33	-1	10.02	10.02
Fixation R	1	6	6166210162	6166443777	233615	514.02	34.40	49	33	-1	10.27	10.27
Fixation L	1	7	6166452152	6166694148	241996	627.81	36.94	89	7	-1	10.15	10.15
Fixation R	1	7	6166452152	6166694148	241996	627.81	36.94	89	7	-1	10.36	10.36
Fixation L	1	8	6166710779	6166952772	241993	770.21	30.47	40	7	-1	9.89	9.89
Fixation R	1	8	6166710779	6166952772	241993	770.21	30.47	40	7	-1	10.10	10.10
Fixation L	1	9	6167002897	6167236521	233624	109.05	89.86	27	36	-1	9.87	9.87
Fixation R	1	9	6167002897	6167236521	233624	109.05	89.86	27	36	-1	10.29	10.29
Fixation L	1	10	6167244894	6167595388	350494	192.77	72.35	17	19	-1	10.08	10.08
Fixation R	1	10	6167244894	6167595388	350494	192.77	72.35	17	19	-1	10.36	10.36
Fixation L	1	11	6167603635	6167787261	183626	343.05	68.20	44	24	-1	10.17	10.17
Fixation R	1	11	6167603635	6167787261	183626	343.05	68.20	44	24	-1	10.26	10.26
Fixation L	1	12	6167795636	6167937510	141874	503.66	66.64	63	22	-1	10.19	10.19
Fixation R	1	12	6167795636	6167937510	141874	503.66	66.64	63	22	-1	10.36	10.36
Fixation L	1	13	6168045882	6168212883	167001	534.11	81.93	38	15	-1	10.42	10.42
Fixation R	1	13	6168045882	6168212883	167001	534.11	81.93	38	15	-1	10.42	10.42
Fixation L	1	14	6168221129	6168513253	292124	651.72	90.46	74	4	-1	10.46	10.46
Fixation R	1	14	6168221129	6168513253	292124	651.72	90.46	74	4	-1	10.94	10.94
Fixation L	1	15	6168521622	6169431106	909484	761.17	86.91	71	26	-1	10.15	10.15
Fixation R	1	15	6168521622	6169431106	909484	761.17	86.91	71	26	-1	10.41	10.41
Fixation L	1	16	6169439485	6169564610	125125	832.58	69.83	29	17	-1	10.03	10.03
Fixation R	1	16	6169439485	6169564610	125125	832.58	69.83	29	17	-1	10.17	10.17
Fixation L	1	17	6169614736	6169764858	150122	166.63	150.90	36	44	-1	9.93	9.93
Fixation R	1	17	6169614736	6169764858	150122	166.63	150.90	36	44	-1	10.43	10.43
Fixation L	1	18	6169773227	6169906724	133497	110.84	171.93	45	9	-1	9.87	9.87
Fixation R	1	18	6169773227	6169906724	133497	110.84	171.93	45	9	-1	10.27	10.27
Fixation L	1	19	6170031971	6170148724	116753	157.98	160.06	35	49	-1	9.89	9.89
Fixation R	1	19	6170031971	6170148724	116753	157.98	160.06	35	49	-1	10.26	10.26
Fixation L	1	20	6170157095	6170290600	133505	100.24	170.93	84	15	-1	9.84	9.84
Fixation R	1	20	6170157095	6170290600	133505	100.24	170.93	84	15	-1	10.25	10.25
Fixation L	1	21	6170298969	6170599338	300369	277.92	172.39	57	32	-1	10.10	10.10
Fixation R	1	21	6170298969	6170599338	300369	277.92	172.39	57	32	-1	10.34	10.34
Fixation L	1	22	6170607713	6171200205	592492	425.20	155.16	59	30	-1	9.90	9.90
Fixation R	1	22	6170607713	6171200205	592492	425.20	155.16	59	30	-1	10.12	10.12
Fixation L	1	23	6171208455	6171575700	367245	496.85	143.38	65	12	-1	9.84	9.84
Fixation R	1	23	6171208455	6171575700	367245	496.85	143.38	65	12	-1	10.08	10.08
Fixation L	1	24	6171584073	6171825950	241877	665.08	128.56	48	9	-1	9.87	9.87
Fixation R	1	24	6171584073	6171825950	241877	665.08	128.56	48	9	-1	10.11	10.11
Fixation L	1	25	6171834321	6171942822	108501	806.01	127.36	71	2	-1	9.86	9.86
Fixation R	1	25	6171834321	6171942822	108501	806.01	127.36	71	2	-1	10.17	10.17
Fixation L	1	26	6171951195	6172201566	250371	906.84	121.90	30	16	-1	9.85	9.85
Fixation R	1	26	6171951195	6172201566	250371	906.84	121.90	30	16	-1	9.99	9.99
Fixation L	1	27	6172259941	6172577060	317119	101.51	202.79	52	19	-1	9.76	9.76
Fixation R	1	27	6172259941	6172577060	317119	101.51	202.79	52	19	-1	10.23	10.23
Fixation L	1	28	6172585308	6173052676	467368	259.73	195.50	48	28	-1	9.90	9.90
Fixation R	1	28	6172585308	6173052676	467368	259.73	195.50	48	28	-1	10.14	10.14
Fixation L	1	29	6173061052	6173361420	300368	349.80	195.65	82	11	-1	9.73	9.73
Fixation R	1	29	6173061052	6173361420	300368	349.80	195.65	82	11	-1	9.84	9.84
Fixation L	1	30	6173369803	6173528300	158497	451.13	185.40	59	10	-1	9.64	9.64
Fixation R	1	30	6173369803	6173528300	158497	451.13	185.40	59	10	-1	9.78	9.78
Fixation L	1	31	6173536671	6173686795	150124	545.98	182.39	22	10	-1	9.48	9.48
Fixation R	1	31	6173536671	6173686795	150124	545.98	182.39	22	10	-1	9.61	9.61
Fixation L	1	32	6173695171	6173878792	183621	670.85	168.69	44	17	-1	9.45	9.45
Fixation R	1	32	6173695171	6173878792	183621	670.85	168.69	44	17	-1	9.71	9.71
Fixation L	1	33	6173887163	6174371040	483877	768.86	174.80	54	29	-1	9.45	9.45
Fixation R	1	33	6173887163	6174371040	483877	768.86	174.80	54	29	-1	9.86	9.86
Fixation L	1	34	6174379409	6174621409	242000	877.61	188.77	59	11	-1	9.48	9.48
Fixation R	1	34	6174379409	6174621409	242000	877.61	188.77	59	11	-1	9.89	9.89
Fixation L	1	35	6174688151	6174805025	116874	73.57	235.56	63	31	-1	9.26	9.26
Fixation R	1	35	6174688151	6174805025	116874	73.57	235.56	63	31	-1	9.84	9.84
Fixation L	1	36	6174813400	6175105392	291992	95.72	254.06	17	26	-1	9.58	9.58
Fixation R	1	36	6174813400	6175105392	291992	95.72	254.06	17	26	-1	9.82	9.82
Fixation L	1	37	6175113771	6175289018	175247	247.91	256.30	74	15	-1	9.74	9.74
Fixation R	1	37	6175113771	6175289018	175247	247.91	256.30	74	15	-1	9.96	9.96
Fixation L	1	38	6175297273	6175639513	342240	302.82	251.79	47	17	-1	9.67	9.67
Fixation R	1	38	6175297273	6175639513	342240	302.82	251.79	47	17	-1	9.94	9.94
Fixation L	1	39	6175647766	6176090007	442241	426.35	259.25	72	26	-1	9.53	9.53
Fixation R	1	39	6175647766	6176090007	442241	426.35	259.25	72	26	-1	9.83	9.83
Fixation L	1	40	6176098386	6176290380	191994	368.59	258.82	11	8	-1	9.43	9.43
Fixation R	1	40	6176098386	6176290380	191994	368.59	258.82	11	8	-1	9.85	9.85
Fixation L	1	41	6176307006	6176515624	208618	598.79	244.29	54	17	-1	9.53	9.53
Fixation R	1	41	6176307006	6176515624	208618	598.79	244.29	54	17	-1	9.85	9.85
Fixation L	1	42	6176640748	6176774377	133629	797.44	258.85	91	8	-1	9.52	9.52
Fixation R	1	42	6176657497	6176774377	116880	795.77	258.59	91	7	-1	9.95	9.95
Fixation L	1	43	6176782621	6176932873	150252	695.93	258.75	90	2	-1	9.65	9.65
Fixation R	1	43	6176782621	6176932873	150252	695.93	258.75	90	2	-1	10.15	10.15
Fixation L	1	44	6176941242	6177174871	233629	620.82	255.44	16	9	-1	9.58	9.58
Fixation R	1	44	6176941242	6177174871	233629	620.82	255.44	16	9	-1	10.07	10.07
Fixation L	1	45	6177191498	6177566985	375487	838.73	262.98	24	16	-1	9.51	9.51
Fixation R	1	45	6177191498	6177566985	375487	838.73	262.98	24	16	-1	10.02	10.02
Fixation L	1	46	6177617108	6177783981	166873	150.91	324.26	62	30	-1	9.62	9.62
Fixation R	1	46	6177617108	6177783981	166873	150.91	324.26	62	30	-1	10.13	10.13
Fixation L	1	47	6177792358	6178017602	225244	101.24	342.59	29	13	-1	9.70	9.70
Fixation R	1	47	6177792358	6178017602	225244	101.24	342.59	29	13	-1	10.03	10.03
Fixation L	1	48	6178034356	6178351474	317118	290.58	285.37	26	46	-1	9.98	9.98
Fixation R	1	48	6178034356	6178351474	317118	290.58	285.37	26	46	-1	10.37	10.37
Fixation L	1	49	6178359721	6178476601	116880	188.76	319.34	24	55	-1	10.06	10.06
Fixation R	1	49	6178359721	6178476601	116880	188.76	319.34	24	55	-1	10.40	10.40
Fixation L	1	50	6178635094	6179194208	559114	214.02	308.02	58	27	-1	10.11	10.11
Fixation R	1	50	6178635094	6179194208	559114	214.02	308.02	58	27	-1	10.50	10.50
Fixation L	1	51	6179202589	6179669827	467238	272.33	316.14	65	7	-1	10.08	10.08
Fixation R	1	51	6179202589	6179669827	467238	272.33	316.14	65	7	-1	10.51	10.51
Fixation L	1	52	6179678204	6179920198	241994	427.42	309.92	32	14	-1	9.98	9.98
Fixation R	1	52	6179678204	6179920198	241994	427.42	309.92	32	14	-1	10.49	10.49
Fixation L	1	53	6179928575	6180103824	175249	250.29	328.48	66	13	-1	9.93	9.93
Fixation R	1	53	6179928575	6180103824	175249	250.29	328.48	66	13	-1	10.35	10.35
Fixation L	1	54	6180112070	6180203950	91880	462.08	328.18	72	8	-1	9.79	9.79
Fixation R	1	54	6180112070	6180203950	91880	462.08	328.18	72	8	-1	10.40	10.40
Fixation L	1	55	6180212322	6180320692	108370	561.06	320.81	84	6	-1	9.90	9.90
Fixation R	1	55	6180212322	6180320692	108370	561.06	320.81	84	6	-1	10.44	10.44
Fixation L	1	56	6180329069	6180804691	475622	678.52	314.02	78	10	-1	9.85	9.85
Fixation R	1	56	6180329069	6180804691	475622	678.52	314.02	78	10	-1	10.52	10.52
Fixation L	1	57	6180813060	6180954937	141877	803.30	303.06	56	14	-1	9.61	9.61
Fixation R	1	57	6180813060	6180954937	141877	803.30	303.06	56	14	-1	10.03	10.03
Fixation L	1	58	6181004936	6181272052	267116	115.50	379.30	60	16	-1	9.65	9.65
Fixation R	1	58	6181004936	6181272052	267116	115.50	379.30	60	16	-1	10.08	10.08
Fixation L	1	59	6181280305	6181722668	442363	290.93	382.64	61	7	-1	9.92	9.92
Fixation R	1	59	6181280305	6181722668	442363	290.93	382.64	61	7	-1	10.31	10.31
Fixation L	1	60	6181730924	6181956298	225374	406.24	388.47	67	22	-1	9.89	9.89
Fixation R	1	60	6181730924	6181956298	225374	406.24	388.47	67	22	-1	10.36	10.36
Fixation L	1	61	6181964670	6182198290	233620	498.93	388.76	22	15	-1	9.84	9.84
Fixation R	1	61	6181964670	6182198290	233620	498.93	388.76	22	15	-1	10.40	10.40
Fixation L	1	62	6182206668	6182415161	208493	630.16	382.19	17	12	-1	9.89	9.89
Fixation R	1	62	6182206668	6182415161	208493	630.16	382.19	17	12	-1	10.26	10.26
Fixation L	1	63	6182423535	6182673906	250371	790.63	381.31	60	11	-1	9.67	9.67
Fixation R	1	63	6182423535	6182673906	250371	790.63	381.31	60	11	-1	10.09	10.09
Fixation L	1	64	6182682285	6182857537	175252	906.22	381.12	71	8	-1	9.49	9.49
Fixation R	1	64	6182682285	6182857537	175252	906.22	381.12	71	8	-1	9.88	9.88
Fixation L	1	65	6182907535	6183107780	200245	126.85	451.89	58	27	-1	9.03	9.03
Fixation R	1	65	6182907535	6183283022	375487	123.65	455.40	59	38	-1	9.82	9.82
Fixation L	1	66	6183132898	6183283022	150124	119.82	460.41	11	21	-1	9.47	9.47
Fixation L	1	67	6183308021	6183708642	400621	346.87	437.79	72	16	-1	9.61	9.61
Fixation R	1	66	6183308021	6183708642	400621	346.87	437.79	72	16	-1	10.11	10.11
Fixation L	1	68	6183717020	6184067392	350372	473.53	453.07	41	24	-1	9.64	9.64
Fixation R	1	67	6183717020	6184067392	350372	473.53	453.07	41	24	-1	10.09	10.09
Fixation L	1	69	6184075765	6184159262	83497	631.81	448.68	84	14	-1	9.75	9.75
Fixation R	1	68	6184075765	6184159262	83497	631.81	448.68	84	14	-1	10.30	10.30
Fixation L	1	70	6184167517	6184292761	125244	642.98	442.98	38	4	-1	9.64	9.64
Fixation R	1	69	6184167517	6184292761	125244	642.98	442.98	38	4	-1	10.17	10.17
Fixation L	1	71	6184301131	6184501379	200248	749.44	443.17	20	6	-1	9.54	9.54
Fixation R	1	70	6184301131	6184501379	200248	749.44	443.17	20	6	-1	10.07	10.07
Fixation L	1	72	6184543131	6184634881	91750	118.18	500.78	61	38	-1	9.35	9.35
Fixation R	1	71	6184543131	6184634881	91750	118.18	500.78	61	38	-1	9.80	9.80
Fixation L	1	73	6184643256	6184835122	191866	92.62	505.32	10	10	-1	9.35	9.35
Fixation R	1	72	6184643256	6184835122	191866	92.62	505.32	10	10	-1	9.80	9.80
Fixation L	1	74	6184843502	6185085496	241994	248.84	498.70	41	13	-1	9.67	9.67
Fixation R	1	73	6184843502	6185085496	241994	248.84	498.70	41	13	-1	9.93	9.93
Fixation L	1	75	6185093872	6185402618	308746	444.89	513.19	82	15	-1	9.76	9.76
Fixation R	1	74	6185093872	6185402618	308746	444.89	513.19	82	15	-1	10.47	10.47
Fixation L	1	76	6185410872	6185594489	183617	594.46	512.49	13	7	-1	9.70	9.70
Fixation R	1	75	6185410872	6185594489	183617	594.46	512.49	13	7	-1	10.28	10.28
Fixation L	1	77	6185602866	6185786362	183496	753.70	499.26	62	20	-1	9.53	9.53
Fixation R	1	76	6185602866	6185786362	183496	753.70	499.26	62	20	-1	10.14	10.14
Fixation L	1	78	6185794738	6185986733	191995	886.63	503.03	79	8	-1	9.64	9.64
Fixation R	1	77	6185794738	6185986733	191995	886.63	503.03	79	8	-1	10.09	10.09
Fixation L	1	79	6185994984	6186078481	83497	965.77	504.17	29	5	-1	9.54	9.54
Fixation R	1	78	6185994984	6186078481	83497	965.77	504.17	29	5	-1	10.02	10.02
Fixation L	1	80	6186128481	6186337103	208622	156.82	558.04	65	28	-1	9.43	9.43
Fixation R	1	79	6186128481	6186337103	208622	156.82	558.04	65	28	-1	9.80	9.80
Fixation L	1	81	6186345480	6186470604	125124	84.26	573.43	21	18	-1	9.52	9.52
Fixation R	1	80	6186345480	6186470604	125124	84.26	573.43	21	18	-1	9.84	9.84
Fixation L	1	82	6186487351	6187021344	533993	325.21	560.75	47	16	-1	9.71	9.71
Fixation R	1	81	6186487351	6187021344	533993	325.21	560.75	47	16	-1	10.25	10.25
Fixation L	1	83	6187029717	6187213339	183622	396.08	562.14	34	14	-1	9.69	9.69
Fixation R	1	82	6187029717	6187213339	183622	396.08	562.14	34	14	-1	10.45	10.45
Fixation L	1	84	6187221718	6187530334	308616	498.59	569.38	37	7	-1	9.88	9.88
Fixation R	1	83	6187221718	6187530334	308616	498.59	569.38	37	7	-1	10.54	10.54
Fixation L	1	85	6187538711	6187722337	183626	636.15	568.56	31	9	-1	9.94	9.94
Fixation R	1	84	6187538711	6187722337	183626	636.15	568.56	31	9	-1	10.35	10.35
Fixation L	1	86	6187730708	6187897579	166871	759.67	562.16	44	16	-1	9.54	9.54
Fixation R	1	85	6187730708	6187897579	166871	759.67	562.16	44	16	-1	10.10	10.10
Fixation L	1	87	6187939330	6188047828	108498	128.17	629.81	58	39	-1	9.48	9.48
Fixation R	1	86	6187939330	6188047828	108498	128.17	629.81	58	39	-1	9.82	9.82
Fixation L	1	88	6188056080	6188364821	308741	90.31	640.22	59	16	-1	9.51	9.51
Fixation R	1	87	6188056080	6188364821	308741	90.31	640.22	59	16	-1	9.86	9.86
Fixation L	1	89	6188373200	6188615192	241992	250.75	626.41	53	22	-1	9.78	9.78
Fixation R	1	88	6188373200	6188615192	241992	250.75	626.41	53	22	-1	9.85	9.85
Fixation L	1	90	6188623571	6188723693	100122	459.00	631.87	91	6	-1	10.12	10.12
Fixation R	1	89	6188623571	6188723693	100122	459.00	631.87	91	6	-1	10.77	10.77
Fixation L	1	91	6188732066	6188982310	250244	471.35	629.39	71	9	-1	9.84	9.84
Fixation R	1	90	6188732066	6188982310	250244	471.35	629.39	71	9	-1	10.75	10.75
Fixation L	1	92	6188990685	6189416306	425621	680.85	627.14	53	14	-1	9.97	9.97
Fixation R	1	91	6188990685	6189416306	425621	680.85	627.14	53	14	-1	10.46	10.46
Fixation L	1	93	6189432931	6189725056	292125	893.93	621.72	61	10	-1	9.64	9.64
Fixation R	1	92	6189432931	6189725056	292125	893.93	621.72	61	10	-1	9.94	9.94
Fixation L	1	94	6189775056	6189983673	208617	122.27	667.54	49	44	-1	9.62	9.62
Fixation R	1	93	6189775056	6189983673	208617	122.27	667.54	49	44	-1	9.99	9.99
Fixation L	1	95	6189992046	6190117169	125123	83.02	705.40	17	16	-1	9.73	9.73
Fixation R	1	94	6189992046	6190117169	125123	83.02	705.40	17	16	-1	10.17	10.17
Fixation L	1	96	6190133921	6190317543	183622	392.83	684.36	76	23	-1	10.40	10.40
Fixation R	1	95	6190133921	6190317543	183622	392.83	684.36	76	23	-1	10.83	10.83
Fixation L	1	97	6190325800	6190434292	108492	416.22	680.82	40	5	-1	10.28	10.28
Fixation R	1	96	6190325800	6190434292	108492	416.22	680.82	40	5	-1	10.77	10.77
Fixation L	1	98	6190451042	6190634537	183495	694.45	678.80	43	14	-1	10.30	10.30
Fixation R	1	97	6190451042	6190634537	183495	694.45	678.80	43	14	-1	10.67	10.67
Fixation L	1	99	6190642913	6191001783	358870	848.52	687.93	36	13	-1	9.82	9.82
Fixation R	1	98	6190642913	6191001783	358870	848.52	687.93	36	13	-1	10.03	10.03

