[BeGaze]
Converted from:	C:\Program Files\SMI\Experiment Suite 360\Experiment Center 2\Results\Readability_First_01\P02-eye_data.idf
Date:	02.08.2013 11:27:27
Version:	BeGaze 3.2.28
Sample Rate:	120
Subject:	P02
Description:	Run2

Table Header for Fixations:
Event Type	Trial	Number	Start	End	Duration	Location X	Location Y	Dispersion X	Dispersion Y	Plane	Avg. Pupil Size X	Avg. Pupil Size Y


Fixation L	1	1	5968252835	5968344657	91822	180.73	1.49	63	34	-1	10.18	10.18
Fixation R	1	1	5968252835	5968344657	91822	180.73	1.49	63	34	-1	10.70	10.70
Fixation L	1	2	5968352913	5968678402	325489	119.77	62.17	36	42	-1	10.44	10.44
Fixation R	1	2	5968352913	5968678402	325489	119.77	62.17	36	42	-1	10.85	10.85
Fixation L	1	3	5968686775	5968945396	258621	195.68	40.65	43	31	-1	10.32	10.32
Fixation R	1	3	5968686775	5968945396	258621	195.68	40.65	43	31	-1	10.60	10.60
Fixation L	1	4	5968953777	5969237520	283743	302.23	25.11	59	11	-1	10.28	10.28
Fixation R	1	4	5968953777	5969237520	283743	302.23	25.11	59	11	-1	10.49	10.49
Fixation L	1	5	5969245767	5969471139	225372	434.66	17.73	50	12	-1	10.36	10.36
Fixation R	1	5	5969245767	5969471139	225372	434.66	17.73	50	12	-1	10.41	10.41
Fixation L	1	6	5969479518	5969646386	166868	566.61	24.03	65	6	-1	10.30	10.30
Fixation R	1	6	5969479518	5969646386	166868	566.61	24.03	65	6	-1	10.34	10.34
Fixation L	1	7	5969654644	5969888382	233738	723.00	5.44	20	28	-1	10.08	10.08
Fixation R	1	7	5969654644	5969888382	233738	723.00	5.44	20	28	-1	10.28	10.28
Fixation L	1	8	5969896633	5970021882	125249	849.35	8.28	67	30	-1	10.05	10.05
Fixation R	1	8	5969896633	5970021882	125249	849.35	8.28	67	30	-1	10.32	10.32
Fixation L	1	9	5970030259	5970122002	91743	845.95	26.89	45	9	-1	10.03	10.03
Fixation R	1	9	5970030259	5970122002	91743	845.95	26.89	45	9	-1	10.30	10.30
Fixation L	1	10	5970172000	5970455750	283750	126.60	102.30	46	27	-1	9.89	9.89
Fixation R	1	10	5970172000	5970455750	283750	126.60	102.30	46	27	-1	10.46	10.46
Fixation L	1	11	5970597620	5970856368	258748	287.80	82.32	52	11	-1	10.33	10.33
Fixation R	1	11	5970597620	5970856368	258748	287.80	82.32	52	11	-1	10.69	10.69
Fixation L	1	12	5970864621	5971465484	600863	385.28	84.72	55	31	-1	10.42	10.42
Fixation R	1	12	5970864621	5971465484	600863	385.28	84.72	55	31	-1	10.59	10.59
Fixation L	1	13	5971473855	5971874350	400495	506.21	111.34	27	52	-1	10.29	10.29
Fixation L	1	14	5971941106	5972233095	291989	586.98	90.43	72	13	-1	10.18	10.18
Fixation R	1	13	5971941106	5972233095	291989	586.98	90.43	72	13	-1	10.49	10.49
Fixation L	1	15	5972241476	5972450091	208615	692.47	83.83	79	8	-1	10.19	10.19
Fixation R	1	14	5972241476	5972450091	208615	692.47	83.83	79	8	-1	10.32	10.32
Fixation L	1	16	5972458466	5972675463	216997	772.79	92.47	85	14	-1	10.08	10.08
Fixation R	1	15	5972458466	5972675463	216997	772.79	92.47	85	14	-1	10.24	10.24
Fixation L	1	17	5972683715	5972792217	108502	619.29	75.03	15	19	-1	10.06	10.06
Fixation R	1	16	5972683715	5972792217	108502	619.29	75.03	15	19	-1	10.30	10.30
Fixation L	1	18	5972833961	5973134331	300370	112.41	148.23	22	61	-1	9.89	9.89
Fixation R	1	17	5972833961	5973134331	300370	112.41	148.23	22	61	-1	10.27	10.27
Fixation L	1	19	5973142713	5973342960	200247	290.49	148.35	75	14	-1	10.14	10.14
Fixation R	1	18	5973142713	5973342960	200247	290.49	148.35	75	14	-1	10.42	10.42
Fixation L	1	20	5973351329	5973509832	158503	372.57	142.01	28	8	-1	10.12	10.12
Fixation R	1	19	5973351329	5973509832	158503	372.57	142.01	28	8	-1	10.30	10.30
Fixation L	1	21	5973518205	5973776945	258740	508.05	139.89	26	5	-1	10.02	10.02
Fixation R	1	20	5973518205	5973776945	258740	508.05	139.89	26	5	-1	9.96	9.96
Fixation L	1	22	5973785202	5974227442	442240	614.00	130.62	74	21	-1	9.86	9.86
Fixation R	1	21	5973785202	5974227442	442240	614.00	130.62	74	21	-1	10.19	10.19
Fixation L	1	23	5974235813	5974502811	266998	699.75	131.24	69	13	-1	9.78	9.78
Fixation R	1	22	5974235813	5974502811	266998	699.75	131.24	69	13	-1	10.19	10.19
Fixation L	1	24	5974511185	5975011929	500744	832.15	131.59	76	22	-1	9.70	9.70
Fixation R	1	23	5974511185	5975011929	500744	832.15	131.59	76	22	-1	10.02	10.02
Fixation L	1	25	5975162049	5975529295	367246	133.47	216.70	66	32	-1	9.71	9.71
Fixation R	1	24	5975162049	5975529295	367246	133.47	216.70	66	32	-1	10.20	10.20
Fixation L	1	26	5975537544	5975662793	125249	172.66	200.59	16	5	-1	9.78	9.78
Fixation R	1	25	5975537544	5975662793	125249	172.66	200.59	16	5	-1	10.09	10.09
Fixation L	1	27	5975696174	5975871421	175247	629.68	144.62	40	10	-1	9.81	9.81
Fixation R	1	26	5975787915	5975871421	83506	631.63	145.63	17	3	-1	10.04	10.04
Fixation L	1	28	5975988162	5976363656	375494	284.60	183.63	52	43	-1	9.93	9.93
Fixation R	1	27	5975988162	5976363656	375494	284.60	183.63	52	43	-1	10.30	10.30
Fixation L	1	29	5976380409	5976622406	241997	477.57	172.81	25	8	-1	9.80	9.80
Fixation R	1	28	5976380409	5976622406	241997	477.57	172.81	25	8	-1	10.09	10.09
Fixation L	1	30	5976630780	5976822654	191874	567.58	191.98	21	29	-1	9.62	9.62
Fixation R	1	29	5976630780	5976822654	191874	567.58	191.98	21	29	-1	9.93	9.93
Fixation L	1	31	5976831026	5977106397	275371	646.54	181.02	31	14	-1	9.42	9.42
Fixation R	1	30	5976831026	5977106397	275371	646.54	181.02	31	14	-1	9.75	9.75
Fixation L	1	32	5977114644	5977381771	267127	776.18	194.12	81	11	-1	9.60	9.60
Fixation R	1	31	5977114644	5977381771	267127	776.18	194.12	81	11	-1	9.91	9.91
Fixation L	1	33	5977390018	5977573643	183625	884.76	202.22	44	12	-1	9.65	9.65
Fixation R	1	32	5977390018	5977573643	183625	884.76	202.22	44	12	-1	10.02	10.02
Fixation L	1	34	5977615388	5977807262	191874	183.13	245.82	68	31	-1	9.76	9.76
Fixation R	1	33	5977615388	5977807262	191874	183.13	245.82	68	31	-1	10.20	10.20
Fixation L	1	35	5977824013	5978174507	350494	89.48	278.95	55	33	-1	9.81	9.81
Fixation R	1	34	5977824013	5978174507	350494	89.48	278.95	55	33	-1	10.08	10.08
Fixation L	1	36	5978182760	5978324632	141872	209.96	274.81	9	10	-1	9.89	9.89
Fixation R	1	35	5978182760	5978324632	141872	209.96	274.81	9	10	-1	10.04	10.04
Fixation L	1	37	5978333005	5978533256	200251	336.75	248.97	65	31	-1	9.92	9.92
Fixation R	1	36	5978333005	5978533256	200251	336.75	248.97	65	31	-1	10.08	10.08
Fixation L	1	38	5978541626	5978675128	133502	340.65	230.65	67	10	-1	9.94	9.94
Fixation R	1	37	5978541626	5978675128	133502	340.65	230.65	67	10	-1	10.09	10.09
Fixation L	1	39	5978683501	5978908746	225245	452.77	247.08	20	18	-1	9.86	9.86
Fixation R	1	38	5978683501	5978908746	225245	452.77	247.08	20	18	-1	10.29	10.29
Fixation L	1	40	5978917123	5979017240	100117	640.61	250.06	89	10	-1	9.95	9.95
Fixation R	1	39	5978917123	5979017240	100117	640.61	250.06	89	10	-1	10.20	10.20
Fixation L	1	41	5979025620	5979200868	175248	658.48	255.19	32	11	-1	9.78	9.78
Fixation R	1	40	5979025620	5979200868	175248	658.48	255.19	32	11	-1	10.19	10.19
Fixation L	1	42	5979209241	5979417734	208493	792.71	240.71	34	29	-1	9.67	9.67
Fixation R	1	41	5979209241	5979417734	208493	792.71	240.71	34	29	-1	10.17	10.17
Fixation L	1	43	5979467861	5979826733	358872	106.28	332.72	36	59	-1	9.70	9.70
Fixation R	1	42	5979467861	5979826733	358872	106.28	332.72	36	59	-1	10.01	10.01
Fixation L	1	44	5979834981	5980118724	283743	306.71	326.26	48	20	-1	9.81	9.81
Fixation R	1	43	5979834981	5980118724	283743	306.71	326.26	48	20	-1	10.06	10.06
Fixation L	1	45	5980135478	5980385726	250248	441.91	322.55	24	18	-1	9.69	9.69
Fixation R	1	44	5980135478	5980385726	250248	441.91	322.55	24	18	-1	10.14	10.14
Fixation L	1	46	5980394103	5980652850	258747	579.36	327.18	59	12	-1	9.60	9.60
Fixation R	1	45	5980394103	5980652850	258747	579.36	327.18	59	12	-1	9.99	9.99
Fixation L	1	47	5980661095	5981011585	350490	747.64	315.22	78	19	-1	9.44	9.44
Fixation R	1	46	5980661095	5981011585	350490	747.64	315.22	78	19	-1	9.89	9.89
Fixation L	1	48	5981053346	5981161836	108490	162.10	344.90	59	39	-1	9.47	9.47
Fixation R	1	47	5981053346	5981161836	108490	162.10	344.90	59	39	-1	9.87	9.87
Fixation L	1	49	5981170084	5981311959	141875	121.40	362.75	63	32	-1	9.46	9.46
Fixation R	1	48	5981170084	5981311959	141875	121.40	362.75	63	32	-1	9.92	9.92
Fixation L	1	50	5981320333	5981445455	125122	73.52	384.31	15	6	-1	9.56	9.56
Fixation R	1	49	5981320333	5981445455	125122	73.52	384.31	15	6	-1	9.84	9.84
Fixation L	1	51	5981453837	5981679207	225370	197.30	379.59	29	15	-1	9.70	9.70
Fixation R	1	50	5981453837	5981679207	225370	197.30	379.59	29	15	-1	9.90	9.90
Fixation L	1	52	5981687451	5981862704	175253	293.49	386.84	77	4	-1	9.67	9.67
Fixation R	1	51	5981687451	5981862704	175253	293.49	386.84	77	4	-1	10.01	10.01
Fixation L	1	53	5981871077	5982021323	150246	383.18	386.89	38	14	-1	9.62	9.62
Fixation R	1	52	5981871077	5982021323	150246	383.18	386.89	38	14	-1	10.00	10.00
Fixation L	1	54	5982154824	5982246571	91747	276.70	395.53	51	22	-1	9.69	9.69
Fixation R	1	53	5982154824	5982246571	91747	276.70	395.53	51	22	-1	9.84	9.84
Fixation L	1	55	5982263321	5982622066	358745	542.23	396.38	65	11	-1	9.79	9.79
Fixation R	1	54	5982263321	5982622066	358745	542.23	396.38	65	11	-1	10.36	10.36
Fixation L	1	56	5982630441	5982897435	266994	701.38	387.93	19	14	-1	9.70	9.70
Fixation R	1	55	5982630441	5982897435	266994	701.38	387.93	19	14	-1	10.25	10.25
Fixation L	1	57	5982914190	5983306307	392117	892.33	377.41	74	24	-1	9.45	9.45
Fixation R	1	56	5982914190	5983306307	392117	892.33	377.41	74	24	-1	9.84	9.84
Fixation L	1	58	5983314676	5983548300	233624	899.79	373.52	62	20	-1	9.54	9.54
Fixation R	1	57	5983314676	5983548300	233624	899.79	373.52	62	20	-1	10.02	10.02
Fixation L	1	59	5983598426	5983790297	191871	152.89	456.63	76	23	-1	9.46	9.46
Fixation R	1	58	5983598426	5983790297	191871	152.89	456.63	76	23	-1	10.03	10.03
Fixation L	1	60	5983798674	5983923794	125120	96.64	459.35	38	7	-1	9.58	9.58
Fixation R	1	59	5983798674	5983923794	125120	96.64	459.35	38	7	-1	9.90	9.90
Fixation L	1	61	5983932168	5984132416	200248	290.56	443.58	67	19	-1	9.77	9.77
Fixation R	1	60	5983932168	5984132416	200248	290.56	443.58	67	19	-1	9.97	9.97
Fixation L	1	62	5984149169	5984391162	241993	417.30	444.63	27	23	-1	9.97	9.97
Fixation R	1	61	5984149169	5984391162	241993	417.30	444.63	27	23	-1	10.26	10.26
Fixation L	1	63	5984399539	5984583038	183499	280.06	452.69	86	12	-1	9.70	9.70
Fixation R	1	62	5984399539	5984583038	183499	280.06	452.69	86	12	-1	10.06	10.06
Fixation L	1	64	5984591407	5984783284	191877	236.53	435.31	56	10	-1	9.79	9.79
Fixation R	1	63	5984591407	5984783284	191877	236.53	435.31	56	10	-1	9.87	9.87
Fixation L	1	65	5984791655	5984983654	191999	97.82	448.41	16	12	-1	9.70	9.70
Fixation R	1	64	5984791655	5984983654	191999	97.82	448.41	16	12	-1	9.97	9.97
Fixation L	1	66	5985008656	5985267274	258618	503.84	440.69	67	18	-1	10.09	10.09
Fixation R	1	65	5985008656	5985267274	258618	503.84	440.69	67	18	-1	10.45	10.45
Fixation L	1	67	5985275648	5985484272	208624	600.89	448.87	66	9	-1	9.99	9.99
Fixation R	1	66	5985275648	5985484272	208624	600.89	448.87	66	9	-1	10.52	10.52
Fixation L	1	68	5985492644	5985734643	241999	727.35	437.50	18	12	-1	9.72	9.72
Fixation R	1	67	5985492644	5985734643	241999	727.35	437.50	18	12	-1	10.20	10.20
Fixation L	1	69	5985742890	5986101764	358874	539.88	442.74	75	23	-1	9.76	9.76
Fixation R	1	68	5985742890	5986101764	358874	539.88	442.74	75	23	-1	10.41	10.41
Fixation L	1	70	5986185263	5986418879	233616	710.35	453.51	55	9	-1	9.75	9.75
Fixation R	1	69	5986185263	5986418879	233616	710.35	453.51	55	9	-1	10.21	10.21
Fixation L	1	71	5986535632	5986777624	241992	840.20	446.62	33	29	-1	9.73	9.73
Fixation R	1	70	5986535632	5986777624	241992	840.20	446.62	33	29	-1	9.75	9.75
Fixation L	1	72	5986786005	5987002998	216993	924.13	445.61	26	17	-1	9.67	9.67
Fixation R	1	71	5986786005	5987002998	216993	924.13	445.61	26	17	-1	9.97	9.97
Fixation L	1	73	5987052995	5987186495	133500	153.58	483.99	67	31	-1	9.50	9.50
Fixation R	1	72	5987052995	5987186495	133500	153.58	483.99	67	31	-1	9.96	9.96
Fixation L	1	74	5987194867	5987461870	267003	89.78	501.79	69	29	-1	9.61	9.61
Fixation R	1	73	5987194867	5987461870	267003	89.78	501.79	69	29	-1	9.82	9.82
Fixation L	1	75	5987503617	5987845735	342118	246.49	488.16	17	25	-1	9.72	9.72
Fixation R	1	74	5987503617	5987845735	342118	246.49	488.16	17	25	-1	9.90	9.90
Fixation L	1	76	5987854106	5987970984	116878	382.45	493.65	55	19	-1	9.76	9.76
Fixation R	1	75	5987854106	5987970984	116878	382.45	493.65	55	19	-1	10.30	10.30
Fixation L	1	77	5988212985	5988529972	316987	183.52	494.63	71	17	-1	9.80	9.80
Fixation R	1	76	5988212985	5988529972	316987	183.52	494.63	71	17	-1	9.76	9.76
Fixation L	1	78	5988538353	5988855468	317115	387.97	490.41	77	14	-1	9.74	9.74
Fixation R	1	77	5988538353	5988855468	317115	387.97	490.41	77	14	-1	10.31	10.31
Fixation L	1	79	5988872093	5989189217	317124	616.42	507.81	52	13	-1	10.19	10.19
Fixation R	1	78	5988872093	5989189217	317124	616.42	507.81	52	13	-1	10.68	10.68
Fixation L	1	80	5989205963	5989397837	191874	801.65	508.23	13	12	-1	10.32	10.32
Fixation R	1	79	5989205963	5989397837	191874	801.65	508.23	13	12	-1	10.36	10.36
Fixation L	1	81	5989406208	5989556459	150251	911.92	511.46	51	3	-1	10.04	10.04
Fixation R	1	80	5989406208	5989556459	150251	911.92	511.46	51	3	-1	10.20	10.20
Fixation L	1	82	5989606459	5989815085	208626	155.64	562.52	29	51	-1	9.94	9.94
Fixation R	1	81	5989606459	5989815085	208626	155.64	562.52	29	51	-1	10.29	10.29
Fixation L	1	83	5989823454	5989981953	158499	260.25	562.99	55	4	-1	10.28	10.28
Fixation R	1	82	5989823454	5989981953	158499	260.25	562.99	55	4	-1	10.42	10.42
Fixation L	1	84	5989990332	5990157199	166867	471.17	566.92	72	5	-1	10.50	10.50
Fixation R	1	83	5989990332	5990157199	166867	471.17	566.92	72	5	-1	11.28	11.28
Fixation L	1	85	5990165577	5990349069	183492	638.28	570.36	85	8	-1	10.65	10.65
Fixation R	1	84	5990165577	5990349069	183492	638.28	570.36	85	8	-1	11.00	11.00
Fixation L	1	86	5990357445	5990799689	442244	792.81	572.02	82	16	-1	10.38	10.38
Fixation R	1	85	5990357445	5990799689	442244	792.81	572.02	82	16	-1	10.73	10.73
Fixation L	1	87	5990808064	5990949936	141872	926.51	581.78	91	8	-1	10.23	10.23
Fixation R	1	86	5990808064	5990949936	141872	926.51	581.78	91	8	-1	10.61	10.61
Fixation L	1	88	5990958310	5991041689	83379	912.45	586.68	93	4	-1	10.12	10.12
Fixation R	1	87	5990958310	5991041689	83379	912.45	586.68	93	4	-1	10.62	10.62
Fixation L	1	89	5991091815	5991358805	266990	111.51	626.75	45	22	-1	10.11	10.11
Fixation R	1	88	5991091815	5991358805	266990	111.51	626.75	45	22	-1	10.33	10.33
Fixation L	1	90	5991375559	5991625807	250248	309.94	620.61	36	15	-1	10.48	10.48
Fixation R	1	89	5991375559	5991625807	250248	309.94	620.61	36	15	-1	10.75	10.75
Fixation L	1	91	5991634178	5992009670	375492	508.03	624.16	69	10	-1	10.24	10.24
Fixation R	1	90	5991634178	5992009670	375492	508.03	624.16	69	10	-1	11.07	11.07
Fixation L	1	92	5992018053	5992335164	317111	712.62	616.27	61	11	-1	10.11	10.11
Fixation R	1	91	5992018053	5992335164	317111	712.62	616.27	61	11	-1	10.34	10.34
Fixation L	1	93	5992343418	5992610535	267117	903.55	615.32	85	11	-1	9.76	9.76
Fixation R	1	92	5992343418	5992610535	267117	903.55	615.32	85	11	-1	10.31	10.31
Fixation L	1	94	5992668916	5992927532	258616	100.57	702.67	31	35	-1	9.74	9.74
Fixation R	1	93	5992668916	5992927532	258616	100.57	702.67	31	35	-1	9.79	9.79
Fixation L	1	95	5992935906	5993111153	175247	320.49	676.08	72	26	-1	10.16	10.16
Fixation R	1	94	5992935906	5993111153	175247	320.49	676.08	72	26	-1	10.52	10.52
Fixation L	1	96	5993119537	5993303153	183616	328.98	677.42	19	3	-1	10.29	10.29
Fixation R	1	95	5993119537	5993303153	183616	328.98	677.42	19	3	-1	10.41	10.41
Fixation L	1	97	5993319783	5993503397	183614	536.35	685.97	24	13	-1	10.43	10.43
Fixation R	1	96	5993319783	5993503397	183614	536.35	685.97	24	13	-1	11.18	11.18
Fixation L	1	98	5993511649	5993753646	241997	688.46	694.18	70	18	-1	10.40	10.40
Fixation R	1	97	5993511649	5993678647	166998	686.79	692.44	46	13	-1	9.78	9.78
Fixation L	1	99	5993762019	5993962265	200246	833.05	692.55	45	31	-1	9.92	9.92
Fixation R	1	98	5993762019	5993962265	200246	833.05	692.55	45	31	-1	10.50	10.50

