[BeGaze]
Converted from:	C:\Program Files\SMI\Experiment Suite 360\Experiment Center 2\Results\Readability_First_01\P02-eye_data.idf
Date:	02.08.2013 11:27:25
Version:	BeGaze 3.2.28
Sample Rate:	120
Subject:	P02
Description:	Run2

Table Header for Fixations:
Event Type	Trial	Number	Start	End	Duration	Location X	Location Y	Dispersion X	Dispersion Y	Plane	Avg. Pupil Size X	Avg. Pupil Size Y


Fixation L	1	1	4738819431	4739219899	400468	138.12	58.99	61	38	-1	10.23	10.23
Fixation R	1	1	4738819431	4739219899	400468	138.12	58.99	61	38	-1	10.75	10.75
Fixation L	1	2	4739228272	4739361777	133505	92.73	70.92	22	12	-1	10.09	10.09
Fixation R	1	2	4739228272	4739361777	133505	92.73	70.92	22	12	-1	10.63	10.63
Fixation L	1	3	4739370147	4739511898	141751	182.62	63.89	63	16	-1	10.06	10.06
Fixation R	1	3	4739370147	4739511898	141751	182.62	63.89	63	16	-1	10.61	10.61
Fixation L	1	4	4739520269	4739837389	317120	307.27	39.52	26	23	-1	10.23	10.23
Fixation R	1	4	4739520269	4739837389	317120	307.27	39.52	26	23	-1	10.70	10.70
Fixation L	1	5	4739845765	4740096014	250249	461.96	33.87	49	8	-1	10.41	10.41
Fixation R	1	5	4739845765	4740096014	250249	461.96	33.87	49	8	-1	10.81	10.81
Fixation L	1	6	4740104384	4740538379	433995	596.64	30.35	27	21	-1	10.30	10.30
Fixation R	1	6	4740104384	4740538379	433995	596.64	30.35	27	21	-1	10.68	10.68
Fixation L	1	7	4740546625	4740755249	208624	718.44	32.82	36	31	-1	10.22	10.22
Fixation R	1	7	4740546625	4740755249	208624	718.44	32.82	36	31	-1	10.63	10.63
Fixation L	1	8	4740772001	4741030620	258619	874.70	39.74	53	14	-1	10.22	10.22
Fixation R	1	8	4740772001	4741030620	258619	874.70	39.74	53	14	-1	10.55	10.55
Fixation L	1	9	4741080745	4741447864	367119	151.18	98.23	34	37	-1	10.22	10.22
Fixation R	1	9	4741080745	4741447864	367119	151.18	98.23	34	37	-1	10.97	10.97
Fixation L	1	10	4741456238	4741873483	417245	272.62	90.52	49	26	-1	10.35	10.35
Fixation R	1	10	4741456238	4741873483	417245	272.62	90.52	49	26	-1	10.85	10.85
Fixation L	1	11	4741881730	4742123729	241999	447.35	92.58	51	30	-1	10.32	10.32
Fixation R	1	11	4741881730	4742123729	241999	447.35	92.58	51	30	-1	10.66	10.66
Fixation L	1	12	4742132104	4742232230	100126	556.00	97.42	14	19	-1	10.19	10.19
Fixation R	1	12	4742132104	4742232230	100126	556.00	97.42	14	19	-1	10.64	10.64
Fixation L	1	13	4742240603	4742557721	317118	657.70	92.02	68	10	-1	10.27	10.27
Fixation R	1	13	4742240603	4742557721	317118	657.70	92.02	68	10	-1	10.62	10.62
Fixation L	1	14	4742566101	4742849720	283619	769.32	84.90	54	17	-1	10.30	10.30
Fixation R	1	14	4742566101	4742849720	283619	769.32	84.90	54	17	-1	10.59	10.59
Fixation L	1	15	4742899842	4743225210	325368	129.39	179.25	44	34	-1	9.99	9.99
Fixation R	1	15	4742899842	4743225210	325368	129.39	179.25	44	34	-1	10.80	10.80
Fixation L	1	16	4743233585	4743333708	100123	235.79	165.16	69	29	-1	10.25	10.25
Fixation R	1	16	4743233585	4743333708	100123	235.79	165.16	69	29	-1	10.84	10.84
Fixation L	1	17	4743408834	4743734329	325495	362.22	155.63	27	16	-1	10.27	10.27
Fixation R	1	17	4743408834	4743734329	325495	362.22	155.63	27	16	-1	10.69	10.69
Fixation L	1	18	4743750953	4743934576	183623	548.53	151.49	16	8	-1	10.11	10.11
Fixation R	1	18	4743750953	4743934576	183623	548.53	151.49	16	8	-1	10.12	10.12
Fixation L	1	19	4744051322	4744293324	242002	657.86	153.95	75	14	-1	10.35	10.35
Fixation R	1	19	4744051322	4744293324	242002	657.86	153.95	75	14	-1	10.79	10.79
Fixation L	1	20	4744301694	4744543689	241995	743.14	149.65	22	8	-1	10.24	10.24
Fixation R	1	20	4744301694	4744543689	241995	743.14	149.65	22	8	-1	10.87	10.87
Fixation L	1	21	4744552067	4744919185	367118	876.72	141.07	30	15	-1	9.92	9.92
Fixation R	1	21	4744552067	4744643817	91750	878.60	140.87	17	11	-1	9.54	9.54
Fixation R	1	22	4744677187	4744919185	241998	875.28	141.72	26	15	-1	10.39	10.39
Fixation L	1	22	4744969310	4745119434	150124	146.14	203.79	70	18	-1	9.77	9.77
Fixation R	1	23	4744969310	4745119434	150124	146.14	203.79	70	18	-1	10.62	10.62
Fixation L	1	23	4745127805	4745444930	317125	94.27	221.37	26	27	-1	9.81	9.81
Fixation R	1	24	4745127805	4745444930	317125	94.27	221.37	26	27	-1	10.51	10.51
Fixation L	1	24	4745453303	4745570054	116751	193.02	223.13	19	11	-1	9.96	9.96
Fixation R	1	25	4745453303	4745570054	116751	193.02	223.13	19	11	-1	10.50	10.50
Fixation L	1	25	4745578426	4746045671	467245	300.32	222.41	62	35	-1	10.04	10.04
Fixation R	1	26	4745578426	4746045671	467245	300.32	222.41	62	35	-1	10.45	10.45
Fixation L	1	26	4746054043	4746321042	266999	432.73	209.61	55	12	-1	10.10	10.10
Fixation R	1	27	4746054043	4746321042	266999	432.73	209.61	55	12	-1	10.55	10.55
Fixation L	1	27	4746329414	4746563043	233629	569.21	200.15	45	14	-1	10.00	10.00
Fixation R	1	28	4746329414	4746563043	233629	569.21	200.15	45	14	-1	10.41	10.41
Fixation L	1	28	4746571411	4747047028	475617	705.26	207.42	24	75	-1	9.89	9.89
Fixation R	1	29	4746571411	4747047028	475617	705.26	207.42	24	75	-1	10.38	10.38
Fixation L	1	29	4747055400	4747364153	308753	658.72	143.70	53	14	-1	9.89	9.89
Fixation R	1	30	4747055400	4747364153	308753	658.72	143.70	53	14	-1	10.38	10.38
Fixation L	1	30	4747372524	4747581144	208620	754.23	206.86	18	69	-1	9.98	9.98
Fixation R	1	31	4747372524	4747581144	208620	754.23	206.86	18	69	-1	10.60	10.60
Fixation L	1	31	4747597771	4747906512	308741	873.42	201.78	46	27	-1	9.94	9.94
Fixation R	1	32	4747597771	4747906512	308741	873.42	201.78	46	27	-1	10.39	10.39
Fixation L	1	32	4747965020	4748173515	208495	98.58	290.08	45	22	-1	9.75	9.75
Fixation R	1	33	4747965020	4748173515	208495	98.58	290.08	45	22	-1	10.56	10.56
Fixation L	1	33	4748181884	4748332132	150248	224.84	280.85	30	19	-1	9.98	9.98
Fixation R	1	34	4748181884	4748332132	150248	224.84	280.85	30	19	-1	10.60	10.60
Fixation L	1	34	4748457255	4748590760	133505	226.15	294.13	53	44	-1	9.98	9.98
Fixation R	1	35	4748457255	4748590760	133505	226.15	294.13	53	44	-1	10.48	10.48
Fixation L	1	35	4748607504	4748974623	367119	418.58	267.23	27	15	-1	9.90	9.90
Fixation R	1	36	4748607504	4748974623	367119	418.58	267.23	27	15	-1	10.41	10.41
Fixation L	1	36	4748982997	4749358493	375496	525.02	270.73	56	8	-1	9.44	9.44
Fixation R	1	37	4748982997	4749358493	375496	525.02	270.73	56	8	-1	9.89	9.89
Fixation L	1	37	4749366870	4749683986	317116	635.08	270.21	22	12	-1	9.45	9.45
Fixation R	1	38	4749366870	4749683986	317116	635.08	270.21	22	12	-1	9.96	9.96
Fixation L	1	38	4749692245	4749834113	141868	747.68	273.79	47	3	-1	9.60	9.60
Fixation R	1	39	4749692245	4749834113	141868	747.68	273.79	47	3	-1	10.13	10.13
Fixation L	1	39	4749842491	4750051109	208618	854.92	280.07	33	15	-1	9.64	9.64
Fixation R	1	40	4749842491	4750051109	208618	854.92	280.07	33	15	-1	10.16	10.16
Fixation L	1	40	4750101106	4750418228	317122	125.68	346.08	53	27	-1	9.77	9.77
Fixation R	1	41	4750101106	4750418228	317122	125.68	346.08	53	27	-1	10.35	10.35
Fixation L	1	41	4750426601	4751002344	575743	256.49	334.23	44	36	-1	10.12	10.12
Fixation R	1	42	4750426601	4751002344	575743	256.49	334.23	44	36	-1	10.46	10.46
Fixation L	1	42	4751010718	4751653210	642492	358.39	341.18	71	22	-1	10.15	10.15
Fixation R	1	43	4751010718	4751653210	642492	358.39	341.18	71	22	-1	10.64	10.64
Fixation L	1	43	4751661583	4751936955	275372	473.56	334.47	75	11	-1	10.21	10.21
Fixation R	1	44	4751661583	4751936955	275372	473.56	334.47	75	11	-1	10.65	10.65
Fixation L	1	44	4751945332	4752212325	266993	590.96	343.16	26	13	-1	10.07	10.07
Fixation R	1	45	4751945332	4752212325	266993	590.96	343.16	26	13	-1	10.75	10.75
Fixation L	1	45	4752220702	4752362580	141878	689.87	337.57	14	14	-1	10.08	10.08
Fixation R	1	46	4752220702	4752362580	141878	689.87	337.57	14	14	-1	10.59	10.59
Fixation L	1	46	4752370824	4752654570	283746	841.96	329.03	86	7	-1	9.94	9.94
Fixation R	1	47	4752370824	4752654570	283746	841.96	329.03	86	7	-1	10.49	10.49
Fixation L	1	47	4752704694	4753055064	350370	118.56	409.75	62	30	-1	9.95	9.95
Fixation R	1	48	4752704694	4753055064	350370	118.56	409.75	62	30	-1	10.53	10.53
Fixation L	1	48	4753063439	4753280439	217000	198.87	394.26	36	19	-1	10.10	10.10
Fixation R	1	49	4753063439	4753280439	217000	198.87	394.26	36	19	-1	10.47	10.47
Fixation L	1	49	4753288808	4753472310	183502	394.55	380.67	35	24	-1	10.12	10.12
Fixation R	1	50	4753288808	4753472310	183502	394.55	380.67	35	24	-1	10.66	10.66
Fixation L	1	50	4753480682	4753664303	183621	261.91	389.03	50	14	-1	9.95	9.95
Fixation R	1	51	4753480682	4753664303	183621	261.91	389.03	50	14	-1	10.53	10.53
Fixation L	1	51	4753672558	4753839553	166995	178.09	407.71	19	24	-1	9.95	9.95
Fixation R	1	52	4753672558	4753839553	166995	178.09	407.71	19	24	-1	10.44	10.44
Fixation L	1	52	4753847809	4754048176	200367	387.74	394.03	60	18	-1	10.20	10.20
Fixation R	1	53	4753847809	4754048176	200367	387.74	394.03	60	18	-1	10.76	10.76
Fixation L	1	53	4754064799	4754240046	175247	539.32	390.76	84	11	-1	10.25	10.25
Fixation R	1	54	4754064799	4754240046	175247	539.32	390.76	84	11	-1	10.75	10.75
Fixation L	1	54	4754248424	4754431914	183490	711.51	385.93	57	22	-1	10.00	10.00
Fixation R	1	55	4754248424	4754431914	183490	711.51	385.93	57	22	-1	10.48	10.48
Fixation L	1	55	4754440298	4754573792	133494	832.50	375.72	38	6	-1	9.85	9.85
Fixation R	1	56	4754440298	4754573792	133494	832.50	375.72	38	6	-1	10.46	10.46
Fixation L	1	56	4754582162	4754941035	358873	926.52	381.26	53	46	-1	9.83	9.83
Fixation R	1	57	4754582162	4754941035	358873	926.52	381.26	53	46	-1	10.49	10.49
Fixation L	1	57	4754949289	4755057783	108494	879.63	336.41	17	7	-1	9.97	9.97
Fixation R	1	58	4754949289	4755057783	108494	879.63	336.41	17	7	-1	10.64	10.64
Fixation L	1	58	4755074532	4755333151	258619	663.25	324.44	60	13	-1	10.06	10.06
Fixation R	1	59	4755074532	4755283153	208621	665.58	323.22	18	11	-1	10.28	10.28
Fixation R	1	60	4755333151	4755508400	175249	549.79	337.68	74	9	-1	10.76	10.76
Fixation L	1	59	4755341533	4755508400	166867	546.76	338.02	58	8	-1	10.12	10.12
Fixation L	1	60	4755525148	4755700279	175131	871.16	380.73	68	20	-1	10.08	10.08
Fixation R	1	61	4755525148	4755700279	175131	871.16	380.73	68	20	-1	10.60	10.60
Fixation L	1	61	4755708646	4756017392	308746	935.67	384.70	27	12	-1	10.04	10.04
Fixation R	1	62	4755708646	4756017392	308746	935.67	384.70	27	12	-1	10.51	10.51
Fixation L	1	62	4756067518	4756226016	158498	164.01	438.83	54	39	-1	10.17	10.17
Fixation R	1	63	4756067518	4756226016	158498	164.01	438.83	54	39	-1	10.67	10.67
Fixation L	1	63	4756234389	4756326139	91750	90.54	453.61	27	11	-1	10.20	10.20
Fixation R	1	64	4756234389	4756326139	91750	90.54	453.61	27	11	-1	10.54	10.54
Fixation L	1	64	4756484760	4756626635	141875	123.28	443.64	57	41	-1	10.22	10.22
Fixation R	1	65	4756484760	4756626635	141875	123.28	443.64	57	41	-1	10.41	10.41
Fixation R	1	66	4756693379	4756893626	200247	275.84	425.99	51	12	-1	10.83	10.83
Fixation L	1	65	4756743380	4756893626	150246	277.72	427.26	26	11	-1	10.44	10.44
Fixation L	1	66	4756902008	4757135626	233618	413.90	434.75	42	16	-1	10.24	10.24
Fixation R	1	67	4756902008	4757135626	233618	413.90	434.75	42	16	-1	10.73	10.73
Fixation L	1	67	4757143875	4757419244	275369	503.90	450.68	69	29	-1	9.74	9.74
Fixation R	1	68	4757143875	4757419244	275369	503.90	450.68	69	29	-1	10.57	10.57
Fixation L	1	68	4757427624	4757644617	216993	563.56	459.32	48	7	-1	9.80	9.80
Fixation R	1	69	4757427624	4757644617	216993	563.56	459.32	48	7	-1	10.42	10.42
Fixation L	1	69	4757652998	4757936610	283612	681.78	452.33	58	14	-1	9.66	9.66
Fixation R	1	70	4757652998	4757936610	283612	681.78	452.33	58	14	-1	10.40	10.40
Fixation L	1	70	4757944987	4758303862	358875	854.76	435.36	66	14	-1	9.82	9.82
Fixation R	1	71	4757944987	4758303862	358875	854.76	435.36	66	14	-1	10.39	10.39
Fixation L	1	71	4758312234	4758428985	116751	914.81	444.41	60	10	-1	9.88	9.88
Fixation R	1	72	4758312234	4758428985	116751	914.81	444.41	60	10	-1	10.44	10.44
Fixation L	1	72	4758470734	4758645976	175242	183.59	510.62	36	23	-1	9.91	9.91
Fixation R	1	73	4758470734	4758645976	175242	183.59	510.62	36	23	-1	10.51	10.51
Fixation L	1	73	4758654358	4758904604	250246	92.48	518.12	41	10	-1	10.09	10.09
Fixation R	1	74	4758654358	4758904604	250246	92.48	518.12	41	10	-1	10.40	10.40
Fixation L	1	74	4758912974	4759129972	216998	248.07	496.98	49	24	-1	10.08	10.08
Fixation R	1	75	4758912974	4759129972	216998	248.07	496.98	49	24	-1	10.39	10.39
Fixation L	1	75	4759146594	4759405343	258749	394.80	494.33	38	11	-1	10.13	10.13
Fixation R	1	76	4759146594	4759405343	258749	394.80	494.33	38	11	-1	10.70	10.70
Fixation L	1	76	4759413589	4759613963	200374	528.88	507.28	49	10	-1	10.09	10.09
Fixation R	1	77	4759413589	4759613963	200374	528.88	507.28	49	10	-1	10.66	10.66
Fixation L	1	77	4759622212	4759864208	241996	626.48	513.22	42	6	-1	9.97	9.97
Fixation R	1	78	4759622212	4759864208	241996	626.48	513.22	42	6	-1	10.69	10.69
Fixation L	1	78	4759872583	4760081205	208622	780.62	501.35	54	15	-1	9.74	9.74
Fixation R	1	79	4759872583	4760081205	208622	780.62	501.35	54	15	-1	10.52	10.52
Fixation L	1	79	4760089577	4760389949	300372	872.58	494.42	73	10	-1	9.82	9.82
Fixation R	1	80	4760089577	4760389949	300372	872.58	494.42	73	10	-1	10.50	10.50
Fixation L	1	80	4760440073	4760590197	150124	146.12	569.38	61	30	-1	10.16	10.16
Fixation R	1	81	4760440073	4760590197	150124	146.12	569.38	61	30	-1	10.57	10.57
Fixation L	1	81	4760598571	4760815569	216998	93.68	582.68	22	19	-1	10.12	10.12
Fixation R	1	82	4760598571	4760815569	216998	93.68	582.68	22	19	-1	10.55	10.55
Fixation L	1	82	4760823819	4761099188	275369	228.94	563.64	34	18	-1	10.05	10.05
Fixation R	1	83	4760823819	4761099188	275369	228.94	563.64	34	18	-1	10.39	10.39
Fixation L	1	83	4761107570	4761399683	292113	329.84	565.38	16	14	-1	10.26	10.26
Fixation R	1	84	4761107570	4761399683	292113	329.84	565.38	16	14	-1	10.69	10.69
Fixation L	1	84	4761407948	4761683308	275360	452.51	570.35	46	5	-1	10.00	10.00
Fixation R	1	85	4761407948	4761683308	275360	452.51	570.35	46	5	-1	10.83	10.83
Fixation L	1	85	4761691681	4761950427	258746	575.44	567.99	87	8	-1	10.30	10.30
Fixation R	1	86	4761691681	4761950427	258746	575.44	567.99	87	8	-1	10.86	10.86
Fixation L	1	86	4762042175	4762267421	225246	499.70	572.08	40	8	-1	10.26	10.26
Fixation R	1	87	4762042175	4762267421	225246	499.70	572.08	40	8	-1	10.90	10.90
Fixation L	1	87	4762275798	4762567919	292121	420.20	581.28	25	13	-1	10.35	10.35
Fixation R	1	88	4762275798	4762567919	292121	420.20	581.28	25	13	-1	11.03	11.03
Fixation L	1	88	4762576165	4762868287	292122	501.81	578.85	81	9	-1	10.37	10.37
Fixation R	1	89	4762576165	4762868287	292122	501.81	578.85	81	9	-1	11.09	11.09
Fixation L	1	89	4762876662	4763185411	308749	626.59	572.90	70	7	-1	10.04	10.04
Fixation R	1	90	4762876662	4763243782	367120	617.03	572.62	88	7	-1	11.01	11.01
Fixation R	1	91	4763252158	4763352282	100124	565.06	565.90	78	4	-1	11.11	11.11
Fixation L	1	90	4763352282	4763552529	200247	652.55	572.72	30	10	-1	10.27	10.27
Fixation R	1	92	4763360660	4763552529	191869	653.32	573.03	27	9	-1	11.08	11.08
Fixation L	1	91	4763594279	4763802899	208620	98.09	651.45	40	12	-1	10.04	10.04
Fixation R	1	93	4763594279	4763802899	208620	98.09	651.45	40	12	-1	10.62	10.62
Fixation L	1	92	4763811279	4763969773	158494	203.97	632.25	37	20	-1	10.36	10.36
Fixation R	1	94	4763811279	4763969773	158494	203.97	632.25	37	20	-1	10.53	10.53
Fixation L	1	93	4763978149	4764328517	350368	312.32	631.02	54	13	-1	10.42	10.42
Fixation R	1	95	4763978149	4764328517	350368	312.32	631.02	54	13	-1	10.61	10.61
Fixation L	1	94	4764336896	4764462145	125249	452.52	627.38	11	17	-1	9.22	9.22
Fixation R	1	96	4764336896	4764687386	350490	451.91	627.77	49	27	-1	11.14	11.14
Fixation L	1	95	4764478764	4764687386	208622	451.39	628.08	49	27	-1	10.05	10.05
Fixation L	1	96	4764695761	4764987757	291996	579.98	632.50	47	14	-1	10.42	10.42
Fixation R	1	97	4764695761	4764987757	291996	579.98	632.50	47	14	-1	11.06	11.06
Fixation L	1	97	4764996130	4765163012	166882	486.95	639.20	34	18	-1	10.50	10.50
Fixation R	1	98	4764996130	4765163012	166882	486.95	639.20	34	18	-1	11.32	11.32
Fixation L	1	98	4765179755	4765446747	266992	742.78	628.09	50	21	-1	10.38	10.38
Fixation R	1	99	4765179755	4765446747	266992	742.78	628.09	50	21	-1	11.01	11.01
Fixation L	1	99	4765455124	4765747119	291995	868.58	623.92	89	9	-1	10.14	10.14
Fixation R	1	100	4765455124	4765747119	291995	868.58	623.92	89	9	-1	10.85	10.85
Fixation L	1	100	4765755495	4765855617	100122	931.24	633.74	8	5	-1	10.15	10.15
Fixation R	1	101	4765755495	4765855617	100122	931.24	633.74	8	5	-1	10.79	10.79
Fixation L	1	101	4765905741	4766155988	250247	121.02	724.24	27	25	-1	10.24	10.24
Fixation R	1	102	4765905741	4766155988	250247	121.02	724.24	27	25	-1	10.74	10.74
Fixation L	1	102	4766164369	4766381361	216992	214.69	699.55	18	22	-1	10.45	10.45
Fixation R	1	103	4766164369	4766381361	216992	214.69	699.55	18	22	-1	10.40	10.40
Fixation L	1	103	4766389734	4766614989	225255	325.24	695.35	53	8	-1	10.43	10.43
Fixation R	1	104	4766389734	4766614989	225255	325.24	695.35	53	8	-1	10.69	10.69
Fixation L	1	104	4766623356	4766965482	342126	561.54	694.08	81	14	-1	10.63	10.63
Fixation R	1	105	4766623356	4766965482	342126	561.54	694.08	81	14	-1	10.95	10.95
Fixation L	1	105	4766973850	4767065609	91759	493.33	704.30	8	3	-1	10.49	10.49
Fixation R	1	106	4766973850	4767065609	91759	493.33	704.30	8	3	-1	11.18	11.18
Fixation L	1	106	4767082229	4767758215	675986	745.05	678.77	64	34	-1	10.08	10.08
Fixation R	1	107	4767082229	4767758215	675986	745.05	678.77	64	34	-1	10.84	10.84
Fixation L	1	107	4767766471	4767866735	100264	783.59	684.40	5	8	-1	10.07	10.07
Fixation R	1	108	4767766471	4767866735	100264	783.59	684.40	5	8	-1	10.83	10.83

