[BeGaze]
Converted from:	C:\Program Files\SMI\Experiment Suite 360\Experiment Center 2\Results\Readability_First_01\P02-eye_data.idf
Date:	02.08.2013 11:27:26
Version:	BeGaze 3.2.28
Sample Rate:	120
Subject:	P02
Description:	Run2

Table Header for Fixations:
Event Type	Trial	Number	Start	End	Duration	Location X	Location Y	Dispersion X	Dispersion Y	Plane	Avg. Pupil Size X	Avg. Pupil Size Y


Fixation L	1	1	5831585654	5831885976	300322	149.48	44.99	62	36	-1	9.94	9.94
Fixation R	1	1	5831585654	5831885976	300322	149.48	44.99	62	36	-1	10.61	10.61
Fixation L	1	2	5831910971	5832069596	158625	269.84	62.84	87	11	-1	10.07	10.07
Fixation R	1	2	5831910971	5832069596	158625	269.84	62.84	87	11	-1	10.52	10.52
Fixation L	1	3	5832077968	5832161345	83377	279.30	48.82	85	14	-1	10.04	10.04
Fixation R	1	3	5832077968	5832161345	83377	279.30	48.82	85	14	-1	10.34	10.34
Fixation L	1	4	5832169722	5832545210	375488	365.20	37.67	38	10	-1	9.86	9.86
Fixation R	1	4	5832169722	5832545210	375488	365.20	37.67	38	10	-1	10.26	10.26
Fixation L	1	5	5832553586	5832770462	216876	525.59	36.18	74	8	-1	9.82	9.82
Fixation R	1	5	5832553586	5832770462	216876	525.59	36.18	74	8	-1	10.21	10.21
Fixation L	1	6	5832778834	5832962461	183627	606.11	36.69	65	9	-1	9.92	9.92
Fixation R	1	6	5832778834	5832962461	183627	606.11	36.69	65	9	-1	10.33	10.33
Fixation L	1	7	5833012456	5833296202	283746	737.84	36.86	87	12	-1	10.09	10.09
Fixation R	1	7	5833012456	5833296202	283746	737.84	36.86	87	12	-1	10.27	10.27
Fixation L	1	8	5833304578	5833404700	100122	691.02	35.13	21	4	-1	9.96	9.96
Fixation R	1	8	5833304578	5833404700	100122	691.02	35.13	21	4	-1	10.25	10.25
Fixation L	1	9	5833413079	5833629944	216865	862.48	29.94	43	21	-1	9.90	9.90
Fixation R	1	9	5833413079	5833629944	216865	862.48	29.94	43	21	-1	10.04	10.04
Fixation L	1	10	5833680072	5833930441	250369	175.50	126.36	24	37	-1	9.84	9.84
Fixation R	1	10	5833680072	5833930441	250369	175.50	126.36	24	37	-1	10.59	10.59
Fixation L	1	11	5833938697	5834147313	208616	240.83	121.52	39	15	-1	10.15	10.15
Fixation R	1	11	5833938697	5834147313	208616	240.83	121.52	39	15	-1	10.57	10.57
Fixation L	1	12	5834155690	5834397687	241997	451.56	110.81	79	13	-1	10.12	10.12
Fixation R	1	12	5834155690	5834397687	241997	451.56	110.81	79	13	-1	10.49	10.49
Fixation L	1	13	5834406059	5834581309	175250	621.91	95.41	37	16	-1	10.16	10.16
Fixation R	1	13	5834406059	5834581309	175250	621.91	95.41	37	16	-1	10.41	10.41
Fixation L	1	14	5834589687	5834823304	233617	777.53	97.69	79	20	-1	10.16	10.16
Fixation R	1	14	5834589687	5834823304	233617	777.53	97.69	79	20	-1	10.36	10.36
Fixation L	1	15	5834839937	5835081925	241988	904.31	101.14	24	12	-1	10.10	10.10
Fixation R	1	15	5834839937	5835081925	241988	904.31	101.14	24	12	-1	10.47	10.47
Fixation L	1	16	5835140427	5835357298	216871	160.23	187.36	76	20	-1	9.89	9.89
Fixation R	1	16	5835140427	5835357298	216871	160.23	187.36	76	20	-1	10.65	10.65
Fixation L	1	17	5835365674	5835474172	108498	112.12	191.96	10	3	-1	9.97	9.97
Fixation R	1	17	5835365674	5835474172	108498	112.12	191.96	10	3	-1	10.60	10.60
Fixation L	1	18	5835482544	5835649414	166870	262.86	164.76	54	35	-1	10.15	10.15
Fixation R	1	18	5835482544	5835649414	166870	262.86	164.76	54	35	-1	10.54	10.54
Fixation L	1	19	5835657666	5835816288	158622	391.75	154.82	39	6	-1	10.13	10.13
Fixation R	1	19	5835657666	5835816288	158622	391.75	154.82	39	6	-1	10.38	10.38
Fixation L	1	20	5835824661	5836100041	275380	537.25	160.55	61	16	-1	10.07	10.07
Fixation R	1	20	5835824661	5836100041	275380	537.25	160.55	61	16	-1	10.42	10.42
Fixation L	1	21	5836108288	5836375406	267118	673.85	158.75	33	17	-1	9.90	9.90
Fixation R	1	21	5836108288	5836375406	267118	673.85	158.75	33	17	-1	10.39	10.39
Fixation L	1	22	5836392034	5836609024	216990	847.82	163.93	31	20	-1	10.01	10.01
Fixation R	1	22	5836392034	5836609024	216990	847.82	163.93	31	20	-1	10.30	10.30
Fixation L	1	23	5836617403	5836800904	183501	916.87	176.66	45	10	-1	10.07	10.07
Fixation R	1	23	5836617403	5836800904	183501	916.87	176.66	45	10	-1	10.31	10.31
Fixation L	1	24	5836859397	5837084644	225247	166.68	230.65	55	14	-1	10.02	10.02
Fixation R	1	24	5836859397	5837084644	225247	166.68	230.65	55	14	-1	10.77	10.77
Fixation L	1	25	5837093024	5837309888	216864	258.92	216.48	41	23	-1	10.27	10.27
Fixation R	1	25	5837093024	5837309888	216864	258.92	216.48	41	23	-1	10.72	10.72
Fixation L	1	26	5837318264	5837643764	325500	425.42	218.82	58	20	-1	10.15	10.15
Fixation R	1	26	5837318264	5837643764	325500	425.42	218.82	58	20	-1	10.50	10.50
Fixation L	1	27	5837660386	5837819010	158624	654.94	208.62	24	23	-1	9.98	9.98
Fixation R	1	27	5837660386	5837819010	158624	654.94	208.62	24	23	-1	10.40	10.40
Fixation L	1	28	5837827256	5837977507	150251	755.14	205.63	57	19	-1	10.01	10.01
Fixation R	1	28	5837827256	5837977507	150251	755.14	205.63	57	19	-1	10.41	10.41
Fixation L	1	29	5838027631	5838294631	267000	140.65	263.67	49	33	-1	9.92	9.92
Fixation R	1	29	5838027631	5838294631	267000	140.65	263.67	49	33	-1	10.56	10.56
Fixation L	1	30	5838386375	5838628368	241993	307.20	263.58	50	12	-1	10.23	10.23
Fixation R	1	30	5838386375	5838628368	241993	307.20	263.58	50	12	-1	10.63	10.63
Fixation L	1	31	5838636742	5838745248	108506	474.85	268.18	55	6	-1	10.24	10.24
Fixation R	1	31	5838636742	5838745248	108506	474.85	268.18	55	6	-1	10.71	10.71
Fixation L	1	32	5838887118	5839237484	350366	655.29	246.69	62	25	-1	10.25	10.25
Fixation R	1	32	5838887118	5839237484	350366	655.29	246.69	62	25	-1	10.78	10.78
Fixation L	1	33	5839279240	5839529605	250365	143.11	321.39	46	50	-1	9.85	9.85
Fixation R	1	33	5839279240	5839529605	250365	143.11	321.39	46	50	-1	10.48	10.48
Fixation L	1	34	5839562980	5839746607	183627	357.24	331.01	67	15	-1	10.21	10.21
Fixation R	1	34	5839562980	5839746607	183627	357.24	331.01	67	15	-1	10.54	10.54
Fixation L	1	35	5839754853	5839871732	116879	506.28	327.09	89	9	-1	10.22	10.22
Fixation R	1	35	5839754853	5839871732	116879	506.28	327.09	89	9	-1	10.55	10.55
Fixation L	1	36	5839880105	5839963474	83369	512.43	339.79	2	8	-1	10.08	10.08
Fixation R	1	36	5839880105	5839963474	83369	512.43	339.79	2	8	-1	10.57	10.57
Fixation L	1	37	5839980229	5840180471	200242	748.37	332.31	54	6	-1	9.93	9.93
Fixation R	1	37	5839980229	5840180471	200242	748.37	332.31	54	6	-1	10.48	10.48
Fixation L	1	38	5840188722	5840389095	200373	900.26	327.36	50	6	-1	9.82	9.82
Fixation R	1	38	5840188722	5840389095	200373	900.26	327.36	50	6	-1	10.49	10.49
Fixation L	1	39	5840397475	5840522590	125115	958.74	329.31	18	5	-1	9.87	9.87
Fixation R	1	39	5840397475	5840522590	125115	958.74	329.31	18	5	-1	10.52	10.52
Fixation L	1	40	5840572592	5840739588	166996	168.42	392.13	50	47	-1	9.91	9.91
Fixation R	1	40	5840572592	5840739588	166996	168.42	392.13	50	47	-1	10.65	10.65
Fixation L	1	41	5840747842	5841006589	258747	95.02	410.75	59	18	-1	9.94	9.94
Fixation R	1	41	5840747842	5841006589	258747	95.02	410.75	59	18	-1	10.57	10.57
Fixation L	1	42	5841014959	5841240203	225244	202.40	394.27	41	21	-1	9.99	9.99
Fixation R	1	42	5841014959	5841240203	225244	202.40	394.27	41	21	-1	10.48	10.48
Fixation L	1	43	5841248577	5841457207	208630	362.50	390.96	25	6	-1	10.21	10.21
Fixation R	1	43	5841248577	5841457207	208630	362.50	390.96	25	6	-1	10.60	10.60
Fixation L	1	44	5841465456	5841665827	200371	504.24	390.87	32	4	-1	10.13	10.13
Fixation R	1	44	5841465456	5841665827	200371	504.24	390.87	32	4	-1	10.64	10.64
Fixation L	1	45	5841674075	5841991204	317129	685.27	379.63	50	16	-1	9.90	9.90
Fixation R	1	45	5841674075	5841991204	317129	685.27	379.63	50	16	-1	10.11	10.11
Fixation L	1	46	5841999573	5842266568	266995	821.91	378.48	81	13	-1	9.83	9.83
Fixation R	1	46	5841999573	5842266568	266995	821.91	378.48	81	13	-1	10.45	10.45
Fixation L	1	47	5842274940	5842583686	308746	928.36	387.20	66	12	-1	9.86	9.86
Fixation R	1	47	5842274940	5842583686	308746	928.36	387.20	66	12	-1	10.41	10.41
Fixation L	1	48	5842642061	5842917433	275372	130.55	447.63	54	26	-1	9.81	9.81
Fixation R	1	48	5842642061	5842917433	275372	130.55	447.63	54	26	-1	10.38	10.38
Fixation L	1	49	5843042687	5843142799	100112	106.72	476.87	65	33	-1	10.36	10.36
Fixation R	1	49	5843042687	5843142799	100112	106.72	476.87	65	33	-1	10.16	10.16
Fixation L	1	50	5843276302	5843459803	183501	227.03	426.55	81	18	-1	10.42	10.42
Fixation R	1	50	5843276302	5843459803	183501	227.03	426.55	81	18	-1	10.28	10.28
Fixation L	1	51	5843509926	5843701793	191867	393.42	442.84	41	5	-1	10.47	10.47
Fixation R	1	51	5843509926	5843701793	191867	393.42	442.84	41	5	-1	11.10	11.10
Fixation L	1	52	5843710173	5843993913	283740	534.09	446.90	50	7	-1	10.48	10.48
Fixation R	1	52	5843710173	5843993913	283740	534.09	446.90	50	7	-1	10.79	10.79
Fixation L	1	53	5844002288	5844319294	317006	655.14	452.34	42	15	-1	10.51	10.51
Fixation R	1	53	5844002288	5844319294	317006	655.14	452.34	42	15	-1	10.91	10.91
Fixation L	1	54	5844327658	5844544655	216997	763.35	450.63	48	10	-1	10.54	10.54
Fixation R	1	54	5844327658	5844544655	216997	763.35	450.63	48	10	-1	10.94	10.94
Fixation L	1	55	5844719902	5844895148	175246	772.91	444.74	56	35	-1	10.73	10.73
Fixation R	1	55	5844719902	5844895148	175246	772.91	444.74	56	35	-1	11.02	11.02
Fixation L	1	56	5844903399	5845137150	233751	657.30	459.69	29	29	-1	11.07	11.07
Fixation R	1	56	5844903399	5845137150	233751	657.30	459.69	29	29	-1	11.54	11.54
Fixation L	1	57	5845145398	5845604388	458990	537.80	461.34	50	12	-1	10.76	10.76
Fixation R	1	57	5845145398	5845604388	458990	537.80	461.34	50	12	-1	11.35	11.35
Fixation L	1	58	5845612771	5845896510	283739	644.17	460.25	28	6	-1	10.72	10.72
Fixation R	1	58	5845612771	5845896510	283739	644.17	460.25	28	6	-1	11.12	11.12
Fixation L	1	59	5845904759	5846021632	116873	728.11	461.72	22	8	-1	10.62	10.62
Fixation R	1	59	5845904759	5846021632	116873	728.11	461.72	22	8	-1	10.95	10.95
Fixation L	1	60	5846155132	5846472259	317127	782.47	450.88	33	47	-1	10.62	10.62
Fixation R	1	60	5846155132	5846472259	317127	782.47	450.88	33	47	-1	10.89	10.89
Fixation L	1	61	5846480625	5846622496	141871	688.47	465.49	46	13	-1	10.47	10.47
Fixation R	1	61	5846480625	5846622496	141871	688.47	465.49	46	13	-1	11.01	11.01
Fixation L	1	62	5846772620	5847022991	250371	682.00	456.76	53	10	-1	10.43	10.43
Fixation R	1	62	5846772620	5847022991	250371	682.00	456.76	53	10	-1	10.62	10.62
Fixation L	1	63	5847031373	5847473608	442235	524.97	460.83	40	9	-1	10.31	10.31
Fixation R	1	63	5847031373	5847473608	442235	524.97	460.83	40	9	-1	11.04	11.04
Fixation L	1	64	5847481986	5847732230	250244	644.33	456.38	70	11	-1	10.02	10.02
Fixation R	1	64	5847481986	5847732230	250244	644.33	456.38	70	11	-1	10.62	10.62
Fixation L	1	65	5847740613	5847990982	250369	735.29	451.83	19	5	-1	10.29	10.29
Fixation R	1	65	5847740613	5847990982	250369	735.29	451.83	19	5	-1	10.84	10.84
Fixation L	1	66	5847999226	5848149480	150254	856.89	455.59	15	8	-1	10.50	10.50
Fixation R	1	66	5847999226	5848149480	150254	856.89	455.59	15	8	-1	10.99	10.99
Fixation L	1	67	5848199604	5848566724	367120	133.29	546.79	76	19	-1	10.54	10.54
Fixation R	1	67	5848199604	5848566724	367120	133.29	546.79	76	19	-1	11.15	11.15
Fixation L	1	68	5848575097	5848808716	233619	270.97	526.28	14	14	-1	10.72	10.72
Fixation R	1	68	5848575097	5848808716	233619	270.97	526.28	14	14	-1	11.10	11.10
Fixation L	1	69	5848817095	5849092466	275371	405.09	524.38	38	11	-1	10.72	10.72
Fixation R	1	69	5848817095	5849092466	275371	405.09	524.38	38	11	-1	11.36	11.36
Fixation L	1	70	5849100708	5849334457	233749	557.37	517.68	19	5	-1	10.35	10.35
Fixation R	1	70	5849100708	5849351084	250376	557.67	517.60	24	5	-1	11.37	11.37
Fixation R	1	71	5849609827	5849693202	83375	728.75	472.41	79	10	-1	10.99	10.99
Fixation R	1	72	5849759954	5849868454	108500	648.54	507.48	66	30	-1	11.46	11.46
Fixation R	1	73	5849918577	5850001947	83370	773.44	517.36	73	26	-1	11.63	11.63
Fixation L	1	71	5850377445	5850702936	325491	885.06	517.84	13	23	-1	11.15	11.15
Fixation R	1	74	5850377445	5850702936	325491	885.06	517.84	13	23	-1	11.57	11.57
Fixation L	1	72	5850752937	5850903183	150246	220.02	562.89	70	22	-1	10.45	10.45
Fixation R	1	75	5850752937	5850903183	150246	220.02	562.89	70	22	-1	11.04	11.04
Fixation R	1	76	5851003303	5851145186	141883	91.99	594.25	32	19	-1	10.77	10.77
Fixation R	1	77	5851211928	5851370429	158501	324.13	561.37	45	51	-1	11.15	11.15
Fixation R	1	78	5851487304	5851687554	200250	514.14	581.96	89	8	-1	11.70	11.70
Fixation R	1	79	5851804425	5851921166	116741	683.71	569.94	11	11	-1	11.57	11.57
Fixation L	1	73	5851929542	5852146539	216997	825.00	571.13	27	8	-1	10.71	10.71
Fixation R	1	80	5851929542	5852146539	216997	825.00	571.13	27	8	-1	11.12	11.12
Fixation L	1	74	5852188291	5852338413	150122	271.95	626.18	34	28	-1	10.49	10.49
Fixation R	1	81	5852188291	5852338413	150122	271.95	626.18	34	28	-1	11.12	11.12
Fixation L	1	75	5852346788	5852430285	83497	160.54	644.14	56	27	-1	9.66	9.66
Fixation R	1	82	5852346788	5852430285	83497	160.54	644.14	56	27	-1	11.03	11.03
Fixation L	1	76	5852538662	5852622159	83497	98.88	647.08	35	63	-1	9.95	9.95
Fixation R	1	83	5852538662	5852622159	83497	98.88	647.08	35	63	-1	10.84	10.84
Fixation L	1	77	5852755657	5852855779	100122	228.66	650.87	13	16	-1	10.90	10.90
Fixation R	1	84	5852755657	5852855779	100122	228.66	650.87	13	16	-1	10.99	10.99
Fixation L	1	78	5852864154	5853239656	375502	346.11	641.84	23	15	-1	10.88	10.88
Fixation R	1	85	5852864154	5853239656	375502	346.11	641.84	23	15	-1	11.14	11.14
Fixation L	1	79	5853248022	5853732018	483996	434.45	634.85	84	13	-1	10.66	10.66
Fixation R	1	86	5853248022	5853732018	483996	434.45	634.85	84	13	-1	11.30	11.30
Fixation L	1	80	5853740271	5853857138	116867	373.90	639.32	49	6	-1	10.62	10.62
Fixation R	1	87	5853740271	5853857138	116867	373.90	639.32	49	6	-1	11.14	11.14
Fixation L	1	81	5853865515	5854107508	241993	286.49	644.45	23	5	-1	10.57	10.57
Fixation R	1	88	5853865515	5854107508	241993	286.49	644.45	23	5	-1	10.72	10.72
Fixation L	1	82	5854115887	5854341133	225246	182.68	648.64	38	9	-1	10.57	10.57
Fixation R	1	89	5854115887	5854341133	225246	182.68	648.64	38	9	-1	10.62	10.62
Fixation L	1	83	5854349504	5854541380	191876	314.59	645.79	71	5	-1	10.75	10.75
Fixation R	1	90	5854349504	5854541380	191876	314.59	645.79	71	5	-1	10.95	10.95
Fixation L	1	84	5854558007	5854741627	183620	558.73	630.33	51	21	-1	10.30	10.30
Fixation R	1	91	5854558007	5854741627	183620	558.73	630.33	51	21	-1	11.22	11.22
Fixation L	1	85	5854750003	5854991999	241996	723.43	637.98	58	12	-1	10.68	10.68
Fixation R	1	92	5854750003	5854991999	241996	723.43	637.98	58	12	-1	11.14	11.14
Fixation L	1	86	5855000374	5855183871	183497	835.05	639.45	25	10	-1	10.46	10.46
Fixation R	1	93	5855000374	5855183871	183497	835.05	639.45	25	10	-1	10.92	10.92
Fixation L	1	87	5855233994	5855342493	108499	110.26	723.20	30	36	-1	10.12	10.12
Fixation R	1	94	5855233994	5855342493	108499	110.26	723.20	30	36	-1	10.63	10.63
Fixation L	1	88	5855467615	5855559489	91874	124.86	696.27	41	55	-1	10.07	10.07
Fixation R	1	95	5855467615	5855559489	91874	124.86	696.27	41	55	-1	10.62	10.62
Fixation L	1	89	5855584492	5855826482	241990	272.96	677.30	33	14	-1	10.32	10.32
Fixation R	1	96	5855584492	5855826482	241990	272.96	677.30	33	14	-1	11.00	11.00
Fixation L	1	90	5855834864	5855968356	133492	378.56	683.70	13	6	-1	11.04	11.04
Fixation R	1	97	5855834864	5855968356	133492	378.56	683.70	13	6	-1	11.37	11.37
Fixation L	1	91	5856076730	5856201977	125247	412.46	662.74	49	49	-1	10.97	10.97
Fixation R	1	98	5856076730	5856201977	125247	412.46	662.74	49	49	-1	11.13	11.13
Fixation L	1	92	5856210357	5856452349	241992	437.01	672.94	7	8	-1	10.50	10.50
Fixation R	1	99	5856210357	5856452349	241992	437.01	672.94	7	8	-1	11.17	11.17
Fixation L	1	93	5856460603	5856719344	258741	315.92	673.92	20	14	-1	10.37	10.37
Fixation R	1	100	5856460603	5856719344	258741	315.92	673.92	20	14	-1	10.82	10.82
Fixation L	1	94	5856727719	5856819469	91750	466.62	695.20	36	15	-1	10.06	10.06
Fixation R	1	101	5856727719	5856869469	141750	468.72	693.70	38	25	-1	11.61	11.61
Fixation L	1	95	5858902389	5859002309	99920	387.17	667.50	25	15	-1	9.41	9.41
Fixation R	1	102	5858902389	5859002309	99920	387.17	667.50	25	15	-1	9.99	9.99
Fixation L	1	96	5859010688	5859160941	150253	517.02	694.73	21	19	-1	9.85	9.85
Fixation R	1	103	5859010688	5859160941	150253	517.02	694.73	21	19	-1	10.52	10.52
Fixation L	1	97	5859169305	5859361189	191884	654.65	703.96	86	4	-1	10.24	10.24
Fixation R	1	104	5859169305	5859361189	191884	654.65	703.96	86	4	-1	10.61	10.61
Fixation L	1	98	5859369555	5859603175	233620	774.22	702.43	28	8	-1	10.04	10.04
Fixation R	1	105	5859369555	5859603175	233620	774.22	702.43	28	8	-1	10.74	10.74
Fixation L	1	99	5859611557	5859753426	141869	886.73	707.66	14	8	-1	10.22	10.22
Fixation R	1	106	5859611557	5859753426	141869	886.73	707.66	14	8	-1	10.70	10.70

