[BeGaze]
Converted from:	C:\Program Files\SMI\Experiment Suite 360\Experiment Center 2\Results\Readability_First_01\P02-eye_data.idf
Date:	02.08.2013 11:27:26
Version:	BeGaze 3.2.28
Sample Rate:	120
Subject:	P02
Description:	Run2

Table Header for Fixations:
Event Type	Trial	Number	Start	End	Duration	Location X	Location Y	Dispersion X	Dispersion Y	Plane	Avg. Pupil Size X	Avg. Pupil Size Y


Fixation L	1	1	5609378994	5609604344	225350	154.04	12.70	60	37	-1	9.70	9.70
Fixation R	1	1	5609378994	5609604344	225350	154.04	12.70	60	37	-1	10.39	10.39
Fixation L	1	2	5609612592	5609837959	225367	105.79	49.25	47	34	-1	9.95	9.95
Fixation R	1	2	5609612592	5609837959	225367	105.79	49.25	47	34	-1	10.41	10.41
Fixation L	1	3	5609896334	5610071585	175251	238.09	43.67	72	26	-1	9.83	9.83
Fixation R	1	3	5609896334	5610071585	175251	238.09	43.67	72	26	-1	10.45	10.45
Fixation L	1	4	5610079960	5610388700	308740	330.69	36.58	30	8	-1	9.93	9.93
Fixation R	1	4	5610079960	5610388700	308740	330.69	36.58	30	8	-1	10.42	10.42
Fixation L	1	5	5610397078	5610655741	258663	450.01	26.44	29	12	-1	9.91	9.91
Fixation R	1	5	5610397078	5610655741	258663	450.01	26.44	29	12	-1	10.26	10.26
Fixation L	1	6	5610664071	5610906073	242002	573.97	21.36	30	15	-1	9.87	9.87
Fixation R	1	6	5610664071	5610906073	242002	573.97	21.36	30	15	-1	10.12	10.12
Fixation L	1	7	5610914448	5611373310	458862	723.50	18.45	60	23	-1	9.76	9.76
Fixation R	1	7	5610914448	5611373310	458862	723.50	18.45	60	23	-1	9.99	9.99
Fixation L	1	8	5611381687	5611907309	525622	828.94	26.16	58	27	-1	9.89	9.89
Fixation R	1	8	5611381687	5611907309	525622	828.94	26.16	58	27	-1	9.97	9.97
Fixation L	1	9	5611915679	5612316299	400620	918.07	45.61	79	20	-1	9.78	9.78
Fixation R	1	9	5611915679	5612316299	400620	918.07	45.61	79	20	-1	9.95	9.95
Fixation L	1	10	5612374677	5612733545	358868	99.20	132.64	42	46	-1	9.68	9.68
Fixation R	1	10	5612374677	5612733545	358868	99.20	132.64	42	46	-1	10.27	10.27
Fixation L	1	11	5612741789	5612950413	208624	218.29	89.02	18	27	-1	9.64	9.64
Fixation R	1	11	5612741789	5612950413	208624	218.29	89.02	18	27	-1	10.07	10.07
Fixation L	1	12	5613075536	5613292534	216998	202.36	70.22	66	22	-1	9.68	9.68
Fixation R	1	12	5613075536	5613292534	216998	202.36	70.22	66	22	-1	10.03	10.03
Fixation L	1	13	5613309288	5613526279	216991	401.59	73.10	16	16	-1	9.92	9.92
Fixation R	1	13	5613309288	5613526279	216991	401.59	73.10	16	16	-1	10.06	10.06
Fixation L	1	14	5613534538	5613734784	200246	473.04	57.09	37	18	-1	9.85	9.85
Fixation R	1	14	5613534538	5613734784	200246	473.04	57.09	37	18	-1	10.02	10.02
Fixation L	1	15	5613743151	5613926776	183625	605.33	56.84	84	14	-1	9.60	9.60
Fixation R	1	15	5613743151	5613926776	183625	605.33	56.84	84	14	-1	9.89	9.89
Fixation L	1	16	5613935156	5614160400	225244	702.51	68.67	80	6	-1	9.50	9.50
Fixation R	1	16	5613935156	5614160400	225244	702.51	68.67	80	6	-1	9.67	9.67
Fixation L	1	17	5614168770	5614385770	217000	804.65	66.04	42	11	-1	9.41	9.41
Fixation R	1	17	5614168770	5614385770	217000	804.65	66.04	42	11	-1	9.54	9.54
Fixation L	1	18	5614394015	5614535896	141881	911.45	76.81	14	6	-1	9.35	9.35
Fixation R	1	18	5614394015	5614535896	141881	911.45	76.81	14	6	-1	9.51	9.51
Fixation L	1	19	5614594263	5614811267	217004	115.72	157.24	68	23	-1	9.21	9.21
Fixation R	1	19	5614594263	5614811267	217004	115.72	157.24	68	23	-1	9.75	9.75
Fixation L	1	20	5614819641	5614986511	166870	52.58	152.59	27	8	-1	9.38	9.38
Fixation R	1	20	5614819641	5614986511	166870	52.58	152.59	27	8	-1	9.84	9.84
Fixation L	1	21	5614994886	5615161761	166875	173.56	127.40	40	22	-1	9.48	9.48
Fixation R	1	21	5614994886	5615161761	166875	173.56	127.40	40	22	-1	9.88	9.88
Fixation L	1	22	5615170129	5615395377	225248	255.38	130.42	28	13	-1	9.50	9.50
Fixation R	1	22	5615170129	5615395377	225248	255.38	130.42	28	13	-1	9.90	9.90
Fixation L	1	23	5615403752	5615695747	291995	375.95	126.83	38	10	-1	9.50	9.50
Fixation R	1	23	5615403752	5615695747	291995	375.95	126.83	38	10	-1	9.83	9.83
Fixation L	1	24	5615704121	5615912750	208629	475.47	126.24	67	26	-1	9.56	9.56
Fixation R	1	24	5615704121	5615912750	208629	475.47	126.24	67	26	-1	9.83	9.83
Fixation L	1	25	5615987870	5616263243	275373	664.58	122.82	56	19	-1	9.50	9.50
Fixation R	1	25	5615987870	5616263243	275373	664.58	122.82	56	19	-1	9.92	9.92
Fixation L	1	26	5616271612	5616396736	125124	738.20	117.12	29	22	-1	9.35	9.35
Fixation R	1	26	5616271612	5616396736	125124	738.20	117.12	29	22	-1	9.95	9.95
Fixation L	1	27	5616505234	5616605357	100123	934.71	149.19	77	22	-1	9.66	9.66
Fixation R	1	27	5616521860	5616755605	233745	903.97	142.04	76	23	-1	9.69	9.69
Fixation L	1	28	5616613739	5617105973	492234	895.90	134.81	82	13	-1	9.66	9.66
Fixation R	1	28	5616763863	5617105973	342110	899.04	133.09	82	9	-1	9.84	9.84
Fixation L	1	29	5617164481	5617339733	175252	142.71	207.75	51	42	-1	9.39	9.39
Fixation R	1	29	5617164481	5617339733	175252	142.71	207.75	51	42	-1	9.93	9.93
Fixation L	1	30	5617347971	5617548344	200373	92.07	214.95	33	8	-1	9.45	9.45
Fixation R	1	30	5617347971	5617548344	200373	92.07	214.95	33	8	-1	9.95	9.95
Fixation L	1	31	5617556593	5617773591	216998	248.01	206.59	60	24	-1	9.55	9.55
Fixation R	1	31	5617556593	5617773591	216998	248.01	206.59	60	24	-1	9.89	9.89
Fixation L	1	32	5617781965	5617948841	166876	335.59	197.04	38	10	-1	9.51	9.51
Fixation R	1	32	5617781965	5617948841	166876	335.59	197.04	38	10	-1	9.88	9.88
Fixation L	1	33	5617957086	5618190837	233751	441.89	176.15	48	37	-1	9.33	9.33
Fixation R	1	33	5617957086	5618190837	233751	441.89	176.15	48	37	-1	9.66	9.66
Fixation L	1	34	5618199207	5618658078	458871	608.74	175.89	30	29	-1	9.41	9.41
Fixation R	1	34	5618199207	5618658078	458871	608.74	175.89	30	29	-1	9.89	9.89
Fixation R	1	35	5618724825	5618866702	141877	745.92	177.22	43	35	-1	9.98	9.98
Fixation R	1	36	5618875076	5619058695	183619	833.11	192.61	50	48	-1	10.08	10.08
Fixation R	1	37	5619066950	5619158823	91873	848.82	214.75	84	7	-1	10.08	10.08
Fixation R	1	38	5619200445	5619359064	158619	884.05	201.54	17	12	-1	9.97	9.97
Fixation L	1	35	5619242195	5619359064	116869	885.59	200.23	16	8	-1	9.52	9.52
Fixation R	1	39	5619567686	5620101683	533997	91.44	293.57	36	15	-1	9.96	9.96
Fixation L	1	36	5619626063	5620101683	475620	89.75	294.44	36	13	-1	9.57	9.57
Fixation L	1	37	5620110052	5620268554	158502	213.73	276.95	13	26	-1	9.63	9.63
Fixation R	1	40	5620110052	5620268554	158502	213.73	276.95	13	26	-1	9.93	9.93
Fixation L	1	38	5620276931	5620402180	125249	317.91	252.08	44	40	-1	9.51	9.51
Fixation R	1	41	5620276931	5620402180	125249	317.91	252.08	44	40	-1	9.94	9.94
Fixation L	1	39	5620552304	5620669169	116865	290.53	264.28	78	11	-1	9.61	9.61
Fixation R	1	42	5620552304	5620669169	116865	290.53	264.28	78	11	-1	10.08	10.08
Fixation L	1	40	5620677551	5620911167	233616	418.03	270.33	24	7	-1	9.82	9.82
Fixation R	1	43	5620677551	5620911167	233616	418.03	270.33	24	7	-1	10.32	10.32
Fixation L	1	41	5620919417	5621094665	175248	538.14	261.83	14	8	-1	9.76	9.76
Fixation R	1	44	5620919417	5621094665	175248	538.14	261.83	14	8	-1	10.25	10.25
Fixation L	1	42	5621103043	5621436786	333743	686.09	251.29	58	10	-1	9.73	9.73
Fixation R	1	45	5621103043	5621436786	333743	686.09	251.29	58	10	-1	10.11	10.11
Fixation L	1	43	5621445157	5621653787	208630	791.96	259.83	85	9	-1	9.63	9.63
Fixation R	1	46	5621445157	5621653787	208630	791.96	259.83	85	9	-1	10.12	10.12
Fixation L	1	44	5621662158	5621895779	233621	861.47	264.37	24	13	-1	9.61	9.61
Fixation R	1	47	5621662158	5621895779	233621	861.47	264.37	24	13	-1	10.01	10.01
Fixation L	1	45	5621954155	5622162777	208622	123.82	313.90	55	42	-1	9.56	9.56
Fixation R	1	48	5621954155	5622162777	208622	123.82	313.90	55	42	-1	10.07	10.07
Fixation L	1	46	5622329654	5622429900	100246	185.96	291.83	75	24	-1	9.68	9.68
Fixation R	1	49	5622329654	5622429900	100246	185.96	291.83	75	24	-1	9.95	9.95
Fixation L	1	47	5622438145	5622705267	267122	208.01	325.89	17	30	-1	9.75	9.75
Fixation R	1	50	5622438145	5622705267	267122	208.01	325.89	17	30	-1	10.17	10.17
Fixation L	1	48	5622713515	5623456259	742744	284.16	328.25	53	14	-1	9.63	9.63
Fixation R	1	51	5622713515	5623456259	742744	284.16	328.25	53	14	-1	9.99	9.99
Fixation L	1	49	5623464506	5623706503	241997	442.48	327.03	37	25	-1	9.63	9.63
Fixation R	1	52	5623464506	5623706503	241997	442.48	327.03	37	25	-1	10.10	10.10
Fixation L	1	50	5623714873	5623915123	200250	585.03	326.72	22	21	-1	9.65	9.65
Fixation R	1	53	5623714873	5623915123	200250	585.03	326.72	22	21	-1	10.17	10.17
Fixation L	1	51	5623931877	5624157122	225245	821.83	305.38	62	26	-1	9.41	9.41
Fixation R	1	54	5623931877	5624157122	225245	821.83	305.38	62	26	-1	9.80	9.80
Fixation L	1	52	5624165496	5624532619	367123	905.36	319.03	53	31	-1	9.42	9.42
Fixation R	1	55	5624165496	5624532619	367123	905.36	319.03	53	31	-1	9.79	9.79
Fixation L	1	53	5624582743	5624724609	141866	163.47	394.43	19	39	-1	9.40	9.40
Fixation R	1	56	5624582743	5624724609	141866	163.47	394.43	19	39	-1	9.99	9.99
Fixation L	1	54	5624732992	5625058357	325365	82.22	400.78	40	10	-1	9.38	9.38
Fixation R	1	57	5624732992	5625058357	325365	82.22	400.78	40	10	-1	9.76	9.76
Fixation L	1	55	5625066732	5625458852	392120	200.00	384.58	58	18	-1	9.45	9.45
Fixation R	1	58	5625066732	5625458852	392120	200.00	384.58	58	18	-1	9.78	9.78
Fixation L	1	56	5625467229	5625617471	150242	269.37	390.79	19	21	-1	9.46	9.46
Fixation R	1	59	5625467229	5625617471	150242	269.37	390.79	19	21	-1	9.90	9.90
Fixation L	1	57	5625625845	5626076340	450495	343.91	386.70	85	13	-1	9.48	9.48
Fixation R	1	60	5625625845	5626076340	450495	343.91	386.70	85	13	-1	10.00	10.00
Fixation L	1	58	5626084719	5626310089	225370	465.92	382.10	36	13	-1	9.41	9.41
Fixation R	1	61	5626084719	5626310089	225370	465.92	382.10	36	13	-1	9.93	9.93
Fixation L	1	59	5626318334	5627570067	1251733	566.48	391.68	79	18	-1	9.41	9.41
Fixation R	1	62	5626318334	5627570067	1251733	566.48	391.68	79	18	-1	9.96	9.96
Fixation L	1	60	5627628438	5627978939	350501	666.43	394.15	74	12	-1	9.48	9.48
Fixation R	1	63	5627628438	5627978939	350501	666.43	394.15	74	12	-1	10.04	10.04
Fixation L	1	61	5627987316	5628279310	291994	728.79	390.19	24	12	-1	9.46	9.46
Fixation R	1	64	5627987316	5628279310	291994	728.79	390.19	24	12	-1	9.90	9.90
Fixation L	1	62	5628287687	5628613180	325493	838.41	372.22	47	38	-1	9.42	9.42
Fixation R	1	65	5628287687	5628613180	325493	838.41	372.22	47	38	-1	9.77	9.77
Fixation L	1	63	5628621427	5628946919	325492	921.80	369.00	42	15	-1	9.44	9.44
Fixation R	1	66	5628621427	5628946919	325492	921.80	369.00	42	15	-1	9.71	9.71
Fixation L	1	64	5628955295	5629097169	141874	987.89	370.60	25	5	-1	9.36	9.36
Fixation R	1	67	5628955295	5629097169	141874	987.89	370.60	25	5	-1	9.59	9.59
Fixation L	1	65	5629155549	5629405915	250366	122.19	453.55	62	34	-1	9.33	9.33
Fixation R	1	68	5629155549	5629405915	250366	122.19	453.55	62	34	-1	9.71	9.71
Fixation L	1	66	5629414167	5629556038	141871	76.24	455.40	25	11	-1	9.55	9.55
Fixation R	1	69	5629414167	5629556038	141871	76.24	455.40	25	11	-1	9.62	9.62
Fixation L	1	67	5629681287	5629764660	83373	33.29	497.81	68	31	-1	8.62	8.62
Fixation R	1	70	5629681287	5629764660	83373	33.29	497.81	68	31	-1	9.64	9.64
Fixation L	1	68	5629773036	5629964907	191871	88.36	456.34	51	34	-1	9.72	9.72
Fixation R	1	71	5629773036	5629964907	191871	88.36	456.34	51	34	-1	9.63	9.63
Fixation L	1	69	5629973285	5630206903	233618	145.69	439.60	49	8	-1	9.56	9.56
Fixation R	1	72	5629973285	5630206903	233618	145.69	439.60	49	8	-1	9.77	9.77
Fixation L	1	70	5630215283	5630582399	367116	289.75	424.76	26	16	-1	9.48	9.48
Fixation R	1	73	5630215283	5630582399	367116	289.75	424.76	26	16	-1	9.75	9.75
Fixation L	1	71	5630590776	5630715899	125123	467.02	435.60	88	10	-1	9.40	9.40
Fixation R	1	74	5630590776	5630715899	125123	467.02	435.60	88	10	-1	10.11	10.11
Fixation L	1	72	5630724272	5630816144	91872	482.89	440.22	81	2	-1	9.43	9.43
Fixation R	1	75	5630724272	5630816144	91872	482.89	440.22	81	2	-1	10.11	10.11
Fixation L	1	73	5630824400	5631133140	308740	634.67	450.68	17	15	-1	9.38	9.38
Fixation R	1	76	5630824400	5631133140	308740	634.67	450.68	17	15	-1	9.98	9.98
Fixation L	1	74	5631141517	5631408509	266992	480.35	447.35	72	10	-1	9.29	9.29
Fixation R	1	77	5631141517	5631408509	266992	480.35	447.35	72	10	-1	10.10	10.10
Fixation L	1	75	5631416890	5631600509	183619	642.20	448.60	20	9	-1	9.51	9.51
Fixation R	1	78	5631416890	5631600509	183619	642.20	448.60	20	9	-1	10.18	10.18
Fixation L	1	76	5631608881	5631800754	191873	819.87	434.99	62	16	-1	9.42	9.42
Fixation R	1	79	5631608881	5631800754	191873	819.87	434.99	62	16	-1	9.74	9.74
Fixation L	1	77	5631809127	5631967628	158501	914.00	434.30	94	4	-1	9.36	9.36
Fixation R	1	80	5631809127	5631967628	158501	914.00	434.30	94	4	-1	9.62	9.62
Fixation L	1	78	5632017753	5632151247	133494	157.03	492.75	31	28	-1	9.31	9.31
Fixation R	1	81	5632017753	5632151247	133494	157.03	492.75	31	28	-1	9.73	9.73
Fixation L	1	79	5632159630	5632376501	216871	66.30	506.10	36	12	-1	9.31	9.31
Fixation R	1	82	5632159630	5632376501	216871	66.30	506.10	36	12	-1	9.61	9.61
Fixation L	1	80	5632384875	5632910609	525734	196.12	502.31	69	29	-1	9.48	9.48
Fixation R	1	83	5632384875	5632910609	525734	196.12	502.31	69	29	-1	9.48	9.48
Fixation L	1	81	5632977362	5633260980	283618	321.80	489.90	47	24	-1	9.61	9.61
Fixation R	1	84	5632977362	5633260980	283618	321.80	489.90	47	24	-1	10.08	10.08
Fixation L	1	82	5633269363	5633502979	233616	510.78	500.17	70	16	-1	9.67	9.67
Fixation R	1	85	5633269363	5633502979	233616	510.78	500.17	70	16	-1	10.50	10.50
Fixation L	1	83	5633511352	5633678224	166872	615.43	505.52	12	5	-1	9.49	9.49
Fixation R	1	86	5633511352	5633678224	166872	615.43	505.52	12	5	-1	10.19	10.19
Fixation L	1	84	5633686601	5634053717	367116	788.24	504.69	74	18	-1	9.41	9.41
Fixation R	1	87	5633686601	5634053717	367116	788.24	504.69	74	18	-1	9.90	9.90
Fixation L	1	85	5634095476	5634320843	225367	184.13	540.86	55	41	-1	9.44	9.44
Fixation R	1	88	5634095476	5634320843	225367	184.13	540.86	55	41	-1	9.74	9.74
Fixation L	1	86	5634329088	5634504337	175249	230.19	546.72	43	4	-1	9.63	9.63
Fixation R	1	89	5634329088	5634504337	175249	230.19	546.72	43	4	-1	9.82	9.82
Fixation L	1	87	5634512711	5634654589	141878	363.43	555.31	10	13	-1	9.58	9.58
Fixation R	1	90	5634512711	5634654589	141878	363.43	555.31	10	13	-1	10.15	10.15
Fixation L	1	88	5634671210	5634979957	308747	521.57	562.57	48	12	-1	9.55	9.55
Fixation R	1	91	5634671210	5634979957	308747	521.57	562.57	48	12	-1	10.45	10.45
Fixation L	1	89	5634988333	5635180328	191995	725.90	561.97	89	10	-1	9.58	9.58
Fixation R	1	92	5634988333	5635180328	191995	725.90	561.97	89	10	-1	9.98	9.98
Fixation L	1	90	5635188579	5635372202	183623	774.77	552.93	77	6	-1	9.42	9.42
Fixation R	1	93	5635188579	5635372202	183623	774.77	552.93	77	6	-1	9.97	9.97
Fixation L	1	91	5635422327	5635672572	250245	112.17	621.38	44	45	-1	9.24	9.24
Fixation R	1	94	5635422327	5635672572	250245	112.17	621.38	44	45	-1	9.57	9.57
Fixation L	1	92	5635680946	5635889569	208623	254.44	609.48	82	9	-1	9.64	9.64
Fixation R	1	95	5635680946	5635889569	208623	254.44	609.48	82	9	-1	9.77	9.77
Fixation L	1	93	5635897945	5636206685	308740	416.26	619.06	52	11	-1	9.74	9.74
Fixation R	1	96	5635897945	5636206685	308740	416.26	619.06	52	11	-1	10.53	10.53
Fixation L	1	94	5636215058	5636406933	191875	555.98	618.91	18	10	-1	9.74	9.74
Fixation R	1	97	5636215058	5636406933	191875	555.98	618.91	18	10	-1	10.53	10.53
Fixation L	1	95	5636415307	5636782428	367121	691.90	619.80	74	23	-1	9.79	9.79
Fixation R	1	98	5636415307	5636782428	367121	691.90	619.80	74	23	-1	10.18	10.18
Fixation L	1	96	5636790806	5637016046	225240	806.99	625.80	53	14	-1	9.33	9.33
Fixation R	1	99	5636790806	5637016046	225240	806.99	625.80	53	14	-1	9.83	9.83
Fixation L	1	97	5637024425	5637299799	275374	933.30	620.52	27	8	-1	9.44	9.44
Fixation R	1	100	5637024425	5637299799	275374	933.30	620.52	27	8	-1	9.82	9.82
Fixation L	1	98	5637358167	5637566789	208622	106.30	685.09	61	37	-1	9.30	9.30
Fixation R	1	101	5637358167	5637566789	208622	106.30	685.09	61	37	-1	9.63	9.63
Fixation L	1	99	5637575168	5637733662	158494	71.18	707.74	54	14	-1	9.34	9.34
Fixation R	1	102	5637575168	5637733662	158494	71.18	707.74	54	14	-1	9.70	9.70
Fixation L	1	100	5637742038	5638067532	325494	145.04	686.45	20	21	-1	9.53	9.53
Fixation R	1	103	5637742038	5638067532	325494	145.04	686.45	20	21	-1	9.53	9.53
Fixation L	1	101	5638075785	5638292782	216997	239.41	671.47	55	11	-1	9.79	9.79
Fixation R	1	104	5638075785	5638292782	216997	239.41	671.47	55	11	-1	9.60	9.60
Fixation L	1	102	5638301159	5638451283	150124	356.33	673.20	23	6	-1	9.90	9.90
Fixation R	1	105	5638301159	5638451283	150124	356.33	673.20	23	6	-1	10.29	10.29
Fixation L	1	103	5638459659	5638651655	191996	498.39	678.78	56	6	-1	9.87	9.87
Fixation R	1	106	5638459659	5638651655	191996	498.39	678.78	56	6	-1	10.85	10.85
Fixation L	1	104	5638659900	5638868520	208620	635.69	687.74	53	7	-1	10.26	10.26
Fixation R	1	107	5638659900	5638868520	208620	635.69	687.74	53	7	-1	10.46	10.46
Fixation L	1	105	5638876897	5639319138	442241	727.96	679.30	82	14	-1	9.76	9.76
Fixation R	1	108	5638876897	5639319138	442241	727.96	679.30	82	14	-1	10.34	10.34
Fixation L	1	106	5639327516	5639502767	175251	858.83	686.54	38	10	-1	9.51	9.51
Fixation R	1	109	5639327516	5639502767	175251	858.83	686.54	38	10	-1	9.91	9.91
Fixation L	1	107	5639519387	5639611260	91873	571.50	684.84	92	6	-1	10.10	10.10
Fixation R	1	110	5639519387	5639611260	91873	571.50	684.84	92	6	-1	10.78	10.78
Fixation L	1	108	5639619635	5639844881	225246	550.46	681.47	80	13	-1	9.97	9.97
Fixation R	1	111	5639619635	5639844881	225246	550.46	681.47	80	13	-1	10.81	10.81
Fixation L	1	109	5639869884	5640187001	317117	899.87	680.94	38	16	-1	9.66	9.66
Fixation R	1	112	5639869884	5640187001	317117	899.87	680.94	38	16	-1	10.09	10.09
Fixation R	1	113	5640287129	5640504128	216999	148.28	25.91	52	47	-1	9.99	9.99
Fixation L	1	110	5640353878	5640612646	258768	138.77	40.14	52	34	-1	9.44	9.44
Fixation R	1	114	5640512495	5640612646	100151	115.57	51.28	16	6	-1	9.86	9.86

