[BeGaze]
Converted from:	C:\Program Files\SMI\Experiment Suite 360\Experiment Center 2\Results\Readability_First_01\P02-eye_data.idf
Date:	02.08.2013 11:27:28
Version:	BeGaze 3.2.28
Sample Rate:	120
Subject:	P02
Description:	Run2

Table Header for Fixations:
Event Type	Trial	Number	Start	End	Duration	Location X	Location Y	Dispersion X	Dispersion Y	Plane	Avg. Pupil Size X	Avg. Pupil Size Y


Fixation L	1	1	6894238377	6894396868	158491	199.35	96.89	78	17	-1	9.85	9.85
Fixation R	1	1	6894238377	6894396868	158491	199.35	96.89	78	17	-1	10.62	10.62
Fixation L	1	2	6894405245	6894647243	241998	110.98	82.87	83	15	-1	9.90	9.90
Fixation R	1	2	6894405245	6894647243	241998	110.98	82.87	83	15	-1	10.31	10.31
Fixation L	1	3	6894655618	6894905988	250370	276.68	67.89	12	23	-1	9.72	9.72
Fixation R	1	3	6894655618	6894905988	250370	276.68	67.89	12	23	-1	9.87	9.87
Fixation L	1	4	6894914242	6895197982	283740	452.62	43.36	73	25	-1	9.65	9.65
Fixation R	1	4	6894914242	6895197982	283740	452.62	43.36	73	25	-1	9.78	9.78
Fixation L	1	5	6895214739	6895473356	258617	599.60	31.10	30	5	-1	9.64	9.64
Fixation R	1	5	6895214739	6895473356	258617	599.60	31.10	30	5	-1	9.81	9.81
Fixation L	1	6	6895481729	6895740360	258631	705.46	32.46	48	9	-1	9.71	9.71
Fixation R	1	6	6895481729	6895740360	258631	705.46	32.46	48	9	-1	10.00	10.00
Fixation L	1	7	6895748726	6895948971	200245	807.60	43.26	20	24	-1	9.80	9.80
Fixation R	1	7	6895748726	6895948971	200245	807.60	43.26	20	24	-1	9.98	9.98
Fixation L	1	8	6895957345	6896132596	175251	903.95	64.89	37	28	-1	9.76	9.76
Fixation R	1	8	6895957345	6896132596	175251	903.95	64.89	37	28	-1	9.96	9.96
Fixation L	1	9	6896190969	6896399592	208623	145.01	116.91	72	27	-1	9.82	9.82
Fixation R	1	9	6896190969	6896399592	208623	145.01	116.91	72	27	-1	10.30	10.30
Fixation R	1	10	6896549840	6896658338	108498	179.76	86.10	36	61	-1	10.48	10.48
Fixation L	1	10	6896566468	6896750087	183619	194.54	93.34	53	28	-1	10.02	10.02
Fixation R	1	11	6896666591	6896750087	83496	208.99	94.24	22	5	-1	10.28	10.28
Fixation L	1	11	6896766714	6897000464	233750	383.15	103.78	26	22	-1	10.28	10.28
Fixation R	1	12	6896766714	6897000464	233750	383.15	103.78	26	22	-1	10.46	10.46
Fixation L	1	12	6897008704	6897250702	241998	502.30	88.55	61	14	-1	10.16	10.16
Fixation R	1	13	6897008704	6897250702	241998	502.30	88.55	61	14	-1	10.23	10.23
Fixation L	1	13	6897259078	6897626198	367120	634.41	80.81	54	19	-1	9.76	9.76
Fixation R	1	14	6897259078	6897626198	367120	634.41	80.81	54	19	-1	9.95	9.95
Fixation L	1	14	6897709692	6898068571	358879	797.96	91.86	56	43	-1	9.89	9.89
Fixation R	1	15	6897709692	6898068571	358879	797.96	91.86	56	43	-1	10.02	10.02
Fixation L	1	15	6898076815	6898527431	450616	851.49	106.39	82	7	-1	9.85	9.85
Fixation R	1	16	6898076815	6898527431	450616	851.49	106.39	82	7	-1	10.01	10.01
Fixation L	1	16	6898535806	6898619311	83505	916.39	112.69	16	3	-1	9.76	9.76
Fixation R	1	17	6898535806	6898619311	83505	916.39	112.69	16	3	-1	9.96	9.96
Fixation L	1	17	6898677681	6898852929	175248	155.01	180.87	72	22	-1	9.69	9.69
Fixation R	1	18	6898677681	6898852929	175248	155.01	180.87	72	22	-1	10.23	10.23
Fixation L	1	18	6898861303	6899044801	183498	110.45	186.68	46	14	-1	9.73	9.73
Fixation R	1	19	6898861303	6899044801	183498	110.45	186.68	46	14	-1	10.17	10.17
Fixation L	1	19	6899053175	6899228422	175247	253.08	170.22	22	23	-1	9.83	9.83
Fixation R	1	20	6899053175	6899228422	175247	253.08	170.22	22	23	-1	10.26	10.26
Fixation L	1	20	6899236799	6899361919	125120	343.94	159.32	16	6	-1	9.92	9.92
Fixation R	1	21	6899236799	6899361919	125120	343.94	159.32	16	6	-1	10.19	10.19
Fixation L	1	21	6899545545	6899679040	133495	244.25	161.82	65	6	-1	9.89	9.89
Fixation R	1	22	6899545545	6899679040	133495	244.25	161.82	65	6	-1	10.17	10.17
Fixation L	1	22	6899687289	6900096287	408998	419.09	163.58	33	13	-1	10.19	10.19
Fixation R	1	23	6899687289	6900096287	408998	419.09	163.58	33	13	-1	10.33	10.33
Fixation L	1	23	6900104534	6900621905	517371	509.25	165.39	75	20	-1	9.97	9.97
Fixation R	1	24	6900104534	6900621905	517371	509.25	165.39	75	20	-1	10.21	10.21
Fixation L	1	24	6900630275	6900838898	208623	552.97	178.19	8	18	-1	9.92	9.92
Fixation R	1	25	6900630275	6900838898	208623	552.97	178.19	8	18	-1	10.20	10.20
Fixation L	1	25	6900847276	6901055895	208619	732.92	150.59	61	19	-1	9.87	9.87
Fixation R	1	26	6900847276	6901055895	208619	732.92	150.59	61	19	-1	10.15	10.15
Fixation L	1	26	6901064142	6901448017	383875	887.35	152.71	51	23	-1	9.82	9.82
Fixation R	1	27	6901064142	6901448017	383875	887.35	152.71	51	23	-1	9.94	9.94
Fixation L	1	27	6901506512	6901790132	283620	130.43	219.17	71	22	-1	9.72	9.72
Fixation R	1	28	6901506512	6901790132	283620	130.43	219.17	71	22	-1	10.25	10.25
Fixation L	1	28	6901798510	6901923637	125127	79.77	231.38	41	43	-1	9.67	9.67
Fixation R	1	29	6901798510	6901923637	125127	79.77	231.38	41	43	-1	10.12	10.12
Fixation L	1	29	6902032132	6902182376	150244	215.60	226.56	73	24	-1	9.83	9.83
Fixation R	1	30	6902032132	6902182376	150244	215.60	226.56	73	24	-1	10.08	10.08
Fixation L	1	30	6902190754	6902274132	83378	257.04	216.72	73	12	-1	9.98	9.98
Fixation R	1	31	6902190754	6902274132	83378	257.04	216.72	73	12	-1	10.24	10.24
Fixation L	1	31	6902282501	6902541120	258619	358.77	212.00	34	13	-1	10.06	10.06
Fixation R	1	32	6902282501	6902541120	258619	358.77	212.00	34	13	-1	10.25	10.25
Fixation L	1	32	6902549498	6902849997	300499	522.97	214.43	30	27	-1	9.96	9.96
Fixation R	1	33	6902549498	6902849997	300499	522.97	214.43	30	27	-1	10.24	10.24
Fixation L	1	33	6902866617	6903133616	266999	695.93	219.71	44	16	-1	9.89	9.89
Fixation R	1	34	6902866617	6903133616	266999	695.93	219.71	44	16	-1	10.22	10.22
Fixation L	1	34	6903141989	6903300488	158499	879.31	215.17	95	4	-1	9.88	9.88
Fixation R	1	35	6903141989	6903300488	158499	879.31	215.17	95	4	-1	10.03	10.03
Fixation L	1	35	6903383983	6903726110	342127	213.37	269.27	75	11	-1	9.92	9.92
Fixation R	1	36	6903383983	6903726110	342127	213.37	269.27	75	11	-1	10.24	10.24
Fixation L	1	36	6903876229	6904026477	150248	310.26	263.96	48	45	-1	10.10	10.10
Fixation R	1	37	6903876229	6904026477	150248	310.26	263.96	48	45	-1	10.35	10.35
Fixation L	1	37	6904034858	6904218470	183612	222.21	269.36	23	16	-1	10.12	10.12
Fixation R	1	38	6904034858	6904218470	183612	222.21	269.36	23	16	-1	10.49	10.49
Fixation L	1	38	6904226727	6904685712	458985	411.98	268.54	67	14	-1	10.14	10.14
Fixation R	1	39	6904226727	6904685712	458985	411.98	268.54	67	14	-1	10.33	10.33
Fixation L	1	39	6904694087	6904902716	208629	533.14	261.81	48	15	-1	9.92	9.92
Fixation R	1	40	6904694087	6904902716	208629	533.14	261.81	48	15	-1	10.10	10.10
Fixation L	1	40	6904911086	6905203085	291999	655.28	266.25	45	14	-1	9.77	9.77
Fixation R	1	41	6904911086	6905203085	291999	655.28	266.25	45	14	-1	10.21	10.21
Fixation L	1	41	6905211455	6905553580	342125	809.98	268.12	23	15	-1	9.72	9.72
Fixation R	1	42	6905211455	6905553580	342125	809.98	268.12	23	15	-1	10.05	10.05
Fixation L	1	42	6905561953	6905870695	308742	942.54	264.48	52	21	-1	9.59	9.59
Fixation R	1	43	6905561953	6905870695	308742	942.54	264.48	52	21	-1	9.97	9.97
Fixation L	1	43	6905878949	6906254447	375498	832.60	273.47	27	19	-1	9.83	9.83
Fixation R	1	44	6905878949	6906254447	375498	832.60	273.47	27	19	-1	10.22	10.22
Fixation L	1	44	6906262817	6906488185	225368	959.76	271.70	48	18	-1	9.77	9.77
Fixation R	1	45	6906262817	6906488185	225368	959.76	271.70	48	18	-1	9.98	9.98
Fixation L	1	45	6906546562	6906730186	183624	166.62	340.02	63	24	-1	9.79	9.79
Fixation R	1	46	6906546562	6906730186	183624	166.62	340.02	63	24	-1	10.17	10.17
Fixation L	1	46	6906738439	6907197426	458987	136.33	350.64	80	17	-1	9.79	9.79
Fixation R	1	47	6906738439	6907197426	458987	136.33	350.64	80	17	-1	9.99	9.99
Fixation L	1	47	6907214177	6907431051	216874	324.54	329.64	33	24	-1	9.90	9.90
Fixation R	1	48	6907214177	6907431051	216874	324.54	329.64	33	24	-1	10.08	10.08
Fixation L	1	48	6907439426	6907581298	141872	419.58	324.86	14	4	-1	9.91	9.91
Fixation R	1	49	6907439426	6907581298	141872	419.58	324.86	14	4	-1	10.16	10.16
Fixation L	1	49	6907723167	6908107039	383872	579.35	308.36	84	14	-1	9.99	9.99
Fixation R	1	50	6907723167	6908107039	383872	579.35	308.36	84	14	-1	10.21	10.21
Fixation L	1	50	6908115285	6908407410	292125	562.48	321.24	21	14	-1	9.77	9.77
Fixation R	1	51	6908115285	6908407410	292125	562.48	321.24	21	14	-1	10.17	10.17
Fixation L	1	51	6908415781	6908716152	300371	718.17	316.37	74	15	-1	9.75	9.75
Fixation R	1	52	6908415781	6908716152	300371	718.17	316.37	74	15	-1	10.16	10.16
Fixation L	1	52	6908724528	6908974773	250245	885.64	319.12	28	13	-1	9.57	9.57
Fixation R	1	53	6908724528	6908974773	250245	885.64	319.12	28	13	-1	9.89	9.89
Fixation L	1	53	6909024896	6909266897	242001	134.62	381.26	65	31	-1	9.63	9.63
Fixation R	1	54	6909024896	6909266897	242001	134.62	381.26	65	31	-1	9.89	9.89
Fixation L	1	54	6909275268	6909725885	450617	274.40	393.09	56	18	-1	9.89	9.89
Fixation R	1	55	6909275268	6909725885	450617	274.40	393.09	56	18	-1	9.94	9.94
Fixation L	1	55	6910143009	6910226504	83495	635.24	373.74	71	15	-1	10.31	10.31
Fixation R	1	56	6910143009	6910226504	83495	635.24	373.74	71	15	-1	10.62	10.62
Fixation L	1	56	6910234882	6910535252	300370	769.02	387.98	54	12	-1	10.18	10.18
Fixation R	1	57	6910234882	6910535252	300370	769.02	387.98	54	12	-1	10.22	10.22
Fixation L	1	57	6910543624	6910994243	450619	876.75	385.00	77	15	-1	9.71	9.71
Fixation R	1	58	6910543624	6910994243	450619	876.75	385.00	77	15	-1	9.85	9.85
Fixation L	1	58	6911052617	6911227864	175247	136.20	435.24	58	38	-1	9.54	9.54
Fixation R	1	59	6911052617	6911227864	175247	136.20	435.24	58	38	-1	9.96	9.96
Fixation L	1	59	6911236243	6911411369	175126	87.98	461.44	19	11	-1	9.68	9.68
Fixation R	1	60	6911236243	6911411369	175126	87.98	461.44	19	11	-1	9.93	9.93
Fixation L	1	60	6911419737	6911887108	467371	214.25	449.84	50	19	-1	9.90	9.90
Fixation R	1	61	6911419737	6911887108	467371	214.25	449.84	50	19	-1	9.92	9.92
Fixation L	1	61	6911903730	6912129102	225372	362.02	449.81	14	15	-1	10.01	10.01
Fixation R	1	62	6911903730	6912129102	225372	362.02	449.81	14	15	-1	10.23	10.23
Fixation L	1	62	6912320972	6912421096	100124	397.68	468.77	80	6	-1	10.10	10.10
Fixation L	1	63	6912446096	6912629718	183622	639.08	446.60	74	11	-1	10.21	10.21
Fixation R	1	63	6912446096	6912629718	183622	639.08	446.60	74	11	-1	10.51	10.51
Fixation L	1	64	6912638098	6913013593	375495	816.73	443.02	90	9	-1	9.88	9.88
Fixation R	1	64	6912638098	6913013593	375495	816.73	443.02	90	9	-1	10.11	10.11
Fixation L	1	65	6913021962	6913113715	91753	870.59	446.40	15	3	-1	9.83	9.83
Fixation R	1	65	6913021962	6913113715	91753	870.59	446.40	15	3	-1	10.17	10.17
Fixation L	1	66	6913122087	6913222213	100126	690.12	490.18	44	54	-1	10.18	10.18
Fixation R	1	66	6913122087	6913222213	100126	690.12	490.18	44	54	-1	10.56	10.56
Fixation L	1	67	6913230583	6913355707	125124	673.12	504.56	15	3	-1	10.09	10.09
Fixation R	1	67	6913230583	6913355707	125124	673.12	504.56	15	3	-1	10.63	10.63
Fixation L	1	68	6913364087	6913739581	375494	496.19	501.03	78	19	-1	10.10	10.10
Fixation R	1	68	6913364087	6913739581	375494	496.19	501.03	78	19	-1	10.54	10.54
Fixation L	1	69	6913964828	6914073322	108494	838.52	443.54	54	45	-1	10.30	10.30
Fixation R	1	69	6913964828	6914073322	108494	838.52	443.54	54	45	-1	9.69	9.69
Fixation L	1	70	6914081695	6914306945	225250	797.36	429.39	62	28	-1	10.03	10.03
Fixation R	1	70	6914081695	6914306945	225250	797.36	429.39	62	28	-1	10.08	10.08
Fixation L	1	71	6914315322	6914532317	216995	883.62	440.28	19	5	-1	9.89	9.89
Fixation R	1	71	6914315322	6914532317	216995	883.62	440.28	19	5	-1	10.24	10.24
Fixation L	1	72	6914590694	6914874438	283744	104.26	502.15	38	57	-1	9.56	9.56
Fixation R	1	72	6914590694	6914874438	283744	104.26	502.15	38	57	-1	10.05	10.05
Fixation L	1	73	6914882683	6915066312	183629	289.35	498.32	61	20	-1	9.82	9.82
Fixation R	1	73	6914882683	6915066312	183629	289.35	498.32	61	20	-1	10.22	10.22
Fixation L	1	74	6915083059	6915391810	308751	422.02	498.94	14	12	-1	9.78	9.78
Fixation R	1	74	6915083059	6915391810	308751	422.02	498.94	14	12	-1	10.45	10.45
Fixation L	1	75	6915400051	6915625425	225374	606.75	494.62	81	10	-1	9.79	9.79
Fixation R	1	75	6915400051	6915625425	225374	606.75	494.62	81	10	-1	10.48	10.48
Fixation L	1	76	6915633797	6915842423	208626	713.35	498.53	31	5	-1	9.70	9.70
Fixation R	1	76	6915633797	6915842423	208626	713.35	498.53	31	5	-1	10.32	10.32
Fixation L	1	77	6915884042	6916059293	175251	181.38	560.14	75	23	-1	9.68	9.68
Fixation R	1	77	6915884042	6916059293	175251	181.38	560.14	75	23	-1	10.04	10.04
Fixation L	1	78	6916067671	6916276290	208619	109.59	576.27	12	12	-1	9.71	9.71
Fixation R	1	78	6916067671	6916276290	208619	109.59	576.27	12	12	-1	9.99	9.99
Fixation L	1	79	6916292920	6916484909	191989	281.90	561.61	20	20	-1	9.96	9.96
Fixation R	1	79	6916292920	6916484909	191989	281.90	561.61	20	20	-1	10.14	10.14
Fixation L	1	80	6916493293	6916685157	191864	376.86	564.50	34	4	-1	9.98	9.98
Fixation R	1	80	6916493293	6916685157	191864	376.86	564.50	34	4	-1	10.53	10.53
Fixation L	1	81	6916693537	6916843658	150121	467.58	564.46	27	5	-1	10.08	10.08
Fixation R	1	81	6916693537	6916843658	150121	467.58	564.46	27	5	-1	10.54	10.54
Fixation L	1	82	6916852032	6917069033	217001	590.28	559.15	81	13	-1	10.11	10.11
Fixation R	1	82	6916852032	6917069033	217001	590.28	559.15	81	13	-1	10.54	10.54
Fixation L	1	83	6917077403	6917336024	258621	767.00	554.48	66	8	-1	9.79	9.79
Fixation R	1	83	6917077403	6917336024	258621	767.00	554.48	66	8	-1	10.29	10.29
Fixation L	1	84	6917344401	6917619774	275373	863.45	560.92	67	11	-1	9.76	9.76
Fixation R	1	84	6917344401	6917619774	275373	863.45	560.92	67	11	-1	10.16	10.16
Fixation L	1	85	6917628146	6917744894	116748	956.95	569.16	34	8	-1	9.75	9.75
Fixation R	1	85	6917628146	6917744894	116748	956.95	569.16	34	8	-1	10.04	10.04
Fixation L	1	86	6917795021	6917953516	158495	190.11	604.00	59	39	-1	9.82	9.82
Fixation R	1	86	6917795021	6917953516	158495	190.11	604.00	59	39	-1	10.16	10.16
Fixation L	1	87	6918003641	6918270639	266998	94.85	643.73	27	30	-1	9.63	9.63
Fixation R	1	87	6918037016	6918270639	233623	93.30	645.66	20	20	-1	10.18	10.18
Fixation L	1	88	6918287260	6918579380	292120	292.21	628.91	41	16	-1	10.18	10.18
Fixation R	1	88	6918287260	6918579380	292120	292.21	628.91	41	16	-1	10.24	10.24
Fixation L	1	89	6918587756	6918779631	191875	443.65	621.93	72	10	-1	10.19	10.19
Fixation R	1	89	6918587756	6918779631	191875	443.65	621.93	72	10	-1	10.68	10.68
Fixation L	1	90	6918787999	6919029998	241999	565.99	617.16	40	8	-1	10.32	10.32
Fixation R	1	90	6918787999	6919029998	241999	565.99	617.16	40	8	-1	10.60	10.60
Fixation L	1	91	6919038370	6919388741	350371	722.99	623.79	92	6	-1	10.18	10.18
Fixation R	1	91	6919038370	6919388741	350371	722.99	623.79	92	6	-1	10.47	10.47
Fixation L	1	92	6919397124	6919780986	383862	787.19	619.09	9	12	-1	9.91	9.91
Fixation R	1	92	6919397124	6919780986	383862	787.19	619.09	9	12	-1	10.44	10.44
Fixation L	1	93	6919839359	6920098110	258751	104.87	705.70	22	29	-1	9.87	9.87
Fixation R	1	93	6919839359	6920098110	258751	104.87	705.70	22	29	-1	10.17	10.17
Fixation L	1	94	6920114733	6920456854	342121	260.07	687.89	53	30	-1	10.23	10.23
Fixation R	1	94	6920114733	6920456854	342121	260.07	687.89	53	30	-1	10.14	10.14
Fixation L	1	95	6920465227	6920957597	492370	380.24	681.86	48	23	-1	10.25	10.25
Fixation R	1	95	6920465227	6920957597	492370	380.24	681.86	48	23	-1	10.73	10.73
Fixation L	1	96	6920974221	6921282962	308741	574.80	678.13	35	10	-1	10.35	10.35
Fixation R	1	96	6920974221	6921282962	308741	574.80	678.13	35	10	-1	10.66	10.66
Fixation L	1	97	6921291336	6921491587	200251	729.20	678.85	74	7	-1	10.02	10.02
Fixation R	1	97	6921291336	6921491587	200251	729.20	678.85	74	7	-1	10.64	10.64
Fixation L	1	98	6921499964	6922125829	625865	847.27	670.42	19	20	-1	10.01	10.01
Fixation R	1	98	6921499964	6922125829	625865	847.27	670.42	19	20	-1	10.56	10.56
Fixation L	1	99	6922284321	6922384446	100125	214.22	244.22	69	28	-1	10.21	10.21
Fixation R	1	99	6922284321	6922384446	100125	214.22	244.22	69	28	-1	10.41	10.41
Fixation L	1	100	6922401203	6922584693	183490	183.22	6.71	38	32	-1	9.89	9.89
Fixation R	1	100	6922401203	6922584693	183490	183.22	6.71	38	32	-1	10.11	10.11

