[BeGaze]
Converted from:	C:\Program Files\SMI\Experiment Suite 360\Experiment Center 2\Results\Readability_First_01\P02-eye_data.idf
Date:	02.08.2013 11:27:24
Version:	BeGaze 3.2.28
Sample Rate:	120
Subject:	P02
Description:	Run2

Table Header for Fixations:
Event Type	Trial	Number	Start	End	Duration	Location X	Location Y	Dispersion X	Dispersion Y	Plane	Avg. Pupil Size X	Avg. Pupil Size Y


Fixation L	1	1	4305293252	4305493462	200210	303.82	20.95	7	11	-1	10.73	10.73
Fixation R	1	1	4305293252	4305493462	200210	303.82	20.95	7	11	-1	11.16	11.16
Fixation L	1	2	4305510218	4305843958	333740	128.31	70.56	35	59	-1	10.47	10.47
Fixation R	1	2	4305510218	4305843958	333740	128.31	70.56	35	59	-1	10.92	10.92
Fixation L	1	3	4305860712	4306119332	258620	254.87	43.45	7	26	-1	10.04	10.04
Fixation R	1	3	4305860712	4306119332	258620	254.87	43.45	7	26	-1	10.56	10.56
Fixation L	1	4	4306127710	4306344704	216994	385.18	38.12	80	4	-1	10.12	10.12
Fixation R	1	4	4306127710	4306344704	216994	385.18	38.12	80	4	-1	10.49	10.49
Fixation L	1	5	4306352951	4306645070	292119	515.86	47.93	18	21	-1	10.01	10.01
Fixation R	1	5	4306352951	4306645070	292119	515.86	47.93	18	21	-1	10.53	10.53
Fixation L	1	6	4306653450	4306887067	233617	667.52	53.88	62	11	-1	10.13	10.13
Fixation R	1	6	4306653450	4306887067	233617	667.52	53.88	62	11	-1	10.63	10.63
Fixation L	1	7	4306895441	4307062316	166875	803.85	47.07	89	6	-1	10.21	10.21
Fixation R	1	7	4306895441	4307062316	166875	803.85	47.07	89	6	-1	10.60	10.60
Fixation L	1	8	4307070562	4307162440	91878	889.98	52.01	66	26	-1	10.24	10.24
Fixation R	1	8	4307070562	4307162440	91878	889.98	52.01	66	26	-1	10.48	10.48
Fixation L	1	9	4307254192	4307546306	292114	146.58	111.26	69	29	-1	10.20	10.20
Fixation R	1	9	4307254192	4307546306	292114	146.58	111.26	69	29	-1	10.94	10.94
Fixation L	1	10	4307554559	4308105302	550743	234.06	82.09	61	30	-1	10.06	10.06
Fixation R	1	10	4307554559	4308105302	550743	234.06	82.09	61	30	-1	10.62	10.62
Fixation L	1	11	4308113672	4308472542	358870	406.68	80.17	79	16	-1	9.99	9.99
Fixation R	1	11	4308113672	4308472542	358870	406.68	80.17	79	16	-1	10.40	10.40
Fixation L	1	12	4308480799	4308781295	300496	429.32	76.06	84	13	-1	9.99	9.99
Fixation R	1	12	4308480799	4308781295	300496	429.32	76.06	84	13	-1	10.43	10.43
Fixation L	1	13	4308789538	4309073282	283744	551.28	84.63	58	11	-1	10.02	10.02
Fixation R	1	13	4308789538	4309073282	283744	551.28	84.63	58	11	-1	10.43	10.43
Fixation L	1	14	4309081665	4309365405	283740	705.29	78.06	24	17	-1	10.06	10.06
Fixation R	1	14	4309081665	4309365405	283740	705.29	78.06	24	17	-1	10.48	10.48
Fixation L	1	15	4309373779	4309857649	483870	854.63	96.76	69	22	-1	10.07	10.07
Fixation R	1	15	4309373779	4309857649	483870	854.63	96.76	69	22	-1	10.41	10.41
Fixation L	1	16	4309866025	4310216520	350495	941.89	119.36	55	21	-1	10.11	10.11
Fixation R	1	16	4309866025	4310216520	350495	941.89	119.36	55	21	-1	10.64	10.64
Fixation R	1	17	4310333387	4310450143	116756	111.52	173.47	24	9	-1	10.89	10.89
Fixation L	1	17	4310642141	4310834016	191875	212.07	167.89	49	26	-1	10.15	10.15
Fixation R	1	18	4310642141	4310834016	191875	212.07	167.89	49	26	-1	10.83	10.83
Fixation L	1	18	4310850762	4311059252	208490	355.41	154.17	23	10	-1	10.39	10.39
Fixation R	1	19	4310850762	4311059252	208490	355.41	154.17	23	10	-1	10.95	10.95
Fixation L	1	19	4311067631	4311626747	559116	466.09	159.27	66	14	-1	10.04	10.04
Fixation R	1	20	4311067631	4311626747	559116	466.09	159.27	66	14	-1	10.53	10.53
Fixation L	1	20	4311635122	4312185865	550743	337.63	159.26	81	15	-1	10.04	10.04
Fixation R	1	21	4311635122	4312185865	550743	337.63	159.26	81	15	-1	10.60	10.60
Fixation L	1	21	4312194114	4312653112	458998	315.67	152.34	79	17	-1	9.89	9.89
Fixation R	1	22	4312194114	4312653112	458998	315.67	152.34	79	17	-1	10.45	10.45
Fixation L	1	22	4312669858	4312845103	175245	473.90	142.74	16	17	-1	9.83	9.83
Fixation R	1	23	4312669858	4312845103	175245	473.90	142.74	16	17	-1	10.38	10.38
Fixation L	1	23	4312853360	4312936851	83491	619.74	132.67	90	8	-1	9.77	9.77
Fixation R	1	24	4312853360	4312936851	83491	619.74	132.67	90	8	-1	10.39	10.39
Fixation L	1	24	4312945230	4313078726	133496	629.91	143.28	55	7	-1	9.83	9.83
Fixation R	1	25	4312945230	4313078726	133496	629.91	143.28	55	7	-1	10.40	10.40
Fixation L	1	25	4313086974	4313303981	217007	732.56	147.08	32	8	-1	9.76	9.76
Fixation R	1	26	4313086974	4313303981	217007	732.56	147.08	32	8	-1	10.38	10.38
Fixation L	1	26	4313312345	4313829714	517369	846.70	145.95	73	22	-1	9.79	9.79
Fixation R	1	27	4313312345	4313829714	517369	846.70	145.95	73	22	-1	10.29	10.29
Fixation L	1	27	4313838087	4314080084	241997	942.63	156.65	54	16	-1	9.88	9.88
Fixation R	1	28	4313838087	4314080084	241997	942.63	156.65	54	16	-1	10.38	10.38
Fixation L	1	28	4314138457	4315106449	967992	103.90	234.84	59	38	-1	9.82	9.82
Fixation R	1	29	4314138457	4315106449	967992	103.90	234.84	59	38	-1	10.49	10.49
Fixation L	1	29	4315164818	4315623809	458991	201.95	193.30	57	27	-1	9.94	9.94
Fixation R	1	30	4315164818	4315623809	458991	201.95	193.30	57	27	-1	10.46	10.46
Fixation L	1	30	4315640435	4315832433	191998	356.84	186.17	73	23	-1	9.88	9.88
Fixation R	1	31	4315640435	4315832433	191998	356.84	186.17	73	23	-1	10.36	10.36
Fixation L	1	31	4315849059	4316099429	250370	510.93	201.08	37	5	-1	9.81	9.81
Fixation R	1	32	4315849059	4316099429	250370	510.93	201.08	37	5	-1	10.32	10.32
Fixation L	1	32	4316107809	4316349800	241991	614.33	203.01	43	15	-1	9.59	9.59
Fixation R	1	33	4316107809	4316349800	241991	614.33	203.01	43	15	-1	10.25	10.25
Fixation L	1	33	4316366425	4316591794	225369	752.33	201.45	64	28	-1	9.67	9.67
Fixation R	1	34	4316366425	4316591794	225369	752.33	201.45	64	28	-1	10.21	10.21
Fixation L	1	34	4316600044	4316817041	216997	892.35	194.81	63	33	-1	9.64	9.64
Fixation R	1	35	4316600044	4316817041	216997	892.35	194.81	63	33	-1	10.17	10.17
Fixation L	1	35	4316950540	4317067415	116875	860.62	192.05	70	20	-1	9.80	9.80
Fixation R	1	36	4316950540	4317067415	116875	860.62	192.05	70	20	-1	10.40	10.40
Fixation L	1	36	4317109041	4317326036	216995	137.49	269.17	77	22	-1	9.97	9.97
Fixation R	1	37	4317109041	4317326036	216995	137.49	269.17	77	22	-1	10.74	10.74
Fixation L	1	37	4317526286	4317676535	150249	110.72	235.53	46	36	-1	10.09	10.09
Fixation R	1	38	4317526286	4317676535	150249	110.72	235.53	46	36	-1	10.59	10.59
Fixation L	1	38	4317684906	4317960280	275374	215.63	207.83	33	65	-1	10.37	10.37
Fixation R	1	39	4317684906	4317960280	275374	215.63	207.83	33	65	-1	10.99	10.99
Fixation L	1	39	4317968526	4318569395	600869	168.15	269.95	29	32	-1	9.94	9.94
Fixation R	1	40	4317968526	4318569395	600869	168.15	269.95	29	32	-1	10.53	10.53
Fixation L	1	40	4318577768	4318861391	283623	189.89	207.79	26	24	-1	10.03	10.03
Fixation R	1	41	4318577768	4318861391	283623	189.89	207.79	26	24	-1	10.54	10.54
Fixation L	1	41	4318869760	4319003260	133500	174.99	282.39	13	25	-1	10.25	10.25
Fixation R	1	42	4318869760	4319003260	133500	174.99	282.39	13	25	-1	10.76	10.76
Fixation L	1	42	4319170256	4319328753	158497	247.99	261.23	32	29	-1	10.07	10.07
Fixation R	1	43	4319170256	4319328753	158497	247.99	261.23	32	29	-1	10.69	10.69
Fixation L	1	43	4319337010	4319570749	233739	360.68	264.00	77	11	-1	10.28	10.28
Fixation R	1	44	4319337010	4319570749	233739	360.68	264.00	77	11	-1	10.97	10.97
Fixation L	1	44	4319579124	4319787754	208630	488.66	266.88	35	7	-1	10.01	10.01
Fixation R	1	45	4319579124	4319787754	208630	488.66	266.88	35	7	-1	10.67	10.67
Fixation L	1	45	4319795998	4319979618	183620	619.24	269.31	55	6	-1	9.86	9.86
Fixation R	1	46	4319795998	4319979618	183620	619.24	269.31	55	6	-1	10.53	10.53
Fixation L	1	46	4319988000	4320538739	550739	721.02	262.77	44	14	-1	9.76	9.76
Fixation R	1	47	4319988000	4320538739	550739	721.02	262.77	44	14	-1	10.50	10.50
Fixation L	1	47	4320546984	4321206224	659240	855.97	266.41	47	45	-1	9.95	9.95
Fixation R	1	48	4320546984	4321206224	659240	855.97	266.41	47	45	-1	10.62	10.62
Fixation L	1	48	4321214604	4321331472	116868	812.22	218.65	19	10	-1	10.13	10.13
Fixation R	1	49	4321214604	4321331472	116868	812.22	218.65	19	10	-1	10.83	10.83
Fixation L	1	49	4321339728	4321481596	141868	699.64	220.28	55	17	-1	10.18	10.18
Fixation R	1	50	4321339728	4321481596	141868	699.64	220.28	55	17	-1	11.05	11.05
Fixation L	1	50	4321489979	4321957213	467234	557.76	220.53	59	19	-1	10.14	10.14
Fixation R	1	51	4321489979	4321957213	467234	557.76	220.53	59	19	-1	10.89	10.89
Fixation L	1	51	4321982339	4322332835	350496	851.19	268.05	67	19	-1	10.07	10.07
Fixation R	1	52	4321982339	4322332835	350496	851.19	268.05	67	19	-1	10.74	10.74
Fixation L	1	52	4322382833	4322474581	91748	152.37	335.03	60	39	-1	9.91	9.91
Fixation R	1	53	4322382833	4322474581	91748	152.37	335.03	60	39	-1	10.89	10.89
Fixation L	1	53	4322482957	4323025324	542367	104.15	345.42	58	16	-1	9.94	9.94
Fixation R	1	54	4322482957	4323025324	542367	104.15	345.42	58	16	-1	10.60	10.60
Fixation L	1	54	4323033699	4323367447	333748	170.97	209.22	47	51	-1	10.05	10.05
Fixation R	1	55	4323033699	4323367447	333748	170.97	209.22	47	51	-1	10.61	10.61
Fixation L	1	55	4323375820	4323475943	100123	179.78	213.01	11	16	-1	10.08	10.08
Fixation R	1	56	4323375820	4323475943	100123	179.78	213.01	11	16	-1	10.71	10.71
Fixation L	1	56	4323484317	4323868188	383871	124.77	351.97	35	39	-1	10.03	10.03
Fixation R	1	57	4323484317	4323868188	383871	124.77	351.97	35	39	-1	10.59	10.59
Fixation L	1	57	4323901563	4324051807	150244	688.07	271.55	57	18	-1	10.18	10.18
Fixation R	1	58	4323901563	4324051807	150244	688.07	271.55	57	18	-1	10.58	10.58
Fixation L	1	58	4324060055	4324260303	200248	843.86	281.10	53	14	-1	10.04	10.04
Fixation R	1	59	4324060055	4324260303	200248	843.86	281.10	53	14	-1	10.45	10.45
Fixation L	1	59	4324310429	4324468929	158500	143.89	323.88	19	29	-1	9.97	9.97
Fixation R	1	60	4324310429	4324468929	158500	143.89	323.88	19	29	-1	10.65	10.65
Fixation L	1	60	4324585797	4325061418	475621	207.18	329.29	62	25	-1	10.16	10.16
Fixation R	1	61	4324585797	4325061418	475621	207.18	329.29	62	25	-1	10.73	10.73
Fixation L	1	61	4325069794	4325303413	233619	123.82	349.74	19	12	-1	9.92	9.92
Fixation R	1	62	4325069794	4325303413	233619	123.82	349.74	19	12	-1	10.47	10.47
Fixation L	1	62	4325336787	4325495419	158632	712.83	269.57	90	9	-1	10.27	10.27
Fixation R	1	63	4325336787	4325495419	158632	712.83	269.57	90	9	-1	10.72	10.72
Fixation L	1	63	4325512040	4325812404	300364	864.94	271.74	27	11	-1	10.15	10.15
Fixation R	1	64	4325512040	4325812404	300364	864.94	271.74	27	11	-1	10.66	10.66
Fixation L	1	64	4325854155	4326037776	183621	158.95	344.07	61	26	-1	9.95	9.95
Fixation R	1	65	4325854155	4326037776	183621	158.95	344.07	61	26	-1	10.71	10.71
Fixation L	1	65	4326046031	4326229649	183618	110.26	348.82	83	12	-1	10.06	10.06
Fixation R	1	66	4326046031	4326229649	183618	110.26	348.82	83	12	-1	10.58	10.58
Fixation L	1	66	4326238024	4326838763	600739	208.98	335.99	31	17	-1	10.11	10.11
Fixation R	1	67	4326238024	4326838763	600739	208.98	335.99	31	17	-1	10.62	10.62
Fixation L	1	67	4326847145	4327064137	216992	340.03	331.71	46	7	-1	10.05	10.05
Fixation R	1	68	4326847145	4327064137	216992	340.03	331.71	46	7	-1	10.53	10.53
Fixation L	1	68	4327072515	4327231009	158494	493.06	332.21	86	8	-1	10.16	10.16
Fixation R	1	69	4327072515	4327231009	158494	493.06	332.21	86	8	-1	10.66	10.66
Fixation L	1	69	4327239383	4327448013	208630	610.67	333.93	9	7	-1	9.94	9.94
Fixation R	1	70	4327239383	4327448013	208630	610.67	333.93	9	7	-1	10.49	10.49
Fixation L	1	70	4327456254	4327906874	450620	744.90	324.96	35	12	-1	9.83	9.83
Fixation R	1	71	4327456254	4327906874	450620	744.90	324.96	35	12	-1	10.40	10.40
Fixation L	1	71	4327915248	4328299124	383876	819.13	324.54	29	14	-1	9.80	9.80
Fixation R	1	72	4327915248	4328299124	383876	819.13	324.54	29	14	-1	10.42	10.42
Fixation L	1	72	4328307493	4328474368	166875	920.14	329.12	34	7	-1	9.61	9.61
Fixation R	1	73	4328307493	4328474368	166875	920.14	329.12	34	7	-1	10.32	10.32
Fixation L	1	73	4328524367	4328691361	166994	145.24	402.36	44	49	-1	9.61	9.61
Fixation R	1	74	4328524367	4328691361	166994	145.24	402.36	44	49	-1	10.40	10.40
Fixation L	1	74	4328699620	4328841483	141863	106.99	413.57	24	8	-1	9.84	9.84
Fixation R	1	75	4328699620	4328841483	141863	106.99	413.57	24	8	-1	10.41	10.41
Fixation L	1	75	4328849863	4329008357	158494	246.66	398.08	24	25	-1	9.98	9.98
Fixation R	1	76	4328849863	4329008357	158494	246.66	398.08	24	25	-1	10.52	10.52
Fixation L	1	76	4329016734	4329242103	225369	360.23	392.00	59	13	-1	9.96	9.96
Fixation R	1	77	4329016734	4329242103	225369	360.23	392.00	59	13	-1	10.54	10.54
Fixation L	1	77	4329250356	4329458975	208619	486.50	396.62	61	6	-1	9.75	9.75
Fixation R	1	78	4329250356	4329458975	208619	486.50	396.62	61	6	-1	10.34	10.34
Fixation L	1	78	4329467350	4330009718	542368	580.95	399.09	13	50	-1	9.47	9.47
Fixation R	1	79	4329467350	4330009718	542368	580.95	399.09	13	50	-1	10.11	10.11
Fixation L	1	79	4330018092	4330184965	166873	570.39	285.74	55	14	-1	9.70	9.70
Fixation R	1	80	4330018092	4330184965	166873	570.39	285.74	55	14	-1	10.30	10.30
Fixation L	1	80	4330193340	4330435335	241995	469.84	282.85	19	55	-1	9.78	9.78
Fixation R	1	81	4330193340	4330435335	241995	469.84	282.85	19	55	-1	10.54	10.54
Fixation L	1	81	4330443710	4330593833	150123	499.01	421.14	75	8	-1	9.94	9.94
Fixation R	1	82	4330443710	4330593833	150123	499.01	421.14	75	8	-1	10.71	10.71
Fixation L	1	82	4330602214	4330769078	166864	564.75	403.83	18	13	-1	9.99	9.99
Fixation R	1	83	4330602214	4330769078	166864	564.75	403.83	18	13	-1	10.64	10.64
Fixation L	1	83	4330894204	4331111200	216996	734.72	389.43	62	14	-1	9.88	9.88
Fixation R	1	84	4330894204	4331111200	216996	734.72	389.43	62	14	-1	10.37	10.37
Fixation L	1	84	4331119575	4331536821	417246	878.38	388.09	88	7	-1	9.85	9.85
Fixation R	1	85	4331119575	4331536821	417246	878.38	388.09	88	7	-1	10.37	10.37
Fixation L	1	85	4331578575	4331720317	141742	199.40	422.25	55	30	-1	9.83	9.83
Fixation R	1	86	4331578575	4331720317	141742	199.40	422.25	55	30	-1	10.61	10.61
Fixation L	1	86	4331728699	4331945689	216990	103.84	464.96	11	47	-1	9.74	9.74
Fixation R	1	87	4331728699	4331945689	216990	103.84	464.96	11	47	-1	10.36	10.36
Fixation L	1	87	4331954065	4332196059	241994	243.43	463.77	43	16	-1	9.85	9.85
Fixation R	1	88	4331954065	4332196059	241994	243.43	463.77	43	16	-1	10.37	10.37
Fixation L	1	88	4332204316	4332454682	250366	395.05	457.01	20	8	-1	9.81	9.81
Fixation R	1	89	4332204316	4332454682	250366	395.05	457.01	20	8	-1	10.46	10.46
Fixation L	1	89	4332463053	4332838548	375495	569.83	460.51	44	17	-1	9.70	9.70
Fixation R	1	90	4332463053	4332838548	375495	569.83	460.51	44	17	-1	10.44	10.44
Fixation L	1	90	4332846798	4333589537	742739	687.58	455.92	54	20	-1	9.63	9.63
Fixation R	1	91	4332846798	4333589537	742739	687.58	455.92	54	20	-1	10.16	10.16
Fixation L	1	91	4333597913	4333714664	116751	763.04	454.97	15	11	-1	9.59	9.59
Fixation R	1	92	4333597913	4333714664	116751	763.04	454.97	15	11	-1	10.37	10.37
Fixation L	1	92	4333723038	4334340525	617487	861.73	441.12	49	30	-1	9.77	9.77
Fixation R	1	93	4333723038	4334340525	617487	861.73	441.12	49	30	-1	10.42	10.42
Fixation L	1	93	4334348906	4334440651	91745	666.75	421.34	62	8	-1	9.84	9.84
Fixation R	1	94	4334348906	4334440651	91745	666.75	421.34	62	8	-1	10.77	10.77
Fixation L	1	94	4334449023	4334674272	225249	886.54	447.39	42	19	-1	9.93	9.93
Fixation R	1	95	4334449023	4334674272	225249	886.54	447.39	42	19	-1	10.61	10.61
Fixation L	1	95	4334682651	4334841267	158616	661.72	396.29	68	14	-1	10.04	10.04
Fixation R	1	96	4334682651	4334841267	158616	661.72	396.29	68	14	-1	10.90	10.90
Fixation L	1	96	4334849519	4334999765	150246	588.50	397.67	30	8	-1	10.03	10.03
Fixation R	1	97	4334849519	4334999765	150246	588.50	397.67	30	8	-1	10.91	10.91
Fixation L	1	97	4335008148	4335266765	258617	804.17	395.22	58	19	-1	9.95	9.95
Fixation R	1	98	4335008148	4335266765	258617	804.17	395.22	58	19	-1	10.65	10.65
Fixation L	1	98	4335283519	4335583889	300370	892.48	452.43	64	19	-1	9.96	9.96
Fixation R	1	99	4335283519	4335583889	300370	892.48	452.43	64	19	-1	10.66	10.66
Fixation L	1	99	4335634013	4335767505	133492	202.26	501.85	33	30	-1	9.92	9.92
Fixation R	1	100	4335634013	4335767505	133492	202.26	501.85	33	30	-1	10.82	10.82
Fixation L	1	100	4335775755	4335984383	208628	89.99	519.18	28	20	-1	9.98	9.98
Fixation R	1	101	4335775755	4335984383	208628	89.99	519.18	28	20	-1	10.69	10.69
Fixation L	1	101	4335992751	4336167999	175248	214.00	516.40	42	12	-1	10.16	10.16
Fixation R	1	102	4335992751	4336167999	175248	214.00	516.40	42	12	-1	10.61	10.61
Fixation L	1	102	4336176375	4336351622	175247	392.88	516.29	37	7	-1	10.20	10.20
Fixation R	1	103	4336176375	4336351622	175247	392.88	516.29	37	7	-1	10.81	10.81
Fixation L	1	103	4336359874	4336651991	292117	527.42	523.07	11	14	-1	10.03	10.03
Fixation R	1	104	4336359874	4336651991	292117	527.42	523.07	11	14	-1	10.77	10.77
Fixation L	1	104	4336660369	4336860616	200247	648.12	515.98	60	15	-1	9.86	9.86
Fixation R	1	105	4336660369	4336860616	200247	648.12	515.98	60	15	-1	10.55	10.55
Fixation L	1	105	4336868993	4337185990	316997	779.57	508.10	17	15	-1	9.88	9.88
Fixation R	1	106	4336902360	4337194359	291999	782.36	507.80	82	15	-1	10.59	10.59
Fixation L	1	106	4337194359	4337411360	217001	866.94	502.52	28	19	-1	9.75	9.75
Fixation R	1	107	4337202734	4337411360	208626	867.52	502.02	22	17	-1	10.50	10.50
Fixation L	1	107	4337419729	4337594979	175250	778.41	496.70	62	6	-1	9.97	9.97
Fixation R	1	108	4337419729	4337594979	175250	778.41	496.70	62	6	-1	10.61	10.61
Fixation L	1	108	4337636607	4337795225	158618	176.28	578.79	30	11	-1	9.79	9.79
Fixation R	1	109	4337636607	4337795225	158618	176.28	578.79	30	11	-1	10.51	10.51
Fixation L	1	109	4337803472	4338045469	241997	83.99	586.93	14	12	-1	9.85	9.85
Fixation R	1	110	4337803472	4338045469	241997	83.99	586.93	14	12	-1	10.39	10.39
Fixation L	1	110	4338053843	4338546213	492370	177.40	580.85	80	19	-1	9.97	9.97
Fixation R	1	111	4338053843	4338546213	492370	177.40	580.85	80	19	-1	10.29	10.29
Fixation L	1	111	4338579587	4338788215	208628	261.22	576.51	31	16	-1	10.06	10.06
Fixation R	1	112	4338579587	4338788215	208628	261.22	576.51	31	16	-1	10.36	10.36
Fixation L	1	112	4338796584	4339155326	358742	406.30	577.27	75	11	-1	10.12	10.12
Fixation R	1	113	4338796584	4339155326	358742	406.30	577.27	75	11	-1	10.87	10.87
Fixation L	1	113	4339338957	4339731069	392112	376.94	555.12	55	34	-1	10.17	10.17
Fixation R	1	114	4339338957	4339731069	392112	376.94	555.12	55	34	-1	10.97	10.97
Fixation L	1	114	4339747822	4339964819	216997	559.86	552.02	21	15	-1	9.90	9.90
Fixation R	1	115	4339747822	4339964819	216997	559.86	552.02	21	15	-1	10.73	10.73
Fixation L	1	115	4339973066	4340365313	392247	670.12	570.63	59	12	-1	9.93	9.93
Fixation R	1	116	4339973066	4340365313	392247	670.12	570.63	59	12	-1	10.66	10.66
Fixation L	1	116	4340373685	4340657305	283620	797.28	562.19	18	5	-1	9.82	9.82
Fixation R	1	117	4340373685	4340657305	283620	797.28	562.19	18	5	-1	10.64	10.64
Fixation L	1	117	4340665683	4340999425	333742	690.36	575.00	20	18	-1	10.15	10.15
Fixation R	1	118	4340724057	4340999425	275368	690.85	576.46	11	6	-1	10.59	10.59
Fixation L	1	118	4341007799	4341341674	333875	877.20	575.55	71	18	-1	9.89	9.89
Fixation R	1	119	4341007799	4341341674	333875	877.20	575.55	71	18	-1	10.58	10.58
Fixation L	1	119	4341383297	4341550172	166875	168.77	594.73	57	31	-1	9.80	9.80
Fixation R	1	120	4341383297	4341550172	166875	168.77	594.73	57	31	-1	10.46	10.46
Fixation L	1	120	4341558545	4341825538	266993	97.50	636.48	31	32	-1	9.84	9.84
Fixation R	1	121	4341558545	4341825538	266993	97.50	636.48	31	32	-1	10.33	10.33
Fixation L	1	121	4341833915	4342100908	266993	247.43	633.64	30	13	-1	10.03	10.03
Fixation R	1	122	4341833915	4342100908	266993	247.43	633.64	30	13	-1	10.26	10.26
Fixation L	1	122	4342109286	4342359657	250371	338.76	630.10	21	13	-1	10.05	10.05
Fixation R	1	123	4342109286	4342359657	250371	338.76	630.10	21	13	-1	10.45	10.45
Fixation L	1	123	4342376282	4342534905	158623	503.23	631.85	15	10	-1	9.89	9.89
Fixation R	1	124	4342376282	4342534905	158623	503.23	631.85	15	10	-1	10.73	10.73
Fixation L	1	124	4342543283	4342843655	300372	585.28	634.93	23	13	-1	10.08	10.08
Fixation R	1	125	4342543283	4342843655	300372	585.28	634.93	23	13	-1	10.73	10.73
Fixation L	1	125	4342852021	4343260890	408869	707.29	621.53	78	19	-1	9.78	9.78
Fixation R	1	126	4342852021	4343260890	408869	707.29	621.53	78	19	-1	10.58	10.58
Fixation L	1	126	4343269144	4343619640	350496	837.41	619.00	68	15	-1	9.61	9.61
Fixation R	1	127	4343269144	4343619640	350496	837.41	619.00	68	15	-1	10.34	10.34
Fixation L	1	127	4343669761	4343920134	250373	113.43	692.87	44	20	-1	9.63	9.63
Fixation R	1	128	4343669761	4343920134	250373	113.43	692.87	44	20	-1	10.29	10.29
Fixation L	1	128	4343928381	4344212127	283746	231.87	696.98	51	25	-1	10.04	10.04
Fixation R	1	129	4343928381	4344212127	283746	231.87	696.98	51	25	-1	10.31	10.31
Fixation L	1	129	4344228881	4344596001	367120	440.91	697.12	63	23	-1	10.20	10.20
Fixation R	1	130	4344228881	4344596001	367120	440.91	697.12	63	23	-1	11.26	11.26
Fixation L	1	130	4344612625	4344804618	191993	658.27	683.96	58	23	-1	10.09	10.09
Fixation R	1	131	4344612625	4344804618	191993	658.27	683.96	58	23	-1	10.86	10.86
Fixation L	1	131	4344821246	4345029864	208618	866.31	688.64	35	19	-1	9.94	9.94
Fixation R	1	132	4344821246	4345029864	208618	866.31	688.64	35	19	-1	10.49	10.49
Fixation L	1	132	4345038243	4345205114	166871	956.91	697.53	30	11	-1	10.04	10.04
Fixation R	1	133	4345038243	4345205114	166871	956.91	697.53	30	11	-1	10.50	10.50
Fixation L	1	133	4345213491	4345405362	191871	803.61	695.74	64	11	-1	10.11	10.11
Fixation R	1	134	4345213491	4345405362	191871	803.61	695.74	64	11	-1	10.97	10.97
Fixation L	1	134	4345413736	4345672484	258748	636.38	686.02	46	20	-1	10.42	10.42
Fixation R	1	135	4345413736	4345672484	258748	636.38	686.02	46	20	-1	11.48	11.48
Fixation L	1	135	4345680729	4345897733	217004	417.86	701.06	63	25	-1	10.63	10.63
Fixation R	1	136	4345680729	4345897733	217004	417.86	701.06	63	25	-1	11.60	11.60
Fixation L	1	136	4345906101	4346072975	166874	303.73	687.97	62	18	-1	10.45	10.45
Fixation R	1	137	4345906101	4346072975	166874	303.73	687.97	62	18	-1	11.04	11.04
Fixation L	1	137	4346106351	4346281596	175245	880.61	699.48	69	11	-1	10.47	10.47
Fixation R	1	138	4346106351	4346281596	175245	880.61	699.48	69	11	-1	10.89	10.89
Fixation L	1	138	4346289970	4346390093	100123	950.74	705.14	24	2	-1	10.45	10.45
Fixation R	1	139	4346289970	4346390093	100123	950.74	705.14	24	2	-1	10.87	10.87

