[BeGaze]
Converted from:	C:\Program Files\SMI\Experiment Suite 360\Experiment Center 2\Results\Readability_First_01\P02-eye_data.idf
Date:	02.08.2013 11:27:25
Version:	BeGaze 3.2.28
Sample Rate:	120
Subject:	P02
Description:	Run2

Table Header for Fixations:
Event Type	Trial	Number	Start	End	Duration	Location X	Location Y	Dispersion X	Dispersion Y	Plane	Avg. Pupil Size X	Avg. Pupil Size Y


Fixation L	1	1	4767966718	4768100335	133617	388.22	6.29	43	28	-1	9.93	9.93
Fixation R	1	1	4767966718	4768100335	133617	388.22	6.29	43	28	-1	10.51	10.51
Fixation L	1	2	4768116964	4768208834	91870	149.46	37.45	47	51	-1	9.89	9.89
Fixation R	1	2	4768116964	4768208834	91870	149.46	37.45	47	51	-1	10.53	10.53
Fixation L	1	3	4768217090	4768425703	208613	123.60	59.63	70	18	-1	9.77	9.77
Fixation R	1	3	4768217090	4768425703	208613	123.60	59.63	70	18	-1	10.38	10.38
Fixation L	1	4	4768434115	4768676078	241963	303.39	55.89	70	12	-1	9.78	9.78
Fixation R	1	4	4768434115	4768676078	241963	303.39	55.89	70	12	-1	10.20	10.20
Fixation L	1	5	4768684449	4768968201	283752	430.41	65.65	13	18	-1	9.80	9.80
Fixation R	1	5	4768684449	4768968201	283752	430.41	65.65	13	18	-1	10.25	10.25
Fixation L	1	6	4768976444	4769226818	250374	567.25	38.51	67	32	-1	9.74	9.74
Fixation R	1	6	4768976444	4769226818	250374	567.25	38.51	67	32	-1	10.06	10.06
Fixation L	1	7	4769235197	4769410442	175245	703.48	25.03	24	16	-1	9.83	9.83
Fixation R	1	7	4769235197	4769410442	175245	703.48	25.03	24	16	-1	10.36	10.36
Fixation L	1	8	4769443816	4769593941	150125	720.22	39.12	44	50	-1	9.99	9.99
Fixation R	1	8	4769443816	4769593941	150125	720.22	39.12	44	50	-1	10.42	10.42
Fixation L	1	9	4769602312	4769919439	317127	847.04	53.93	53	26	-1	10.08	10.08
Fixation R	1	9	4769602312	4769919439	317127	847.04	53.93	53	26	-1	10.49	10.49
Fixation L	1	10	4769961184	4770119686	158502	189.89	114.17	40	18	-1	9.91	9.91
Fixation R	1	10	4769961184	4770119686	158502	189.89	114.17	40	18	-1	10.61	10.61
Fixation L	1	11	4770128056	4770303302	175246	94.80	118.13	15	20	-1	9.90	9.90
Fixation R	1	11	4770128056	4770303302	175246	94.80	118.13	15	20	-1	10.59	10.59
Fixation L	1	12	4770311551	4770595299	283748	243.27	84.95	27	58	-1	10.17	10.17
Fixation R	1	12	4770311551	4770595299	283748	243.27	84.95	27	58	-1	10.60	10.60
Fixation L	1	13	4770603670	4770753917	150247	348.87	97.25	26	21	-1	10.14	10.14
Fixation R	1	13	4770603670	4770753917	150247	348.87	97.25	26	21	-1	10.47	10.47
Fixation L	1	14	4770803917	4771029290	225373	440.65	104.36	76	21	-1	10.33	10.33
Fixation R	1	14	4770803917	4771029290	225373	440.65	104.36	76	21	-1	10.61	10.61
Fixation L	1	15	4771162789	4771346292	183503	531.98	114.67	52	42	-1	10.34	10.34
Fixation R	1	15	4771162789	4771346292	183503	531.98	114.67	52	42	-1	10.78	10.78
Fixation R	1	16	4771354657	4771479784	125127	582.11	109.29	49	30	-1	10.75	10.75
Fixation L	1	16	4771488158	4771721782	233624	723.78	80.70	69	24	-1	10.12	10.12
Fixation R	1	17	4771488158	4771721782	233624	723.78	80.70	69	24	-1	10.50	10.50
Fixation L	1	17	4771730153	4772013899	283746	841.91	74.39	79	19	-1	9.92	9.92
Fixation R	1	18	4771730153	4772013899	283746	841.91	74.39	79	19	-1	10.18	10.18
Fixation L	1	18	4772089022	4772431144	342122	144.79	166.87	76	22	-1	9.85	9.85
Fixation R	1	19	4772089022	4772431144	342122	144.79	166.87	76	22	-1	10.53	10.53
Fixation L	1	19	4772514514	4772714889	200375	294.99	158.86	23	20	-1	9.96	9.96
Fixation R	1	20	4772514514	4772714889	200375	294.99	158.86	23	20	-1	10.35	10.35
Fixation L	1	20	4772723141	4772865010	141869	360.29	146.87	16	8	-1	10.09	10.09
Fixation R	1	21	4772723141	4772865010	141869	360.29	146.87	16	8	-1	10.34	10.34
Fixation L	1	21	4772873395	4773040259	166864	470.34	148.72	35	14	-1	10.08	10.08
Fixation R	1	22	4772873395	4773040259	166864	470.34	148.72	35	14	-1	10.50	10.50
Fixation L	1	22	4773048638	4773265629	216991	581.71	171.68	28	17	-1	9.98	9.98
Fixation R	1	23	4773048638	4773265629	216991	581.71	171.68	28	17	-1	10.46	10.46
Fixation L	1	23	4773273887	4773399135	125248	752.65	161.03	79	20	-1	9.93	9.93
Fixation R	1	24	4773273887	4773399135	125248	752.65	161.03	79	20	-1	10.34	10.34
Fixation L	1	24	4773407383	4773566000	158617	769.91	144.20	9	11	-1	9.92	9.92
Fixation R	1	25	4773407383	4773566000	158617	769.91	144.20	9	11	-1	10.36	10.36
Fixation L	1	25	4773574384	4773799626	225242	896.30	154.46	54	20	-1	9.93	9.93
Fixation R	1	26	4773574384	4773799626	225242	896.30	154.46	54	20	-1	10.23	10.23
Fixation L	1	26	4773808000	4773908122	100122	822.73	138.51	58	22	-1	9.92	9.92
Fixation R	1	27	4773808000	4773908122	100122	822.73	138.51	58	22	-1	9.70	9.70
Fixation L	1	27	4773949877	4774099999	150122	175.37	179.10	55	11	-1	9.88	9.88
Fixation R	1	28	4773949877	4774099999	150122	175.37	179.10	55	11	-1	10.64	10.64
Fixation L	1	28	4774108369	4774375369	267000	84.47	207.75	22	35	-1	9.83	9.83
Fixation R	1	29	4774216864	4774375369	158505	86.21	215.17	13	18	-1	10.44	10.44
Fixation L	1	29	4774383743	4774592366	208623	184.90	201.28	29	24	-1	9.80	9.80
Fixation R	1	30	4774383743	4774592366	208623	184.90	201.28	29	24	-1	10.39	10.39
Fixation L	1	30	4774600740	4774800988	200248	335.63	204.68	87	11	-1	10.02	10.02
Fixation R	1	31	4774600740	4774800988	200248	335.63	204.68	87	11	-1	10.47	10.47
Fixation L	1	31	4774809359	4774901111	91752	288.35	217.76	57	8	-1	10.01	10.01
Fixation R	1	32	4774809359	4774901111	91752	288.35	217.76	57	8	-1	10.51	10.51
Fixation L	1	32	4774909481	4775134729	225248	436.57	204.41	39	18	-1	9.96	9.96
Fixation R	1	33	4774909481	4775134729	225248	436.57	204.41	39	18	-1	10.39	10.39
Fixation L	1	33	4775151357	4775485226	333869	606.81	208.77	49	15	-1	9.73	9.73
Fixation R	1	34	4775151357	4775485226	333869	606.81	208.77	49	15	-1	10.22	10.22
Fixation L	1	34	4775493596	4775685474	191878	772.36	193.19	17	17	-1	9.72	9.72
Fixation R	1	35	4775493596	4775685474	191878	772.36	193.19	17	17	-1	10.13	10.13
Fixation L	1	35	4775693843	4775827346	133503	882.64	203.24	43	18	-1	9.68	9.68
Fixation R	1	36	4775693843	4775827346	133503	882.64	203.24	43	18	-1	10.13	10.13
Fixation L	1	36	4775877470	4776035964	158494	186.14	273.59	42	53	-1	9.76	9.76
Fixation R	1	37	4775902473	4776085968	183495	172.29	280.04	65	32	-1	10.50	10.50
Fixation L	1	37	4776044338	4776227840	183502	125.54	290.46	59	14	-1	9.92	9.92
Fixation R	1	38	4776094336	4776227840	133504	119.41	291.94	13	12	-1	10.46	10.46
Fixation L	1	38	4776236211	4776461584	225373	275.57	271.38	53	32	-1	10.15	10.15
Fixation R	1	39	4776236211	4776461584	225373	275.57	271.38	53	32	-1	10.51	10.51
Fixation L	1	39	4776469830	4776670080	200250	420.30	259.40	30	18	-1	10.00	10.00
Fixation L	1	40	4776678459	4776853705	175246	611.04	264.02	84	7	-1	10.01	10.01
Fixation R	1	40	4776678459	4776853705	175246	611.04	264.02	84	7	-1	10.40	10.40
Fixation L	1	41	4776862075	4777120696	258621	785.52	245.03	27	29	-1	9.90	9.90
Fixation R	1	41	4776862075	4777120696	258621	785.52	245.03	27	29	-1	10.35	10.35
Fixation L	1	42	4777254194	4777379443	125249	936.15	278.44	74	24	-1	10.02	10.02
Fixation R	1	42	4777254194	4777379443	125249	936.15	278.44	74	24	-1	10.58	10.58
Fixation L	1	43	4777387816	4777471194	83378	907.56	274.65	22	9	-1	9.15	9.15
Fixation R	1	43	4777387816	4777588065	200249	894.61	273.10	55	10	-1	10.73	10.73
Fixation L	1	44	4777504573	4777588065	83492	883.06	270.53	27	6	-1	10.17	10.17
Fixation L	1	45	4777638063	4777888437	250374	124.56	337.23	61	37	-1	10.05	10.05
Fixation R	1	44	4777638063	4777888437	250374	124.56	337.23	61	37	-1	10.66	10.66
Fixation L	1	46	4777963559	4778205560	242001	280.14	326.15	18	24	-1	10.23	10.23
Fixation R	1	45	4777963559	4778205560	242001	280.14	326.15	18	24	-1	10.63	10.63
Fixation L	1	47	4778213930	4778472556	258626	437.99	319.21	29	10	-1	10.18	10.18
Fixation R	1	46	4778213930	4778472556	258626	437.99	319.21	29	10	-1	10.49	10.49
Fixation L	1	48	4778480927	4778706178	225251	611.17	318.35	42	12	-1	10.15	10.15
Fixation R	1	47	4778480927	4778706178	225251	611.17	318.35	42	12	-1	10.55	10.55
Fixation L	1	49	4778714548	4778898174	183626	768.38	316.81	71	18	-1	10.11	10.11
Fixation R	1	48	4778714548	4778898174	183626	768.38	316.81	71	18	-1	10.55	10.55
Fixation L	1	50	4778914797	4779148420	233623	919.27	308.18	34	25	-1	10.23	10.23
Fixation R	1	49	4778914797	4779148420	233623	919.27	308.18	34	25	-1	10.71	10.71
Fixation L	1	51	4779206918	4779357038	150120	167.41	388.46	38	24	-1	10.18	10.18
Fixation R	1	50	4779206918	4779357038	150120	167.41	388.46	38	24	-1	10.78	10.78
Fixation L	1	52	4779365411	4779590783	225372	87.66	393.09	67	22	-1	10.24	10.24
Fixation R	1	51	4779365411	4779590783	225372	87.66	393.09	67	22	-1	10.65	10.65
Fixation L	1	53	4779599039	4779782665	183626	236.38	391.46	29	11	-1	10.43	10.43
Fixation R	1	52	4779599039	4779782665	183626	236.38	391.46	29	11	-1	10.67	10.67
Fixation L	1	54	4779916154	4780091402	175248	322.14	373.86	52	26	-1	10.45	10.45
Fixation R	1	53	4779916154	4780091402	175248	322.14	373.86	52	26	-1	10.76	10.76
Fixation L	1	55	4780099780	4780416771	316991	499.63	379.59	67	13	-1	10.54	10.54
Fixation R	1	54	4780099780	4780416771	316991	499.63	379.59	67	13	-1	11.02	11.02
Fixation L	1	56	4780425153	4780642144	216991	655.36	381.49	76	14	-1	10.42	10.42
Fixation R	1	55	4780425153	4780575401	150248	645.80	382.75	17	14	-1	10.24	10.24
Fixation R	1	56	4780608771	4780800644	191873	729.61	380.73	87	8	-1	10.69	10.69
Fixation L	1	57	4780650521	4780800644	150123	739.72	380.90	81	8	-1	10.27	10.27
Fixation L	1	58	4780817394	4781059387	241993	383.16	389.92	64	13	-1	10.26	10.26
Fixation R	1	57	4780817394	4781059387	241993	383.16	389.92	64	13	-1	10.88	10.88
Fixation L	1	59	4781067762	4781226266	158504	197.94	436.07	36	38	-1	10.48	10.48
Fixation R	1	58	4781067762	4781226266	158504	197.94	436.07	36	38	-1	10.70	10.70
Fixation L	1	60	4781234639	4781426514	191875	92.92	460.74	31	27	-1	10.20	10.20
Fixation R	1	59	4781234639	4781426514	191875	92.92	460.74	31	27	-1	10.51	10.51
Fixation L	1	61	4781434880	4781685253	250373	254.57	432.29	60	34	-1	10.35	10.35
Fixation R	1	60	4781434880	4781685253	250373	254.57	432.29	60	34	-1	10.59	10.59
Fixation L	1	62	4781693503	4782060750	367247	311.64	407.55	15	11	-1	10.42	10.42
Fixation R	1	61	4781693503	4782060750	367247	311.64	407.55	15	11	-1	10.79	10.79
Fixation L	1	63	4782069000	4782152501	83501	486.45	392.09	79	19	-1	10.40	10.40
Fixation R	1	62	4782069000	4782152501	83501	486.45	392.09	79	19	-1	10.70	10.70
Fixation L	1	64	4782160870	4782310995	150125	499.93	381.88	28	10	-1	10.26	10.26
Fixation R	1	63	4782160870	4782310995	150125	499.93	381.88	28	10	-1	10.57	10.57
Fixation L	1	65	4782327746	4782603118	275372	751.37	379.09	53	13	-1	10.21	10.21
Fixation R	1	64	4782327746	4782603118	275372	751.37	379.09	53	13	-1	10.71	10.71
Fixation L	1	66	4782711611	4782820113	108502	278.51	393.36	69	21	-1	10.49	10.49
Fixation R	1	65	4782711611	4782820113	108502	278.51	393.36	69	21	-1	10.80	10.80
Fixation L	1	67	4782945234	4783170488	225254	338.58	292.16	56	39	-1	10.87	10.87
Fixation R	1	66	4782945234	4783170488	225254	338.58	292.16	56	39	-1	11.32	11.32
Fixation L	1	68	4783178855	4783395856	217001	359.72	434.58	13	47	-1	11.15	11.15
Fixation R	1	67	4783178855	4783395856	217001	359.72	434.58	13	47	-1	11.61	11.61

