[BeGaze]
Converted from:	C:\Program Files\SMI\Experiment Suite 360\Experiment Center 2\Results\Readability_First_01\P02-eye_data.idf
Date:	02.08.2013 11:27:25
Version:	BeGaze 3.2.28
Sample Rate:	120
Subject:	P02
Description:	Run2

Table Header for Fixations:
Event Type	Trial	Number	Start	End	Duration	Location X	Location Y	Dispersion X	Dispersion Y	Plane	Avg. Pupil Size X	Avg. Pupil Size Y


Fixation L	1	1	5159303811	5159487409	183598	341.39	56.32	27	29	-1	10.45	10.45
Fixation R	1	1	5159303811	5159487409	183598	341.39	56.32	27	29	-1	10.98	10.98
Fixation L	1	2	5159495820	5159637535	141715	187.10	48.69	46	12	-1	9.89	9.89
Fixation R	1	2	5159495820	5159637535	141715	187.10	48.69	46	12	-1	10.92	10.92
Fixation R	1	3	5159645904	5159946277	300373	102.78	52.42	36	22	-1	10.19	10.19
Fixation L	1	3	5159662660	5159946277	283617	103.37	53.04	35	22	-1	9.41	9.41
Fixation L	1	4	5159954649	5160246769	292120	185.87	42.99	14	24	-1	9.84	9.84
Fixation R	1	4	5159954649	5160246769	292120	185.87	42.99	14	24	-1	10.26	10.26
Fixation L	1	5	5160255021	5160580516	325495	311.27	42.11	38	8	-1	10.32	10.32
Fixation R	1	5	5160255021	5160580516	325495	311.27	42.11	38	8	-1	10.70	10.70
Fixation L	1	6	5160588892	5160747386	158494	422.76	39.01	25	5	-1	10.41	10.41
Fixation R	1	6	5160588892	5160747386	158494	422.76	39.01	25	5	-1	10.77	10.77
Fixation L	1	7	5160755762	5160931010	175248	254.89	36.69	80	3	-1	10.16	10.16
Fixation R	1	7	5160755762	5160931010	175248	254.89	36.69	80	3	-1	10.62	10.62
Fixation L	1	8	5160939391	5161239758	300367	185.32	26.49	26	30	-1	10.19	10.19
Fixation R	1	8	5160939391	5161239758	300367	185.32	26.49	26	30	-1	10.67	10.67
Fixation L	1	9	5161248134	5161556880	308746	287.48	17.05	42	25	-1	10.27	10.27
Fixation R	1	9	5161248134	5161556880	308746	287.48	17.05	42	25	-1	10.63	10.63
Fixation L	1	10	5161565133	5161790501	225368	403.80	29.79	32	19	-1	10.37	10.37
Fixation R	1	10	5161565133	5161790501	225368	403.80	29.79	32	19	-1	10.67	10.67
Fixation L	1	11	5161798876	5162099245	300369	296.31	34.93	56	37	-1	9.80	9.80
Fixation R	1	11	5161798876	5162107618	308742	295.82	34.13	56	42	-1	10.65	10.65
Fixation R	1	12	5162115872	5162316244	200372	405.75	-15.05	28	30	-1	10.62	10.62
Fixation R	1	13	5162324490	5162524740	200250	505.97	-12.18	16	34	-1	10.61	10.61
Fixation R	1	14	5162558114	5162658358	100244	504.45	-6.23	14	18	-1	10.47	10.47
Fixation R	1	15	5162666615	5162791862	125247	609.53	-17.24	29	29	-1	10.43	10.43
Fixation R	1	16	5162800107	5162925356	125249	714.45	1.64	25	37	-1	10.16	10.16
Fixation R	1	17	5163150600	5163325847	175247	124.80	34.22	28	22	-1	10.54	10.54
Fixation R	1	18	5163409344	5163684719	275375	93.48	69.41	26	26	-1	10.42	10.42
Fixation R	1	19	5163759847	5163968342	208495	206.05	40.71	17	23	-1	10.33	10.33
Fixation R	1	20	5163976716	5164126960	150244	318.09	53.87	15	16	-1	10.45	10.45
Fixation R	1	21	5164243711	5164410710	166999	389.08	36.16	23	34	-1	10.48	10.48
Fixation R	1	22	5164427332	5164527455	100123	622.47	9.95	41	7	-1	10.42	10.42
Fixation R	1	23	5164602579	5164844581	242002	745.50	25.24	41	33	-1	10.40	10.40
Fixation R	1	24	5164961450	5165053195	91745	871.78	49.04	25	48	-1	10.17	10.17
Fixation R	1	25	5165103199	5165220073	116874	145.33	94.21	69	24	-1	10.47	10.47
Fixation R	1	26	5165228446	5165411947	183501	94.87	105.69	41	57	-1	10.53	10.53
Fixation L	1	12	5165278445	5165437066	158621	87.11	118.12	40	51	-1	9.78	9.78
Fixation L	1	13	5165445320	5165679064	233744	243.00	109.55	52	41	-1	9.97	9.97
Fixation R	1	27	5165445320	5165679064	233744	243.00	109.55	52	41	-1	10.47	10.47
Fixation L	1	14	5165695695	5165979432	283737	400.00	89.72	31	22	-1	9.95	9.95
Fixation R	1	28	5165695695	5165979432	283737	400.00	89.72	31	22	-1	10.45	10.45
Fixation L	1	15	5165987808	5166196437	208629	525.76	104.73	34	14	-1	9.97	9.97
Fixation R	1	29	5165987808	5166196437	208629	525.76	104.73	34	14	-1	10.31	10.31
Fixation L	1	16	5166204684	5166513423	308739	405.40	89.44	30	31	-1	9.96	9.96
Fixation R	1	30	5166204684	5166513423	308739	405.40	89.44	30	31	-1	10.50	10.50
Fixation L	1	17	5166530177	5166713798	183621	584.28	99.64	63	14	-1	10.02	10.02
Fixation R	1	31	5166530177	5166713798	183621	584.28	99.64	63	14	-1	10.38	10.38
Fixation L	1	18	5166722049	5166947425	225376	737.78	104.45	30	24	-1	10.05	10.05
Fixation R	1	32	5166722049	5166947425	225376	737.78	104.45	30	24	-1	10.21	10.21
Fixation L	1	19	5166955795	5167089292	133497	844.46	100.38	19	13	-1	9.94	9.94
Fixation R	1	33	5166955795	5167089292	133497	844.46	100.38	19	13	-1	10.20	10.20
Fixation L	1	20	5167139290	5167314540	175250	172.13	153.57	71	27	-1	9.77	9.77
Fixation R	1	34	5167139290	5167314540	175250	172.13	153.57	71	27	-1	10.64	10.64
Fixation L	1	21	5167322918	5167673409	350491	110.87	179.47	58	28	-1	9.93	9.93
Fixation R	1	35	5167322918	5167673409	350491	110.87	179.47	58	28	-1	10.57	10.57
Fixation L	1	22	5167681661	5167898663	217002	228.07	169.82	32	17	-1	9.91	9.91
Fixation R	1	36	5167681661	5167898663	217002	228.07	169.82	32	17	-1	10.46	10.46
Fixation L	1	23	5167907032	5168073906	166874	352.69	158.63	16	7	-1	10.14	10.14
Fixation R	1	37	5167907032	5168073906	166874	352.69	158.63	16	7	-1	10.56	10.56
Fixation L	1	24	5168082281	5168432773	350492	510.63	164.28	36	13	-1	10.01	10.01
Fixation R	1	38	5168082281	5168432773	350492	510.63	164.28	36	13	-1	10.42	10.42
Fixation L	1	25	5168441023	5168666396	225373	642.42	153.72	31	16	-1	9.89	9.89
Fixation R	1	39	5168441023	5168666396	225373	642.42	153.72	31	16	-1	10.32	10.32
Fixation L	1	26	5168674771	5168883263	208492	800.64	159.58	52	14	-1	9.77	9.77
Fixation R	1	40	5168674771	5168883263	208492	800.64	159.58	52	14	-1	10.11	10.11
Fixation L	1	27	5168891638	5169108639	217001	912.60	175.17	40	27	-1	9.76	9.76
Fixation R	1	41	5168891638	5169108639	217001	912.60	175.17	40	27	-1	10.14	10.14
Fixation L	1	28	5169125263	5169283928	158665	778.27	171.19	35	20	-1	9.73	9.73
Fixation R	1	42	5169125263	5169283928	158665	778.27	171.19	35	20	-1	10.24	10.24
Fixation L	1	29	5169333885	5169575883	241998	148.62	210.28	43	27	-1	9.68	9.68
Fixation R	1	43	5169333885	5169575883	241998	148.62	210.28	43	27	-1	10.52	10.52
Fixation L	1	30	5169584252	5169726128	141876	91.72	226.37	23	33	-1	9.87	9.87
Fixation R	1	44	5169584252	5169726128	141876	91.72	226.37	23	33	-1	10.48	10.48
Fixation L	1	31	5169742751	5170009875	267124	226.88	220.43	65	28	-1	9.84	9.84
Fixation R	1	45	5169742751	5170009875	267124	226.88	220.43	65	28	-1	10.48	10.48
Fixation L	1	32	5170018124	5170860982	842858	117.86	234.06	72	26	-1	9.81	9.81
Fixation R	1	46	5170018124	5170860982	842858	117.86	234.06	72	26	-1	10.38	10.38
Fixation L	1	33	5170869360	5171052859	183499	214.07	229.86	82	10	-1	9.98	9.98
Fixation R	1	47	5170869360	5171052859	183499	214.07	229.86	82	10	-1	10.52	10.52
Fixation L	1	34	5171061229	5171219852	158623	298.44	221.35	9	9	-1	10.11	10.11
Fixation R	1	48	5171061229	5171219852	158623	298.44	221.35	9	9	-1	10.47	10.47
Fixation L	1	35	5171228109	5171445101	216992	414.58	225.37	22	25	-1	10.07	10.07
Fixation R	1	49	5171228109	5171445101	216992	414.58	225.37	22	25	-1	10.39	10.39
Fixation L	1	36	5171453480	5171695471	241991	567.92	221.39	72	22	-1	9.77	9.77
Fixation R	1	50	5171453480	5171695471	241991	567.92	221.39	72	22	-1	10.21	10.21
Fixation L	1	37	5171703723	5171979097	275374	455.40	221.48	79	8	-1	9.79	9.79
Fixation R	1	51	5171703723	5171979097	275374	455.40	221.48	79	8	-1	10.26	10.26
Fixation L	1	38	5172004220	5172471460	467240	755.96	216.02	74	23	-1	10.04	10.04
Fixation R	1	52	5172004220	5172471460	467240	755.96	216.02	74	23	-1	10.16	10.16
Fixation L	1	39	5172479838	5172713460	233622	818.31	203.65	68	18	-1	9.89	9.89
Fixation R	1	53	5172479838	5172713460	233622	818.31	203.65	68	18	-1	10.17	10.17
Fixation L	1	40	5172721830	5172846953	125123	890.25	222.67	21	22	-1	9.84	9.84
Fixation R	1	54	5172721830	5172846953	125123	890.25	222.67	21	22	-1	10.09	10.09
Fixation L	1	41	5172905331	5173222447	317116	141.23	288.95	63	34	-1	9.93	9.93
Fixation R	1	55	5172905331	5173222447	317116	141.23	288.95	63	34	-1	10.60	10.60
Fixation L	1	42	5173280951	5173531199	250248	338.63	284.43	31	8	-1	10.21	10.21
Fixation R	1	56	5173280951	5173531199	250248	338.63	284.43	31	8	-1	10.61	10.61
Fixation L	1	43	5173539568	5173639691	100123	483.99	285.74	26	1	-1	10.13	10.13
Fixation R	1	57	5173539568	5173639691	100123	483.99	285.74	26	1	-1	10.41	10.41
Fixation L	1	44	5173656445	5173823316	166871	167.02	288.29	75	10	-1	9.89	9.89
Fixation R	1	58	5173656445	5173823316	166871	167.02	288.29	75	10	-1	10.36	10.36
Fixation L	1	45	5173831694	5174115318	283624	114.19	314.52	37	32	-1	9.90	9.90
Fixation R	1	59	5173831694	5174115318	283624	114.19	314.52	37	32	-1	10.49	10.49
Fixation L	1	46	5174257189	5174374058	116869	271.43	288.17	90	5	-1	9.93	9.93
Fixation R	1	60	5174257189	5174374058	116869	271.43	288.17	90	5	-1	10.53	10.53
Fixation L	1	47	5174449180	5174607683	158503	413.50	282.15	93	6	-1	10.29	10.29
Fixation R	1	61	5174449180	5174607683	158503	413.50	282.15	93	6	-1	10.77	10.77
Fixation L	1	48	5174616052	5174849674	233622	527.06	279.38	74	16	-1	9.98	9.98
Fixation R	1	62	5174616052	5174849674	233622	527.06	279.38	74	16	-1	10.36	10.36
Fixation L	1	49	5174858055	5175108303	250248	670.69	281.84	73	13	-1	9.85	9.85
Fixation R	1	63	5174858055	5175108303	250248	670.69	281.84	73	13	-1	10.36	10.36
Fixation L	1	50	5175183419	5175533917	350498	898.77	269.26	64	14	-1	9.90	9.90
Fixation R	1	64	5175183419	5175533917	350498	898.77	269.26	64	14	-1	10.28	10.28
Fixation L	1	51	5175584039	5175851035	266996	147.22	346.28	46	24	-1	9.90	9.90
Fixation R	1	65	5175584039	5175851035	266996	147.22	346.28	46	24	-1	10.58	10.58
Fixation L	1	52	5175859414	5176059661	200247	264.43	338.87	57	9	-1	10.19	10.19
Fixation R	1	66	5175859414	5176059661	200247	264.43	338.87	57	9	-1	10.69	10.69
Fixation L	1	53	5176067905	5176234903	166998	379.88	332.52	24	6	-1	10.15	10.15
Fixation R	1	67	5176067905	5176234903	166998	379.88	332.52	24	6	-1	10.66	10.66
Fixation L	1	54	5176243155	5176385028	141873	536.48	330.37	86	2	-1	10.06	10.06
Fixation R	1	68	5176243155	5176385028	141873	536.48	330.37	86	2	-1	10.60	10.60
Fixation L	1	55	5176393402	5176894020	500618	663.02	327.93	71	19	-1	10.05	10.05
Fixation R	1	69	5176393402	5176894020	500618	663.02	327.93	71	19	-1	10.48	10.48
Fixation L	1	56	5176902395	5177086021	183626	767.75	329.73	42	10	-1	9.98	9.98
Fixation R	1	70	5176902395	5177086021	183626	767.75	329.73	42	10	-1	10.37	10.37
Fixation L	1	57	5177094393	5177311270	216877	855.74	335.05	40	7	-1	9.95	9.95
Fixation R	1	71	5177094393	5177311270	216877	855.74	335.05	40	7	-1	10.37	10.37
Fixation L	1	58	5177361392	5177595010	233618	157.24	403.89	68	29	-1	9.84	9.84
Fixation R	1	72	5177361392	5177595010	233618	157.24	403.89	68	29	-1	10.56	10.56
Fixation L	1	59	5177603385	5177770259	166874	108.09	421.70	8	8	-1	9.91	9.91
Fixation R	1	73	5177603385	5177770259	166874	108.09	421.70	8	8	-1	10.49	10.49
Fixation L	1	60	5177778631	5178062257	283626	282.07	402.95	74	24	-1	10.07	10.07
Fixation R	1	74	5177778631	5178062257	283626	282.07	402.95	74	24	-1	10.54	10.54
Fixation L	1	61	5178070627	5178179123	108496	343.25	397.61	43	8	-1	10.08	10.08
Fixation R	1	75	5178070627	5178179123	108496	343.25	397.61	43	8	-1	10.55	10.55
Fixation L	1	62	5178379370	5178621368	241998	585.74	393.26	71	15	-1	10.07	10.07
Fixation R	1	76	5178379370	5178621368	241998	585.74	393.26	71	15	-1	10.79	10.79
Fixation L	1	63	5178629741	5178930111	300370	732.30	391.61	86	9	-1	9.81	9.81
Fixation R	1	77	5178629741	5178930111	300370	732.30	391.61	86	9	-1	10.36	10.36
Fixation L	1	64	5178938497	5179105365	166868	841.35	391.38	6	9	-1	9.70	9.70
Fixation R	1	78	5178938497	5179105365	166868	841.35	391.38	6	9	-1	10.15	10.15
Fixation L	1	65	5179155485	5179313984	158499	182.77	451.33	44	25	-1	9.66	9.66
Fixation R	1	79	5179155485	5179313984	158499	182.77	451.33	44	25	-1	10.24	10.24
Fixation L	1	66	5179322357	5179514233	191876	105.07	468.08	63	14	-1	9.72	9.72
Fixation R	1	80	5179322357	5179514233	191876	105.07	468.08	63	14	-1	10.23	10.23
Fixation L	1	67	5179522604	5179789605	267001	317.28	458.94	40	16	-1	9.98	9.98
Fixation R	1	81	5179522604	5179789605	267001	317.28	458.94	40	16	-1	10.44	10.44
Fixation L	1	68	5179806351	5180106717	300366	516.17	460.20	33	8	-1	9.94	9.94
Fixation R	1	82	5179806351	5180106717	300366	516.17	460.20	33	8	-1	10.47	10.47
Fixation L	1	69	5180115098	5180348717	233619	678.82	455.93	47	7	-1	9.81	9.81
Fixation R	1	83	5180115098	5180348717	233619	678.82	455.93	47	7	-1	10.42	10.42
Fixation L	1	70	5180357089	5180599088	241999	816.31	451.76	67	4	-1	9.82	9.82
Fixation R	1	84	5180357089	5180599088	241999	816.31	451.76	67	4	-1	10.25	10.25
Fixation L	1	71	5180649086	5180799337	150251	197.41	502.88	33	40	-1	9.89	9.89
Fixation R	1	85	5180649086	5180799337	150251	197.41	502.88	33	40	-1	10.36	10.36
Fixation L	1	72	5180807708	5181049705	241997	106.78	522.85	59	17	-1	9.46	9.46
Fixation R	1	86	5180807708	5181091336	283628	106.10	523.11	59	17	-1	10.22	10.22
Fixation L	1	73	5181099705	5181516952	417247	228.93	511.31	37	20	-1	10.13	10.13
Fixation R	1	87	5181099705	5181516952	417247	228.93	511.31	37	20	-1	10.27	10.27
Fixation L	1	74	5181525322	5181742205	216883	436.20	525.20	63	23	-1	10.12	10.12
Fixation R	1	88	5181525322	5181742205	216883	436.20	525.20	63	23	-1	10.77	10.77
Fixation L	1	75	5181750573	5182092693	342120	319.32	531.44	79	20	-1	10.01	10.01
Fixation R	1	89	5181750573	5182092693	342120	319.32	531.44	79	20	-1	10.54	10.54
Fixation L	1	76	5182101065	5182401435	300370	279.36	512.24	30	11	-1	9.89	9.89
Fixation R	1	90	5182101065	5182401435	300370	279.36	512.24	30	11	-1	10.34	10.34
Fixation L	1	77	5182409808	5182601685	191877	400.10	519.22	47	7	-1	9.97	9.97
Fixation R	1	91	5182409808	5182601685	191877	400.10	519.22	47	7	-1	10.68	10.68
Fixation L	1	78	5182610055	5182776927	166872	525.81	517.77	46	4	-1	10.01	10.01
Fixation R	1	92	5182610055	5182776927	166872	525.81	517.77	46	4	-1	10.56	10.56
Fixation L	1	79	5182785302	5183010675	225373	675.58	515.86	52	11	-1	9.76	9.76
Fixation R	1	93	5182785302	5183010675	225373	675.58	515.86	52	11	-1	10.46	10.46
Fixation L	1	80	5183018929	5183377795	358866	836.74	510.73	83	8	-1	9.74	9.74
Fixation R	1	94	5183018929	5183377795	358866	836.74	510.73	83	8	-1	10.31	10.31
Fixation R	1	95	5183436170	5183694921	258751	137.37	566.08	43	50	-1	10.21	10.21
Fixation L	1	81	5183628167	5183786670	158503	105.11	585.79	57	17	-1	9.90	9.90
Fixation R	1	96	5183703164	5183786670	83506	90.06	588.88	15	2	-1	10.23	10.23
Fixation L	1	82	5183803290	5184037034	233744	256.96	575.25	58	15	-1	10.13	10.13
Fixation R	1	97	5183803290	5184037034	233744	256.96	575.25	58	15	-1	10.38	10.38
Fixation L	1	83	5184045290	5184362403	317113	417.21	577.32	21	9	-1	10.16	10.16
Fixation R	1	98	5184045290	5184362403	317113	417.21	577.32	21	9	-1	10.88	10.88
Fixation L	1	84	5184370782	5184521027	150245	514.32	581.96	26	9	-1	10.23	10.23
Fixation R	1	99	5184370782	5184521027	150245	514.32	581.96	26	9	-1	10.87	10.87
Fixation L	1	85	5184529278	5184788023	258745	611.97	579.69	48	11	-1	10.24	10.24
Fixation R	1	100	5184529278	5184788023	258745	611.97	579.69	48	11	-1	10.81	10.81
Fixation L	1	86	5184813021	5185221896	408875	234.03	580.95	59	8	-1	10.17	10.17
Fixation R	1	101	5184813021	5185221896	408875	234.03	580.95	59	8	-1	10.45	10.45
Fixation L	1	87	5185238645	5185480640	241995	560.44	576.90	53	8	-1	10.41	10.41
Fixation R	1	102	5185238645	5185480640	241995	560.44	576.90	53	8	-1	10.92	10.92
Fixation L	1	88	5185630763	5185839388	208625	747.03	562.46	44	44	-1	10.37	10.37
Fixation R	1	103	5185831006	5186173255	342249	809.62	568.74	89	8	-1	10.87	10.87
Fixation L	1	89	5185847760	5186173255	325495	812.47	568.51	24	6	-1	10.12	10.12
Fixation L	1	90	5186181502	5186456878	275376	911.53	576.66	73	7	-1	10.24	10.24
Fixation R	1	104	5186181502	5186456878	275376	911.53	576.66	73	7	-1	10.85	10.85
Fixation L	1	91	5186498621	5186590372	91751	171.96	632.64	55	43	-1	10.33	10.33
Fixation R	1	105	5186498621	5186590372	91751	171.96	632.64	55	43	-1	10.89	10.89
Fixation L	1	92	5186598747	5186824118	225371	107.28	647.53	72	24	-1	10.30	10.30
Fixation R	1	106	5186598747	5186824118	225371	107.28	647.53	72	24	-1	10.80	10.80
Fixation L	1	93	5186832366	5187091114	258748	287.01	645.96	82	14	-1	10.70	10.70
Fixation R	1	107	5186832366	5187091114	258748	287.01	645.96	82	14	-1	10.91	10.91
Fixation L	1	94	5187099490	5187349735	250245	436.68	635.74	30	8	-1	10.77	10.77
Fixation R	1	108	5187099490	5187349735	250245	436.68	635.74	30	8	-1	11.47	11.47
Fixation L	1	95	5187358110	5187591734	233624	596.03	635.02	62	10	-1	10.68	10.68
Fixation R	1	109	5187358110	5187591734	233624	596.03	635.02	62	10	-1	11.45	11.45
Fixation L	1	96	5187608482	5187983974	375492	799.26	629.57	69	12	-1	10.24	10.24
Fixation R	1	110	5187608482	5187983974	375492	799.26	629.57	69	12	-1	11.04	11.04
Fixation L	1	97	5188025726	5188192599	166873	153.79	691.63	63	34	-1	10.25	10.25
Fixation R	1	111	5188025726	5188192599	166873	153.79	691.63	63	34	-1	10.81	10.81
Fixation L	1	98	5188200974	5188309345	108371	104.04	705.89	15	18	-1	10.35	10.35
Fixation R	1	112	5188200974	5188309345	108371	104.04	705.89	15	18	-1	10.87	10.87
Fixation L	1	99	5188317727	5188601466	283739	232.41	697.42	33	18	-1	10.62	10.62
Fixation R	1	113	5188317727	5188601466	283739	232.41	697.42	33	18	-1	10.77	10.77
Fixation L	1	100	5188609715	5189102086	492371	317.80	694.74	16	7	-1	10.70	10.70
Fixation R	1	114	5188609715	5189102086	492371	317.80	694.74	16	7	-1	10.95	10.95
Fixation L	1	101	5189110459	5189310704	200245	469.45	697.63	34	4	-1	10.76	10.76
Fixation R	1	115	5189110459	5189310704	200245	469.45	697.63	34	4	-1	11.58	11.58
Fixation L	1	102	5189327455	5189652827	325372	636.79	692.85	58	11	-1	10.72	10.72
Fixation R	1	116	5189327455	5189652827	325372	636.79	692.85	58	11	-1	11.41	11.41
Fixation L	1	103	5189661199	5189894823	233624	797.24	687.03	27	10	-1	10.33	10.33
Fixation R	1	117	5189661199	5189894823	233624	797.24	687.03	27	10	-1	11.03	11.03
Fixation L	1	104	5189903196	5190070074	166878	894.16	687.53	22	40	-1	10.42	10.42
Fixation R	1	118	5189903196	5190070074	166878	894.16	687.53	22	40	-1	10.98	10.98

