[BeGaze]
Converted from:	C:\Program Files\SMI\Experiment Suite 360\Experiment Center 2\Results\Readability_First_01\P02-eye_data.idf
Date:	02.08.2013 11:27:24
Version:	BeGaze 3.2.28
Sample Rate:	120
Subject:	P02
Description:	Run2

Table Header for Fixations:
Event Type	Trial	Number	Start	End	Duration	Location X	Location Y	Dispersion X	Dispersion Y	Plane	Avg. Pupil Size X	Avg. Pupil Size Y


Fixation L	1	1	4346490234	4346657092	166858	447.96	43.59	12	12	-1	10.23	10.23
Fixation R	1	1	4346490234	4346657092	166858	447.96	43.59	12	12	-1	11.03	11.03
Fixation L	1	2	4346673720	4347049343	375623	121.35	65.76	35	44	-1	10.02	10.02
Fixation R	1	2	4346673720	4347049343	375623	121.35	65.76	35	44	-1	10.81	10.81
Fixation L	1	3	4347057587	4347416457	358870	229.50	40.98	32	36	-1	9.92	9.92
Fixation R	1	3	4347057587	4347416457	358870	229.50	40.98	32	36	-1	10.57	10.57
Fixation L	1	4	4347424830	4347633453	208623	313.54	30.84	35	13	-1	10.04	10.04
Fixation R	1	4	4347424830	4347633453	208623	313.54	30.84	35	13	-1	10.48	10.48
Fixation L	1	5	4347641701	4348384438	742737	452.98	24.00	58	36	-1	10.04	10.04
Fixation R	1	5	4347641701	4348384438	742737	452.98	24.00	58	36	-1	10.59	10.59
Fixation L	1	6	4348392688	4348651440	258752	519.95	31.29	69	26	-1	10.28	10.28
Fixation R	1	6	4348392688	4348651440	258752	519.95	31.29	69	26	-1	10.77	10.77
Fixation L	1	7	4348659808	4348751567	91759	560.47	21.31	8	15	-1	10.28	10.28
Fixation R	1	7	4348659808	4348751567	91759	560.47	21.31	8	15	-1	10.69	10.69
Fixation L	1	8	4348759933	4348851687	91754	665.60	23.23	86	12	-1	10.16	10.16
Fixation R	1	8	4348759933	4348851687	91754	665.60	23.23	86	12	-1	10.48	10.48
Fixation L	1	9	4348860057	4349310673	450616	533.47	32.99	38	42	-1	10.22	10.22
Fixation R	1	9	4348860057	4349310673	450616	533.47	32.99	38	42	-1	10.79	10.79
Fixation L	1	10	4349318924	4349544295	225371	651.85	40.71	71	20	-1	10.31	10.31
Fixation R	1	10	4349318924	4349544295	225371	651.85	40.71	71	20	-1	10.73	10.73
Fixation L	1	11	4349552680	4350044913	492233	733.39	32.35	70	13	-1	10.10	10.10
Fixation R	1	11	4349552680	4350044913	492233	733.39	32.35	70	13	-1	10.55	10.55
Fixation L	1	12	4350053295	4350387032	333737	814.70	47.70	62	14	-1	10.01	10.01
Fixation R	1	12	4350053295	4350387032	333737	814.70	47.70	62	14	-1	10.46	10.46
Fixation L	1	13	4350437157	4350704159	267002	149.65	123.33	37	31	-1	9.89	9.89
Fixation R	1	13	4350437157	4350704159	267002	149.65	123.33	37	31	-1	10.66	10.66
Fixation L	1	14	4350712531	4350962900	250369	282.76	109.06	22	16	-1	9.98	9.98
Fixation R	1	14	4350712531	4350962900	250369	282.76	109.06	22	16	-1	10.49	10.49
Fixation L	1	15	4350971149	4351054655	83506	387.51	103.67	11	7	-1	10.00	10.00
Fixation R	1	15	4350971149	4351054655	83506	387.51	103.67	11	7	-1	10.43	10.43
Fixation L	1	16	4351063025	4351388393	325368	499.62	96.57	49	19	-1	9.93	9.93
Fixation R	1	16	4351063025	4351388393	325368	499.62	96.57	49	19	-1	10.32	10.32
Fixation L	1	17	4351405149	4351797263	392114	624.66	96.93	83	11	-1	9.87	9.87
Fixation R	1	17	4351405149	4351797263	392114	624.66	96.93	83	11	-1	10.24	10.24
Fixation L	1	18	4351814012	4352056069	242057	798.77	97.89	29	11	-1	9.69	9.69
Fixation R	1	18	4351814012	4352056069	242057	798.77	97.89	29	11	-1	9.98	9.98
Fixation L	1	19	4352172757	4352406508	233751	125.47	167.36	79	13	-1	9.64	9.64
Fixation R	1	19	4352172757	4352406508	233751	125.47	167.36	79	13	-1	10.57	10.57
Fixation L	1	20	4352414755	4352556632	141877	181.48	151.91	19	22	-1	10.16	10.16
Fixation R	1	20	4352414755	4352556632	141877	181.48	151.91	19	22	-1	10.79	10.79
Fixation L	1	21	4352565000	4353015620	450620	275.13	150.63	65	24	-1	10.00	10.00
Fixation R	1	21	4352565000	4353015620	450620	275.13	150.63	65	24	-1	10.54	10.54
Fixation L	1	22	4353023996	4353274241	250245	381.60	140.08	83	10	-1	9.84	9.84
Fixation R	1	22	4353023996	4353274241	250245	381.60	140.08	83	10	-1	10.30	10.30
Fixation L	1	23	4353282620	4353499611	216991	525.48	140.09	16	16	-1	9.84	9.84
Fixation R	1	23	4353282620	4353499611	216991	525.48	140.09	16	16	-1	10.27	10.27
Fixation L	1	24	4353507993	4353966855	458862	660.88	142.93	30	17	-1	9.81	9.81
Fixation R	1	24	4353507993	4353966855	458862	660.88	142.93	30	17	-1	10.40	10.40
Fixation L	1	25	4353975228	4354258982	283754	823.90	131.17	24	23	-1	9.72	9.72
Fixation R	1	25	4353975228	4354258982	283754	823.90	131.17	24	23	-1	10.26	10.26
Fixation L	1	26	4354267349	4354676218	408869	857.32	138.98	77	15	-1	9.91	9.91
Fixation R	1	26	4354267349	4354676218	408869	857.32	138.98	77	15	-1	10.45	10.45
Fixation L	1	27	4354726218	4354984969	258751	147.92	224.24	33	9	-1	9.87	9.87
Fixation R	1	27	4354726218	4354984969	258751	147.92	224.24	33	9	-1	10.64	10.64
Fixation L	1	28	4354993213	4355285336	292123	249.56	209.44	77	20	-1	9.95	9.95
Fixation R	1	28	4354993213	4355285336	292123	249.56	209.44	77	20	-1	10.56	10.56
Fixation L	1	29	4355293709	4355443831	150122	371.50	211.19	15	21	-1	10.00	10.00
Fixation R	1	29	4355293709	4355443831	150122	371.50	211.19	15	21	-1	10.54	10.54
Fixation L	1	30	4355452206	4355635836	183630	476.71	216.41	24	12	-1	9.88	9.88
Fixation R	1	30	4355452206	4355635836	183630	476.71	216.41	24	12	-1	10.41	10.41
Fixation L	1	31	4355644079	4355836078	191999	586.73	206.87	18	6	-1	9.82	9.82
Fixation R	1	31	4355644079	4355836078	191999	586.73	206.87	18	6	-1	10.31	10.31
Fixation L	1	32	4355844452	4356144825	300373	750.54	198.11	87	8	-1	9.81	9.81
Fixation R	1	32	4355844452	4356144825	300373	750.54	198.11	87	8	-1	10.35	10.35
Fixation L	1	33	4356153197	4356370073	216876	839.68	211.19	45	19	-1	9.79	9.79
Fixation R	1	33	4356153197	4356370073	216876	839.68	211.19	45	19	-1	10.22	10.22
Fixation L	1	34	4356378443	4356503568	125125	915.41	204.29	37	8	-1	9.76	9.76
Fixation R	1	34	4356378443	4356503568	125125	915.41	204.29	37	8	-1	10.25	10.25
Fixation L	1	35	4356553692	4356812319	258627	153.58	276.53	57	25	-1	9.70	9.70
Fixation R	1	35	4356553692	4356812319	258627	153.58	276.53	57	25	-1	10.59	10.59
Fixation L	1	36	4356820690	4357004309	183619	245.46	267.81	34	15	-1	9.88	9.88
Fixation R	1	36	4356820690	4357004309	183619	245.46	267.81	34	15	-1	10.45	10.45
Fixation L	1	37	4357012688	4357304682	291994	370.43	276.84	26	28	-1	9.70	9.70
Fixation R	1	37	4357012688	4357304682	291994	370.43	276.84	26	28	-1	10.27	10.27
Fixation L	1	38	4357313058	4357538302	225244	508.80	280.86	46	15	-1	9.48	9.48
Fixation R	1	38	4357313058	4357538302	225244	508.80	280.86	46	15	-1	10.10	10.10
Fixation L	1	39	4357546676	4357763678	217002	683.54	275.60	84	15	-1	9.53	9.53
Fixation R	1	39	4357546676	4357763678	217002	683.54	275.60	84	15	-1	10.00	10.00
Fixation L	1	40	4357772050	4357955544	183494	656.29	257.65	24	9	-1	9.46	9.46
Fixation R	1	40	4357772050	4357955544	183494	656.29	257.65	24	9	-1	9.96	9.96
Fixation L	1	41	4357963925	4358089048	125123	817.82	261.00	74	5	-1	9.53	9.53
Fixation R	1	41	4357963925	4358089048	125123	817.82	261.00	74	5	-1	10.13	10.13
Fixation L	1	42	4358222542	4358364418	141876	888.73	280.00	78	20	-1	9.49	9.49
Fixation R	1	42	4358222542	4358364418	141876	888.73	280.00	78	20	-1	9.99	9.99
Fixation L	1	43	4358372787	4358865161	492374	886.33	271.59	51	17	-1	9.72	9.72
Fixation R	1	43	4358372787	4358865161	492374	886.33	271.59	51	17	-1	10.25	10.25
Fixation L	1	44	4358915160	4359073777	158617	148.95	333.51	55	38	-1	9.77	9.77
Fixation R	1	44	4358915160	4359073777	158617	148.95	333.51	55	38	-1	10.65	10.65
Fixation L	1	45	4359082029	4359257273	175244	102.90	347.69	36	17	-1	9.87	9.87
Fixation R	1	45	4359082029	4359257273	175244	102.90	347.69	36	17	-1	10.54	10.54
Fixation L	1	46	4359265656	4359607770	342114	179.98	340.47	50	12	-1	9.90	9.90
Fixation R	1	46	4359265656	4359607770	342114	179.98	340.47	50	12	-1	10.49	10.49
Fixation L	1	47	4359616148	4359908138	291990	345.40	326.68	69	13	-1	9.74	9.74
Fixation R	1	47	4359616148	4359908138	291990	345.40	326.68	69	13	-1	10.39	10.39
Fixation L	1	48	4360041765	4360166891	125126	477.02	316.94	74	25	-1	9.54	9.54
Fixation R	1	48	4360041765	4360166891	125126	477.02	316.94	74	25	-1	10.25	10.25
Fixation L	1	49	4360175265	4360442258	266993	557.90	332.94	38	8	-1	9.85	9.85
Fixation R	1	49	4360175265	4360442258	266993	557.90	332.94	38	8	-1	10.49	10.49
Fixation L	1	50	4360450505	4360667506	217001	659.62	328.39	24	6	-1	9.72	9.72
Fixation R	1	50	4360450505	4360667506	217001	659.62	328.39	24	6	-1	10.33	10.33
Fixation L	1	51	4360675883	4361109746	433863	760.28	331.47	51	18	-1	9.67	9.67
Fixation R	1	51	4360675883	4361109746	433863	760.28	331.47	51	18	-1	10.27	10.27
Fixation L	1	52	4361118129	4361376870	258741	909.10	330.63	57	10	-1	9.79	9.79
Fixation R	1	52	4361118129	4361376870	258741	909.10	330.63	57	10	-1	10.38	10.38
Fixation L	1	53	4361435240	4361685612	250372	124.18	394.07	36	22	-1	9.87	9.87
Fixation R	1	53	4361435240	4361685612	250372	124.18	394.07	36	22	-1	10.55	10.55
Fixation L	1	54	4361702236	4361869116	166880	274.78	382.19	33	19	-1	10.14	10.14
Fixation R	1	54	4361702236	4361869116	166880	274.78	382.19	33	19	-1	10.60	10.60
Fixation R	1	55	4361877487	4362152856	275369	384.41	392.61	62	13	-1	10.64	10.64
Fixation L	1	55	4362061105	4362152856	91751	363.88	395.78	44	7	-1	9.10	9.10
Fixation L	1	56	4362161230	4362661850	500620	532.85	397.46	52	31	-1	10.00	10.00
Fixation R	1	56	4362161230	4362661850	500620	532.85	397.46	52	31	-1	10.65	10.65
Fixation L	1	57	4362678599	4363087470	408871	704.74	395.47	62	18	-1	9.90	9.90
Fixation R	1	57	4362678599	4363087470	408871	704.74	395.47	62	18	-1	10.56	10.56
Fixation L	1	58	4363095844	4363179224	83380	771.37	390.73	34	3	-1	9.90	9.90
Fixation R	1	58	4363095844	4363179224	83380	771.37	390.73	34	3	-1	10.50	10.50
Fixation L	1	59	4363187592	4363471340	283748	840.06	397.10	54	8	-1	9.98	9.98
Fixation R	1	59	4363187592	4363471340	283748	840.06	397.10	54	8	-1	10.51	10.51
Fixation L	1	60	4363479712	4363613207	133495	945.03	395.55	16	4	-1	9.91	9.91
Fixation R	1	60	4363479712	4363613207	133495	945.03	395.55	16	4	-1	10.60	10.60
Fixation L	1	61	4363663206	4363880205	216999	176.81	442.96	63	31	-1	9.87	9.87
Fixation R	1	61	4363663206	4363880205	216999	176.81	442.96	63	31	-1	10.61	10.61
Fixation L	1	62	4363888581	4364247326	358745	229.60	455.63	38	23	-1	10.05	10.05
Fixation R	1	62	4363888581	4364247326	358745	229.60	455.63	38	23	-1	10.59	10.59
Fixation R	1	63	4364255699	4364497700	242001	361.36	447.20	26	16	-1	10.65	10.65
Fixation L	1	63	4364506069	4364748068	241999	510.64	452.78	51	11	-1	10.01	10.01
Fixation R	1	64	4364506069	4364748068	241999	510.64	452.78	51	11	-1	10.61	10.61
Fixation L	1	64	4364756314	4364998321	242007	648.84	453.80	60	8	-1	9.96	9.96
Fixation R	1	65	4364756314	4364998321	242007	648.84	453.80	60	8	-1	10.67	10.67
Fixation L	1	65	4365006692	4365323813	317121	805.73	444.32	40	11	-1	9.87	9.87
Fixation R	1	66	4365006692	4365323813	317121	805.73	444.32	40	11	-1	10.45	10.45
Fixation L	1	66	4365332190	4365540806	208616	942.20	445.82	14	7	-1	9.68	9.68
Fixation R	1	67	4365332190	4365540806	208616	942.20	445.82	14	7	-1	10.27	10.27
Fixation L	1	67	4365590805	4365724310	133505	180.09	527.58	44	36	-1	9.62	9.62
Fixation R	1	68	4365590805	4365724310	133505	180.09	527.58	44	36	-1	10.34	10.34
Fixation L	1	68	4365732677	4365916177	183500	96.92	534.74	26	3	-1	9.73	9.73
Fixation R	1	69	4365732677	4365916177	183500	96.92	534.74	26	3	-1	10.38	10.38
Fixation L	1	69	4365924555	4366099803	175248	237.66	508.22	56	26	-1	9.88	9.88
Fixation R	1	70	4365924555	4366099803	175248	237.66	508.22	56	26	-1	10.35	10.35
Fixation L	1	70	4366108173	4366517039	408866	320.15	507.08	28	12	-1	9.92	9.92
Fixation R	1	71	4366108173	4366517039	408866	320.15	507.08	28	12	-1	10.50	10.50
Fixation L	1	71	4366525420	4366725667	200247	447.81	511.40	53	9	-1	9.90	9.90
Fixation R	1	72	4366525420	4366725667	200247	447.81	511.40	53	9	-1	10.60	10.60
Fixation L	1	72	4366734037	4366875914	141877	545.87	510.26	50	7	-1	9.85	9.85
Fixation R	1	73	4366734037	4366875914	141877	545.87	510.26	50	7	-1	10.46	10.46
Fixation L	1	73	4367051160	4367276406	225246	702.69	493.40	47	39	-1	10.04	10.04
Fixation R	1	74	4367051160	4367276406	225246	702.69	493.40	47	39	-1	10.27	10.27
Fixation L	1	74	4367284778	4368052520	767742	847.21	498.30	80	17	-1	9.74	9.74
Fixation R	1	75	4367284778	4368052520	767742	847.21	498.30	80	17	-1	10.34	10.34
Fixation L	1	75	4368060765	4368269388	208623	894.35	504.90	14	7	-1	9.84	9.84
Fixation R	1	76	4368060765	4368269388	208623	894.35	504.90	14	7	-1	10.33	10.33
Fixation L	1	76	4368319510	4368511391	191881	136.29	557.88	51	47	-1	9.72	9.72
Fixation R	1	77	4368319510	4368511391	191881	136.29	557.88	51	47	-1	10.33	10.33
Fixation L	1	77	4368519758	4369078749	558991	108.79	572.37	33	30	-1	9.83	9.83
Fixation R	1	78	4368519758	4369078749	558991	108.79	572.37	33	30	-1	10.29	10.29
Fixation L	1	78	4369087125	4369270747	183622	246.35	567.09	53	18	-1	10.16	10.16
Fixation R	1	79	4369087125	4369270747	183622	246.35	567.09	53	18	-1	10.39	10.39
Fixation L	1	79	4369279126	4369587868	308742	355.28	566.41	50	13	-1	10.14	10.14
Fixation R	1	80	4369279126	4369587868	308742	355.28	566.41	50	13	-1	10.68	10.68
Fixation L	1	80	4369596244	4369854869	258625	489.70	564.53	35	14	-1	10.07	10.07
Fixation R	1	81	4369596244	4369854869	258625	489.70	564.53	35	14	-1	10.76	10.76
Fixation L	1	81	4369863239	4370113613	250374	402.14	566.87	16	18	-1	10.04	10.04
Fixation R	1	82	4369863239	4370113613	250374	402.14	566.87	16	18	-1	10.69	10.69
Fixation L	1	82	4370130236	4370388982	258746	659.06	568.13	46	12	-1	10.30	10.30
Fixation R	1	83	4370130236	4370388982	258746	659.06	568.13	46	12	-1	10.83	10.83
Fixation L	1	83	4370397230	4370956354	559124	794.49	564.23	62	18	-1	9.98	9.98
Fixation R	1	84	4370397230	4370956354	559124	794.49	564.23	62	18	-1	10.63	10.63
Fixation L	1	84	4370964722	4371356845	392123	942.27	569.49	72	12	-1	9.91	9.91
Fixation R	1	85	4370964722	4371356845	392123	942.27	569.49	72	12	-1	10.47	10.47
Fixation L	1	85	4371415342	4371565466	150124	163.15	628.48	32	35	-1	9.89	9.89
Fixation R	1	86	4371415342	4371565466	150124	163.15	628.48	32	35	-1	10.50	10.50
Fixation L	1	86	4371573836	4371724085	150249	90.34	646.00	32	14	-1	9.84	9.84
Fixation R	1	87	4371573836	4371724085	150249	90.34	646.00	32	14	-1	10.37	10.37
Fixation L	1	87	4371740713	4372174706	433993	238.35	632.05	80	17	-1	10.05	10.05
Fixation R	1	88	4371740713	4372174706	433993	238.35	632.05	80	17	-1	10.29	10.29
Fixation L	1	88	4372182957	4372408329	225372	382.59	627.94	77	11	-1	9.95	9.95
Fixation R	1	89	4372182957	4372408329	225372	382.59	627.94	77	11	-1	10.62	10.62
Fixation L	1	89	4372416702	4372742071	325369	474.62	634.64	77	8	-1	10.01	10.01
Fixation R	1	90	4372416702	4372742071	325369	474.62	634.64	77	8	-1	10.79	10.79
Fixation L	1	90	4372750445	4373125950	375505	650.53	622.71	70	28	-1	10.17	10.17
Fixation R	1	91	4372750445	4373125950	375505	650.53	622.71	70	28	-1	10.74	10.74
Fixation L	1	91	4373134319	4373409693	275374	695.99	630.70	51	8	-1	10.12	10.12
Fixation R	1	92	4373134319	4373409693	275374	695.99	630.70	51	8	-1	10.71	10.71
Fixation L	1	92	4373634935	4374143922	508987	669.49	611.91	60	38	-1	10.24	10.24
Fixation R	1	93	4373634935	4374143922	508987	669.49	611.91	60	38	-1	10.86	10.86
Fixation L	1	93	4374152298	4374878286	725988	717.26	629.52	71	11	-1	10.06	10.06
Fixation R	1	94	4374152298	4374878286	725988	717.26	629.52	71	11	-1	10.77	10.77
Fixation L	1	94	4374920041	4375145284	225243	122.90	694.86	36	35	-1	9.78	9.78
Fixation R	1	95	4374920041	4375145284	225243	122.90	694.86	36	35	-1	10.46	10.46
Fixation L	1	95	4375162040	4375470778	308738	283.83	680.35	20	20	-1	10.10	10.10
Fixation R	1	96	4375162040	4375470778	308738	283.83	680.35	20	20	-1	10.16	10.16
Fixation L	1	96	4375479027	4375787778	308751	417.56	682.56	41	5	-1	10.07	10.07
Fixation R	1	97	4375479027	4375787778	308751	417.56	682.56	41	5	-1	11.06	11.06
Fixation L	1	97	4375796151	4376079894	283743	637.64	687.32	79	7	-1	10.42	10.42
Fixation R	1	98	4375796151	4376079894	283743	637.64	687.32	79	7	-1	11.03	11.03
Fixation L	1	98	4376088272	4376238394	150122	694.26	687.73	36	5	-1	10.24	10.24
Fixation R	1	99	4376088272	4376238394	150122	694.26	687.73	36	5	-1	11.03	11.03
Fixation L	1	99	4376246771	4376580514	333743	848.72	692.61	79	10	-1	10.03	10.03
Fixation R	1	100	4376246771	4376580514	333743	848.72	692.61	79	10	-1	10.72	10.72
Fixation L	1	100	4376588896	4376772507	183611	920.09	694.69	41	22	-1	10.04	10.04
Fixation R	1	101	4376588896	4376772507	183611	920.09	694.69	41	22	-1	10.52	10.52
Fixation L	1	101	4376864261	4376956007	91746	355.32	4.22	48	31	-1	9.97	9.97
Fixation R	1	102	4376864261	4376956007	91746	355.32	4.22	48	31	-1	10.64	10.64

