[BeGaze]
Converted from:	C:\Program Files\SMI\Experiment Suite 360\Experiment Center 2\Results\Readability_First_01\P02-eye_data.idf
Date:	02.08.2013 11:27:26
Version:	BeGaze 3.2.28
Sample Rate:	120
Subject:	P02
Description:	Run2

Table Header for Fixations:
Event Type	Trial	Number	Start	End	Duration	Location X	Location Y	Dispersion X	Dispersion Y	Plane	Avg. Pupil Size X	Avg. Pupil Size Y


Fixation L	1	1	5514718704	5515152526	433822	81.80	12.60	46	32	-1	9.45	9.45
Fixation R	1	1	5514718704	5515152526	433822	81.80	12.60	46	32	-1	9.84	9.84
Fixation L	1	2	5515160900	5515411270	250370	260.05	1.68	71	23	-1	9.60	9.60
Fixation R	1	2	5515160900	5515411270	250370	260.05	1.68	71	23	-1	9.91	9.91
Fixation L	1	3	5515427896	5515661515	233619	430.46	4.00	47	9	-1	9.83	9.83
Fixation R	1	3	5515427896	5515661515	233619	430.46	4.00	47	9	-1	9.95	9.95
Fixation L	1	4	5515669889	5515920260	250371	634.19	-7.81	81	12	-1	9.70	9.70
Fixation R	1	4	5515669889	5515920260	250371	634.19	-7.81	81	12	-1	9.78	9.78
Fixation L	1	5	5515928639	5516095508	166869	753.11	1.24	71	12	-1	9.27	9.27
Fixation R	1	5	5515928639	5516137261	208622	763.97	2.64	79	20	-1	9.78	9.78
Fixation R	1	6	5516145508	5516312380	166872	825.19	22.69	76	23	-1	9.82	9.82
Fixation L	1	6	5516220630	5516404256	183626	855.74	16.64	68	26	-1	9.61	9.61
Fixation R	1	7	5516320754	5516412631	91877	870.17	12.46	74	15	-1	9.84	9.84
Fixation L	1	7	5516462629	5516704626	241997	121.07	113.21	76	21	-1	9.45	9.45
Fixation R	1	8	5516462629	5516704626	241997	121.07	113.21	76	21	-1	10.07	10.07
Fixation L	1	8	5516779751	5516979998	200247	218.72	95.57	19	26	-1	9.75	9.75
Fixation R	1	9	5516779751	5516979998	200247	218.72	95.57	19	26	-1	10.10	10.10
Fixation L	1	9	5516988367	5517322113	333746	354.64	73.14	82	14	-1	9.81	9.81
Fixation R	1	10	5516988367	5517322113	333746	354.64	73.14	82	14	-1	10.08	10.08
Fixation L	1	10	5517330496	5517463985	133489	438.12	84.42	23	7	-1	9.79	9.79
Fixation R	1	11	5517330496	5517463985	133489	438.12	84.42	23	7	-1	10.11	10.11
Fixation L	1	11	5517522358	5517730988	208630	532.67	73.19	36	43	-1	9.78	9.78
Fixation R	1	12	5517522358	5517730988	208630	532.67	73.19	36	43	-1	10.15	10.15
Fixation L	1	12	5517739360	5517997976	258616	621.79	78.76	94	5	-1	9.85	9.85
Fixation R	1	13	5517739360	5517997976	258616	621.79	78.76	94	5	-1	10.25	10.25
Fixation L	1	13	5518006356	5518206607	200251	671.73	74.03	8	6	-1	9.73	9.73
Fixation R	1	14	5518006356	5518206607	200251	671.73	74.03	8	6	-1	10.02	10.02
Fixation L	1	14	5518214974	5518548719	333745	794.16	73.52	26	29	-1	9.60	9.60
Fixation R	1	15	5518214974	5518548719	333745	794.16	73.52	26	29	-1	9.87	9.87
Fixation L	1	15	5518557098	5518732349	175251	907.12	97.70	27	16	-1	9.60	9.60
Fixation R	1	16	5518557098	5518732349	175251	907.12	97.70	27	16	-1	9.73	9.73
Fixation L	1	16	5518782471	5519057840	275369	121.65	131.69	65	23	-1	9.47	9.47
Fixation R	1	17	5518782471	5519057840	275369	121.65	131.69	65	23	-1	10.07	10.07
Fixation L	1	17	5519066085	5519299832	233747	271.00	138.73	26	22	-1	9.73	9.73
Fixation R	1	18	5519066085	5519299832	233747	271.00	138.73	26	22	-1	10.16	10.16
Fixation L	1	18	5519308084	5519608579	300495	419.25	136.60	62	11	-1	9.58	9.58
Fixation R	1	19	5519308084	5519608579	300495	419.25	136.60	62	11	-1	9.99	9.99
Fixation L	1	19	5519616826	5519775452	158626	562.92	130.30	78	18	-1	9.35	9.35
Fixation R	1	20	5519616826	5519775452	158626	562.92	130.30	78	18	-1	9.57	9.57
Fixation L	1	20	5519783706	5520100823	317117	631.88	155.32	65	25	-1	9.74	9.74
Fixation R	1	21	5519783706	5520100823	317117	631.88	155.32	65	25	-1	10.12	10.12
Fixation L	1	21	5520109199	5520351195	241996	696.50	147.33	43	23	-1	9.72	9.72
Fixation R	1	22	5520109199	5520351195	241996	696.50	147.33	43	23	-1	10.01	10.01
Fixation L	1	22	5520476317	5520634942	158625	858.13	175.86	75	23	-1	9.63	9.63
Fixation R	1	23	5520476317	5520634942	158625	858.13	175.86	75	23	-1	9.94	9.94
Fixation L	1	23	5520643190	5520851812	208622	955.83	154.13	58	15	-1	9.68	9.68
Fixation R	1	24	5520643190	5520851812	208622	955.83	154.13	58	15	-1	9.93	9.93
Fixation L	1	24	5520901935	5521210682	308747	126.44	209.90	79	20	-1	9.39	9.39
Fixation R	1	25	5520901935	5521210682	308747	126.44	209.90	79	20	-1	10.03	10.03
Fixation L	1	25	5521235689	5521536057	300368	221.67	204.08	32	17	-1	9.56	9.56
Fixation R	1	26	5521235689	5521536057	300368	221.67	204.08	32	17	-1	9.98	9.98
Fixation L	1	26	5521544427	5522228665	684238	340.99	199.42	88	10	-1	9.42	9.42
Fixation R	1	27	5521544427	5522228665	684238	340.99	199.42	88	10	-1	9.73	9.73
Fixation L	1	27	5522237044	5522420663	183619	534.77	201.16	30	7	-1	9.34	9.34
Fixation R	1	28	5522237044	5522420663	183619	534.77	201.16	30	7	-1	9.75	9.75
Fixation L	1	28	5522428909	5522595907	166998	668.24	189.20	42	11	-1	9.22	9.22
Fixation R	1	29	5522428909	5522595907	166998	668.24	189.20	42	11	-1	9.64	9.64
Fixation L	1	29	5522604156	5522812782	208626	766.05	185.30	84	11	-1	9.17	9.17
Fixation R	1	30	5522604156	5522812782	208626	766.05	185.30	84	11	-1	9.60	9.60
Fixation L	1	30	5522821153	5523013154	192001	864.50	169.55	63	20	-1	9.21	9.21
Fixation R	1	31	5522821153	5523013154	192001	864.50	169.55	63	20	-1	9.59	9.59
Fixation L	1	31	5523021400	5523129899	108499	944.02	173.80	44	20	-1	9.22	9.22
Fixation R	1	32	5523021400	5523129899	108499	944.02	173.80	44	20	-1	9.50	9.50
Fixation L	1	32	5523180023	5523305148	125125	157.39	224.05	74	25	-1	9.43	9.43
Fixation R	1	33	5523180023	5523305148	125125	157.39	224.05	74	25	-1	9.89	9.89
Fixation L	1	33	5523313524	5523538776	225252	91.25	244.89	69	29	-1	9.40	9.40
Fixation R	1	34	5523313524	5523538776	225252	91.25	244.89	69	29	-1	9.87	9.87
Fixation L	1	34	5523580517	5523847516	266999	243.41	238.84	70	28	-1	9.61	9.61
Fixation R	1	35	5523580517	5523847516	266999	243.41	238.84	70	28	-1	9.93	9.93
Fixation L	1	35	5523855888	5524114512	258624	199.23	259.25	14	5	-1	9.56	9.56
Fixation R	1	36	5523855888	5524114512	258624	199.23	259.25	14	5	-1	9.91	9.91
Fixation L	1	36	5524122884	5524448381	325497	368.14	253.66	84	13	-1	9.59	9.59
Fixation R	1	37	5524122884	5524448381	325497	368.14	253.66	84	13	-1	9.96	9.96
Fixation L	1	37	5524456753	5524615254	158501	535.24	260.27	56	5	-1	9.50	9.50
Fixation R	1	38	5524456753	5524615254	158501	535.24	260.27	56	5	-1	9.89	9.89
Fixation L	1	38	5524623626	5524982371	358745	450.43	259.06	77	13	-1	9.30	9.30
Fixation R	1	39	5524623626	5524982371	358745	450.43	259.06	77	13	-1	9.73	9.73
Fixation L	1	39	5524990752	5525107618	116866	565.50	252.47	50	10	-1	9.26	9.26
Fixation R	1	40	5524990752	5525107618	116866	565.50	252.47	50	10	-1	9.69	9.69
Fixation L	1	40	5525115872	5525449742	333870	695.38	256.77	68	15	-1	9.35	9.35
Fixation R	1	41	5525115872	5525449742	333870	695.38	256.77	68	15	-1	9.89	9.89
Fixation L	1	41	5525491372	5525850237	358865	118.58	325.79	63	32	-1	9.36	9.36
Fixation R	1	42	5525491372	5525850237	358865	118.58	325.79	63	32	-1	9.80	9.80
Fixation L	1	42	5525866859	5526033854	166995	253.25	315.54	33	10	-1	9.48	9.48
Fixation R	1	43	5525866859	5526033854	166995	253.25	315.54	33	10	-1	9.87	9.87
Fixation L	1	43	5526192357	5526292482	100125	347.89	296.78	71	24	-1	9.57	9.57
Fixation R	1	44	5526192357	5526292482	100125	347.89	296.78	71	24	-1	10.03	10.03
Fixation L	1	44	5526300851	5526476098	175247	438.15	309.60	70	23	-1	9.37	9.37
Fixation R	1	45	5526300851	5526476098	175247	438.15	309.60	70	23	-1	9.86	9.86
Fixation L	1	45	5526501103	5526868221	367118	634.47	337.71	69	24	-1	9.44	9.44
Fixation R	1	46	5526501103	5526868221	367118	634.47	337.71	69	24	-1	10.02	10.02
Fixation L	1	46	5526884969	5527168717	283748	791.05	323.52	52	7	-1	9.32	9.32
Fixation R	1	47	5526884969	5527168717	283748	791.05	323.52	52	7	-1	9.52	9.52
Fixation L	1	47	5527176963	5527427334	250371	888.41	313.76	50	18	-1	9.43	9.43
Fixation R	1	48	5527176963	5527427334	250371	888.41	313.76	50	18	-1	9.74	9.74
Fixation L	1	48	5527435711	5528119950	684239	950.10	331.91	37	34	-1	9.62	9.62
Fixation R	1	49	5527435711	5528119950	684239	950.10	331.91	37	34	-1	10.00	10.00
Fixation L	1	49	5528178323	5528303571	125248	184.59	389.86	38	9	-1	9.76	9.76
Fixation R	1	50	5528178323	5528303571	125248	184.59	389.86	38	9	-1	10.47	10.47
Fixation L	1	50	5528311821	5528587190	275369	89.01	388.34	36	8	-1	9.66	9.66
Fixation R	1	51	5528311821	5528587190	275369	89.01	388.34	36	8	-1	10.15	10.15
Fixation L	1	51	5528595571	5528754192	158621	244.06	384.29	66	11	-1	9.69	9.69
Fixation R	1	52	5528595571	5528754192	158621	244.06	384.29	66	11	-1	10.12	10.12
Fixation L	1	52	5528904312	5529029436	125124	279.83	379.04	33	65	-1	10.50	10.50
Fixation R	1	53	5528904312	5529029436	125124	279.83	379.04	33	65	-1	10.14	10.14
Fixation L	1	53	5529037809	5529121310	83501	341.71	368.57	86	10	-1	9.65	9.65
Fixation R	1	54	5529037809	5529121310	83501	341.71	368.57	86	10	-1	10.10	10.10
Fixation L	1	54	5529129685	5529430053	300368	440.81	380.10	82	17	-1	9.71	9.71
Fixation R	1	55	5529129685	5529430053	300368	440.81	380.10	82	17	-1	10.36	10.36
Fixation L	1	55	5529488429	5529697056	208627	564.12	373.46	25	7	-1	9.60	9.60
Fixation R	1	56	5529488429	5529697056	208627	564.12	373.46	25	7	-1	10.10	10.10
Fixation L	1	56	5529705428	5530014170	308742	676.29	381.61	48	8	-1	9.36	9.36
Fixation R	1	57	5529705428	5530014170	308742	676.29	381.61	48	8	-1	9.98	9.98
Fixation L	1	57	5530030795	5530414664	383869	850.63	378.61	53	20	-1	9.42	9.42
Fixation R	1	58	5530030795	5530414664	383869	850.63	378.61	53	20	-1	9.76	9.76
Fixation L	1	58	5530464791	5530740161	275370	77.33	449.50	28	42	-1	9.20	9.20
Fixation R	1	59	5530464791	5530740161	275370	77.33	449.50	28	42	-1	9.63	9.63
Fixation L	1	59	5530748414	5531107282	358868	179.91	438.76	27	18	-1	9.56	9.56
Fixation R	1	60	5530748414	5531107282	358868	179.91	438.76	27	18	-1	9.77	9.77
Fixation L	1	60	5531115653	5531324281	208628	344.75	436.86	49	12	-1	9.69	9.69
Fixation R	1	61	5531115653	5531324281	208628	344.75	436.86	49	12	-1	10.09	10.09
Fixation L	1	61	5531332527	5531641393	308866	487.56	445.81	57	19	-1	9.80	9.80
Fixation R	1	62	5531332527	5531641393	308866	487.56	445.81	57	19	-1	10.38	10.38
Fixation L	1	62	5531649651	5531883269	233618	637.68	451.19	80	8	-1	9.80	9.80
Fixation R	1	63	5531649651	5531883269	233618	637.68	451.19	80	8	-1	10.32	10.32
Fixation L	1	63	5531891640	5532317261	425621	795.33	438.25	74	23	-1	9.49	9.49
Fixation R	1	64	5531891640	5532317261	425621	795.33	438.25	74	23	-1	9.98	9.98
Fixation L	1	64	5532325639	5532500889	175250	718.08	443.94	23	14	-1	9.60	9.60
Fixation R	1	65	5532325639	5532500889	175250	718.08	443.94	23	14	-1	10.19	10.19
Fixation L	1	65	5532509133	5532692753	183620	850.56	440.59	61	10	-1	9.58	9.58
Fixation R	1	66	5532509133	5532692753	183620	850.56	440.59	61	10	-1	10.01	10.01
Fixation L	1	66	5532734504	5532884626	150122	136.10	491.66	52	38	-1	9.48	9.48
Fixation R	1	67	5532734504	5532884626	150122	136.10	491.66	52	38	-1	9.98	9.98
Fixation L	1	67	5532892999	5533068252	175253	84.00	511.27	50	17	-1	9.37	9.37
Fixation R	1	68	5532892999	5533068252	175253	84.00	511.27	50	17	-1	9.84	9.84
Fixation L	1	68	5533076627	5533427122	350495	210.12	493.24	41	18	-1	9.65	9.65
Fixation R	1	69	5533076627	5533427122	350495	210.12	493.24	41	18	-1	9.87	9.87
Fixation L	1	69	5533435368	5533727489	292121	329.85	492.16	75	16	-1	9.71	9.71
Fixation R	1	70	5533435368	5533727489	292121	329.85	492.16	75	16	-1	10.07	10.07
Fixation L	1	70	5533735862	5533977862	242000	494.37	495.43	84	6	-1	9.68	9.68
Fixation R	1	71	5533735862	5533977862	242000	494.37	495.43	84	6	-1	10.38	10.38
Fixation L	1	71	5533986110	5534178110	192000	611.66	499.18	41	8	-1	9.65	9.65
Fixation R	1	72	5533986110	5534178110	192000	611.66	499.18	41	8	-1	10.12	10.12
Fixation L	1	72	5534186356	5534336605	150249	770.01	506.13	92	6	-1	9.56	9.56
Fixation R	1	73	5534186356	5534336605	150249	770.01	506.13	92	6	-1	9.84	9.84
Fixation L	1	73	5534344978	5534578603	233625	813.76	504.92	64	11	-1	9.54	9.54
Fixation R	1	74	5534344978	5534578603	233625	813.76	504.92	64	11	-1	9.92	9.92
Fixation L	1	74	5534586975	5534820596	233621	896.55	492.77	32	12	-1	9.52	9.52
Fixation R	1	75	5534586975	5534820596	233621	896.55	492.77	32	12	-1	9.89	9.89
Fixation L	1	75	5534878975	5535070973	191998	81.53	571.99	62	37	-1	9.36	9.36
Fixation R	1	76	5534878975	5535070973	191998	81.53	571.99	62	37	-1	9.74	9.74
Fixation L	1	76	5535129345	5535488210	358865	204.82	554.85	72	27	-1	9.69	9.69
Fixation R	1	77	5535129345	5535488210	358865	204.82	554.85	72	27	-1	9.73	9.73
Fixation L	1	77	5535496462	5535721836	225374	152.28	570.72	72	7	-1	9.62	9.62
Fixation R	1	78	5535496462	5535721836	225374	152.28	570.72	72	7	-1	9.75	9.75
Fixation L	1	78	5535730211	5535880333	150122	311.24	551.60	73	18	-1	9.73	9.73
Fixation R	1	79	5535730211	5535880333	150122	311.24	551.60	73	18	-1	10.12	10.12
Fixation L	1	79	5535888707	5536122332	233625	433.95	559.56	16	17	-1	9.78	9.78
Fixation R	1	80	5535888707	5536122332	233625	433.95	559.56	16	17	-1	10.57	10.57
Fixation L	1	80	5536130704	5536422700	291996	589.94	562.57	30	8	-1	9.78	9.78
Fixation R	1	81	5536130704	5536422700	291996	589.94	562.57	30	8	-1	10.52	10.52
Fixation L	1	81	5536431076	5536648070	216994	699.13	562.31	43	11	-1	9.48	9.48
Fixation R	1	82	5536431076	5536648070	216994	699.13	562.31	43	11	-1	10.06	10.06
Fixation L	1	82	5536656458	5536764820	108362	604.28	563.98	8	7	-1	9.66	9.66
Fixation R	1	83	5536656458	5536764820	108362	604.28	563.98	8	7	-1	10.06	10.06
Fixation L	1	83	5537499184	5537599306	100122	706.30	533.57	29	13	-1	9.46	9.46
Fixation R	1	84	5537499184	5537599306	100122	706.30	533.57	29	13	-1	10.37	10.37
Fixation L	1	84	5537691180	5538216797	525617	735.17	543.21	77	20	-1	9.39	9.39
Fixation R	1	85	5537691180	5538216797	525617	735.17	543.21	77	20	-1	9.93	9.93
Fixation L	1	85	5538258552	5538433795	175243	618.59	548.82	51	11	-1	9.91	9.91
Fixation R	1	86	5538258552	5538433795	175243	618.59	548.82	51	11	-1	10.47	10.47
Fixation L	1	86	5538442166	5538734165	291999	732.17	557.18	27	5	-1	9.84	9.84
Fixation R	1	87	5538442166	5538734165	291999	732.17	557.18	27	5	-1	10.28	10.28
Fixation L	1	87	5538742540	5538917786	175246	859.25	564.43	43	8	-1	9.59	9.59
Fixation R	1	88	5538742540	5538917786	175246	859.25	564.43	43	8	-1	10.03	10.03
Fixation L	1	88	5538926158	5539159787	233629	960.22	564.47	88	8	-1	9.77	9.77
Fixation R	1	89	5538926158	5539159787	233629	960.22	564.47	88	8	-1	10.05	10.05
Fixation L	1	89	5539201534	5539284911	83377	128.01	602.57	60	39	-1	9.67	9.67
Fixation R	1	90	5539201534	5539284911	83377	128.01	602.57	60	39	-1	10.02	10.02
Fixation L	1	90	5539293282	5539551901	258619	113.97	620.62	15	25	-1	9.66	9.66
Fixation R	1	91	5539293282	5539551901	258619	113.97	620.62	15	25	-1	9.91	9.91
Fixation L	1	91	5539568652	5539935772	367120	289.14	608.92	32	24	-1	9.72	9.72
Fixation R	1	92	5539568652	5539935772	367120	289.14	608.92	32	24	-1	9.74	9.74
Fixation L	1	92	5539944146	5540052644	108498	402.12	608.38	16	15	-1	9.60	9.60
Fixation R	1	93	5539944146	5540052644	108498	402.12	608.38	16	15	-1	10.40	10.40
Fixation L	1	93	5540277889	5540369765	91876	238.48	627.74	40	57	-1	11.79	11.79
Fixation R	1	94	5540277889	5540369765	91876	238.48	627.74	40	57	-1	10.37	10.37
Fixation L	1	94	5540411394	5540703509	292115	397.34	600.95	42	18	-1	9.79	9.79
Fixation R	1	95	5540411394	5540703509	292115	397.34	600.95	42	18	-1	10.46	10.46
Fixation L	1	95	5540711767	5540987256	275489	524.21	601.23	62	17	-1	9.75	9.75
Fixation R	1	96	5540711767	5540987256	275489	524.21	601.23	62	17	-1	10.57	10.57
Fixation L	1	96	5540995507	5541370997	375490	685.46	599.64	74	10	-1	9.59	9.59
Fixation R	1	97	5540995507	5541370997	375490	685.46	599.64	74	10	-1	10.05	10.05
Fixation L	1	97	5541379371	5541629743	250372	794.27	606.96	91	7	-1	9.29	9.29
Fixation R	1	98	5541379371	5541629743	250372	794.27	606.96	91	7	-1	10.01	10.01
Fixation L	1	98	5541638121	5542046988	408867	924.65	624.09	80	18	-1	9.40	9.40
Fixation R	1	99	5541638121	5542046988	408867	924.65	624.09	80	18	-1	10.00	10.00
Fixation L	1	99	5542188864	5542338986	150122	126.72	670.17	22	59	-1	9.36	9.36
Fixation R	1	100	5542188864	5542338986	150122	126.72	670.17	22	59	-1	10.06	10.06
Fixation L	1	100	5542347357	5542539357	192000	78.78	693.15	40	11	-1	9.52	9.52
Fixation R	1	101	5542347357	5542539357	192000	78.78	693.15	40	11	-1	9.99	9.99
Fixation L	1	101	5542547605	5542839731	292126	214.84	671.32	35	24	-1	9.80	9.80
Fixation R	1	102	5542547605	5542839731	292126	214.84	671.32	35	24	-1	9.85	9.85
Fixation L	1	102	5542848099	5543115102	267003	383.58	671.01	86	12	-1	9.91	9.91
Fixation R	1	103	5542848099	5543115102	267003	383.58	671.01	86	12	-1	10.67	10.67
Fixation L	1	103	5543123472	5543390469	266997	498.13	680.48	74	15	-1	10.01	10.01
Fixation R	1	104	5543123472	5543390469	266997	498.13	680.48	74	15	-1	10.88	10.88
Fixation L	1	104	5543398846	5543624088	225242	642.24	681.66	45	16	-1	10.17	10.17
Fixation R	1	105	5543398846	5543624088	225242	642.24	681.66	45	16	-1	10.74	10.74
Fixation L	1	105	5543632462	5543949458	316996	787.86	679.02	37	14	-1	9.79	9.79
Fixation R	1	106	5543632462	5543949458	316996	787.86	679.02	37	14	-1	10.32	10.32
Fixation L	1	106	5543957834	5544241581	283747	916.94	694.36	37	19	-1	9.85	9.85
Fixation R	1	107	5543957834	5544241581	283747	916.94	694.36	37	19	-1	10.17	10.17
Fixation L	1	107	5544249957	5544575326	325369	807.90	680.79	58	19	-1	9.69	9.69
Fixation R	1	108	5544249957	5544575326	325369	807.90	680.79	58	19	-1	10.45	10.45
Fixation L	1	108	5544583698	5544800703	217005	926.04	691.11	43	17	-1	9.97	9.97
Fixation R	1	109	5544583698	5544800703	217005	926.04	691.11	43	17	-1	10.29	10.29

