[BeGaze]
Converted from:	C:\Program Files\SMI\Experiment Suite 360\Experiment Center 2\Results\Readability_First_01\P02-eye_data.idf
Date:	02.08.2013 11:27:28
Version:	BeGaze 3.2.28
Sample Rate:	120
Subject:	P02
Description:	Run2

Table Header for Fixations:
Event Type	Trial	Number	Start	End	Duration	Location X	Location Y	Dispersion X	Dispersion Y	Plane	Avg. Pupil Size X	Avg. Pupil Size Y


Fixation L	1	1	6591764987	6592182209	417222	105.02	35.74	86	11	-1	9.65	9.65
Fixation R	1	1	6591764987	6592182209	417222	105.02	35.74	86	11	-1	10.07	10.07
Fixation L	1	2	6592190580	6592382456	191876	220.03	16.75	47	25	-1	9.67	9.67
Fixation R	1	2	6592190580	6592382456	191876	220.03	16.75	47	25	-1	10.00	10.00
Fixation L	1	3	6592390827	6592549322	158495	329.31	1.30	48	7	-1	9.73	9.73
Fixation R	1	3	6592390827	6592549322	158495	329.31	1.30	48	7	-1	9.93	9.93
Fixation L	1	4	6592557704	6592958195	400491	195.77	-14.46	58	29	-1	9.64	9.64
Fixation R	1	4	6592557704	6592958195	400491	195.77	-14.46	58	29	-1	9.97	9.97
Fixation L	1	5	6592966565	6593200187	233622	313.87	3.89	28	43	-1	9.76	9.76
Fixation R	1	5	6592966565	6593200187	233622	313.87	3.89	28	43	-1	10.14	10.14
Fixation L	1	6	6593208566	6593450556	241990	436.82	4.05	68	11	-1	9.91	9.91
Fixation R	1	6	6593208566	6593450556	241990	436.82	4.05	68	11	-1	10.12	10.12
Fixation L	1	7	6593467182	6593692553	225371	581.72	-7.01	27	20	-1	9.79	9.79
Fixation R	1	7	6593467182	6593692553	225371	581.72	-7.01	27	20	-1	9.98	9.98
Fixation L	1	8	6593700930	6594093049	392119	723.89	15.45	58	33	-1	9.72	9.72
Fixation R	1	8	6593700930	6594093049	392119	723.89	15.45	58	33	-1	9.91	9.91
Fixation L	1	9	6594101420	6594234923	133503	503.92	23.24	86	12	-1	9.79	9.79
Fixation R	1	9	6594101420	6594234923	133503	503.92	23.24	86	12	-1	10.10	10.10
Fixation L	1	10	6594243295	6594368416	125121	495.88	8.14	60	6	-1	9.87	9.87
Fixation R	1	10	6594243295	6594368416	125121	495.88	8.14	60	6	-1	10.14	10.14
Fixation L	1	11	6594385176	6594610421	225245	808.44	-0.78	47	13	-1	9.91	9.91
Fixation R	1	11	6594385176	6594610421	225245	808.44	-0.78	47	13	-1	9.97	9.97
Fixation L	1	12	6594668790	6594977532	308742	103.99	93.62	61	32	-1	9.65	9.65
Fixation R	1	12	6594668790	6594977532	308742	103.99	93.62	61	32	-1	10.09	10.09
Fixation R	1	13	6594985914	6595177905	191991	270.82	81.23	81	9	-1	10.04	10.04
Fixation L	1	13	6595010919	6595186162	175243	274.62	81.84	45	9	-1	9.66	9.66
Fixation L	1	14	6595194531	6595419903	225372	361.29	62.62	70	23	-1	9.73	9.73
Fixation R	1	14	6595194531	6595419903	225372	361.29	62.62	70	23	-1	9.96	9.96
Fixation L	1	15	6595428153	6595653522	225369	313.50	75.73	23	10	-1	9.71	9.71
Fixation R	1	15	6595428153	6595653522	225369	313.50	75.73	23	10	-1	9.91	9.91
Fixation L	1	16	6595661905	6595937276	275371	473.63	75.15	49	9	-1	9.75	9.75
Fixation R	1	16	6595661905	6595937276	275371	473.63	75.15	49	9	-1	9.87	9.87
Fixation L	1	17	6595953896	6596212647	258751	214.25	84.30	65	28	-1	8.93	8.93
Fixation R	1	17	6595953896	6596212647	258751	214.25	84.30	65	28	-1	9.99	9.99
Fixation L	1	18	6596237642	6596496261	258619	549.58	68.46	57	17	-1	9.51	9.51
Fixation R	1	18	6596237642	6596496261	258619	549.58	68.46	57	17	-1	9.96	9.96
Fixation L	1	19	6596504634	6596896886	392252	673.83	65.34	21	12	-1	9.64	9.64
Fixation R	1	19	6596504634	6596896886	392252	673.83	65.34	21	12	-1	9.93	9.93
Fixation L	1	20	6596905135	6597063758	158623	569.06	69.20	27	14	-1	9.56	9.56
Fixation R	1	20	6596905135	6597063758	158623	569.06	69.20	27	14	-1	9.94	9.94
Fixation L	1	21	6597205625	6597397497	191872	667.72	79.03	85	11	-1	9.81	9.81
Fixation R	1	21	6597205625	6597397497	191872	667.72	79.03	85	11	-1	10.14	10.14
Fixation L	1	22	6597405872	6597873116	467244	760.82	68.32	35	14	-1	9.65	9.65
Fixation R	1	22	6597405872	6597873116	467244	760.82	68.32	35	14	-1	9.89	9.89
Fixation L	1	23	6597881490	6598123485	241995	865.63	80.35	30	24	-1	9.52	9.52
Fixation R	1	23	6597881490	6598123485	241995	865.63	80.35	30	24	-1	9.64	9.64
Fixation L	1	24	6598181860	6598440609	258749	102.28	145.80	62	25	-1	9.34	9.34
Fixation R	1	24	6598181860	6598440609	258749	102.28	145.80	62	25	-1	9.83	9.83
Fixation L	1	25	6598448856	6598816107	367251	271.33	125.78	21	21	-1	9.54	9.54
Fixation R	1	25	6598448856	6598816107	367251	271.33	125.78	21	21	-1	9.78	9.78
Fixation L	1	26	6598824475	6599124846	300371	396.99	116.77	73	16	-1	9.58	9.58
Fixation R	1	26	6598824475	6599124846	300371	396.99	116.77	73	16	-1	9.75	9.75
Fixation R	1	27	6599133219	6599308345	175126	554.08	135.13	15	39	-1	9.85	9.85
Fixation L	1	27	6599166602	6599308345	141743	555.51	138.99	8	35	-1	9.11	9.11
Fixation L	1	28	6599316723	6599692218	375495	653.92	133.13	55	36	-1	9.48	9.48
Fixation R	1	28	6599316723	6599692218	375495	653.92	133.13	55	36	-1	9.80	9.80
Fixation L	1	29	6599700587	6599992715	292128	767.98	128.03	65	9	-1	9.52	9.52
Fixation R	1	29	6599700587	6599992715	292128	767.98	128.03	65	9	-1	9.91	9.91
Fixation L	1	30	6600000959	6600167836	166877	890.30	130.61	38	9	-1	9.54	9.54
Fixation R	1	30	6600000959	6600167836	166877	890.30	130.61	38	9	-1	9.79	9.79
Fixation L	1	31	6600176208	6600268087	91879	667.80	131.01	85	9	-1	9.59	9.59
Fixation R	1	31	6600176208	6600268087	91879	667.80	131.01	85	9	-1	9.96	9.96
Fixation L	1	32	6600276330	6600735320	458990	579.12	128.16	81	17	-1	9.51	9.51
Fixation R	1	32	6600276330	6600735320	458990	579.12	128.16	81	17	-1	9.86	9.86
Fixation L	1	33	6600810446	6600910569	100123	700.92	131.17	71	4	-1	9.45	9.45
Fixation R	1	33	6600810446	6600910569	100123	700.92	131.17	71	4	-1	9.95	9.95
Fixation L	1	34	6600918950	6601144196	225246	821.61	127.53	87	12	-1	9.61	9.61
Fixation R	1	34	6600918950	6601144196	225246	821.61	127.53	87	12	-1	9.88	9.88
Fixation L	1	35	6601152565	6601594816	442251	875.14	149.47	31	20	-1	9.62	9.62
Fixation R	1	35	6601152565	6601594816	442251	875.14	149.47	31	20	-1	9.83	9.83
Fixation L	1	36	6601603183	6601970315	367132	762.91	146.40	41	21	-1	9.66	9.66
Fixation R	1	36	6601603183	6601970315	367132	762.91	146.40	41	21	-1	10.01	10.01
Fixation L	1	37	6602078800	6602245676	166876	948.67	151.87	80	19	-1	9.77	9.77
Fixation R	1	37	6602078800	6602245676	166876	948.67	151.87	80	19	-1	9.96	9.96
Fixation L	1	38	6602270679	6602712916	442237	840.75	143.52	76	21	-1	9.91	9.91
Fixation R	1	38	6602270679	6602712916	442237	840.75	143.52	76	21	-1	10.01	10.01
Fixation L	1	39	6602771423	6602946666	175243	110.01	216.50	57	37	-1	9.59	9.59
Fixation R	1	39	6602771423	6602946666	175243	110.01	216.50	57	37	-1	10.24	10.24
Fixation L	1	40	6602954912	6603163533	208621	85.58	224.50	35	5	-1	9.60	9.60
Fixation R	1	40	6602954912	6603163533	208621	85.58	224.50	35	5	-1	10.13	10.13
Fixation L	1	41	6603171915	6603338780	166865	211.31	200.76	55	19	-1	9.65	9.65
Fixation R	1	41	6603171915	6603338780	166865	211.31	200.76	55	19	-1	9.95	9.95
Fixation L	1	42	6603347160	6603647530	300370	339.16	184.51	38	18	-1	9.52	9.52
Fixation R	1	42	6603347160	6603647530	300370	339.16	184.51	38	18	-1	9.76	9.76
Fixation L	1	43	6603655902	6603814410	158508	486.62	182.11	40	9	-1	9.46	9.46
Fixation R	1	43	6603655902	6603814410	158508	486.62	182.11	40	9	-1	9.58	9.58
Fixation L	1	44	6603822786	6604189896	367110	626.23	162.29	69	17	-1	9.40	9.40
Fixation R	1	44	6603822786	6604189896	367110	626.23	162.29	69	17	-1	9.66	9.66
Fixation L	1	45	6604198282	6604306771	108489	740.09	169.68	63	12	-1	9.57	9.57
Fixation R	1	45	6604198282	6604306771	108489	740.09	169.68	63	12	-1	9.92	9.92
Fixation L	1	46	6604448645	6604724015	275370	894.46	175.38	58	36	-1	9.70	9.70
Fixation R	1	46	6604448645	6604724015	275370	894.46	175.38	58	36	-1	9.94	9.94
Fixation L	1	47	6604732388	6604865884	133496	932.08	185.15	26	19	-1	9.71	9.71
Fixation R	1	47	6604732388	6604865884	133496	932.08	185.15	26	19	-1	10.03	10.03
Fixation L	1	48	6604924267	6605132881	208614	107.20	255.83	65	25	-1	9.46	9.46
Fixation R	1	48	6604924267	6605132881	208614	107.20	255.83	65	25	-1	10.01	10.01
Fixation L	1	49	6605191254	6605374879	183625	194.28	243.41	70	24	-1	9.76	9.76
Fixation R	1	49	6605191254	6605374879	183625	194.28	243.41	70	24	-1	10.02	10.02
Fixation L	1	50	6605383251	6605550130	166879	265.54	248.48	22	17	-1	9.66	9.66
Fixation R	1	50	6605383251	6605550130	166879	265.54	248.48	22	17	-1	9.92	9.92
Fixation L	1	51	6605558375	6605767119	208744	417.93	256.63	86	10	-1	9.55	9.55
Fixation R	1	51	6605558375	6605767119	208744	417.93	256.63	86	10	-1	9.92	9.92
Fixation L	1	52	6605775373	6605983991	208618	560.01	262.54	19	17	-1	9.52	9.52
Fixation R	1	52	6605775373	6605983991	208618	560.01	262.54	19	17	-1	9.75	9.75
Fixation L	1	53	6605992366	6606209366	217000	729.58	254.39	74	21	-1	9.46	9.46
Fixation R	1	53	6605992366	6606209366	217000	729.58	254.39	74	21	-1	9.81	9.81
Fixation L	1	54	6606217612	6606392861	175249	867.97	249.55	56	6	-1	9.36	9.36
Fixation R	1	54	6606217612	6606392861	175249	867.97	249.55	56	6	-1	9.72	9.72
Fixation L	1	55	6606401242	6606643232	241990	933.74	251.91	35	15	-1	9.38	9.38
Fixation R	1	55	6606401242	6606643232	241990	933.74	251.91	35	15	-1	9.72	9.72
Fixation R	1	56	6606701612	6606910232	208620	149.13	308.08	42	35	-1	9.97	9.97
Fixation L	1	56	6606743356	6606910232	166876	148.09	310.38	5	17	-1	9.42	9.42
Fixation L	1	57	6606918604	6607277476	358872	248.33	305.73	67	10	-1	9.49	9.49
Fixation R	1	57	6606918604	6607277476	358872	248.33	305.73	67	10	-1	9.90	9.90
Fixation L	1	58	6607294098	6607477722	183624	424.60	318.35	65	17	-1	9.42	9.42
Fixation R	1	58	6607294098	6607477722	183624	424.60	318.35	65	17	-1	9.80	9.80
Fixation L	1	59	6607486093	6607644591	158498	524.82	324.57	40	2	-1	9.45	9.45
Fixation R	1	59	6607486093	6607644591	158498	524.82	324.57	40	2	-1	9.73	9.73
Fixation L	1	60	6607652969	6607844837	191868	730.50	321.95	94	4	-1	9.49	9.49
Fixation R	1	60	6607652969	6607844837	191868	730.50	321.95	94	4	-1	9.75	9.75
Fixation L	1	61	6607853219	6608095211	241992	826.16	320.31	33	8	-1	9.33	9.33
Fixation R	1	61	6607853219	6608095211	241992	826.16	320.31	33	8	-1	9.89	9.89
Fixation L	1	62	6608111837	6608345581	233744	611.32	371.53	24	37	-1	9.56	9.56
Fixation R	1	62	6608111837	6608345581	233744	611.32	371.53	24	37	-1	10.04	10.04
Fixation L	1	63	6608378958	6608812828	433870	207.39	401.28	35	26	-1	9.55	9.55
Fixation R	1	63	6608378958	6608812828	433870	207.39	401.28	35	26	-1	9.86	9.86
Fixation L	1	64	6608821198	6609088195	266997	90.98	400.51	63	11	-1	9.41	9.41
Fixation R	1	64	6608821198	6609088195	266997	90.98	400.51	63	11	-1	9.65	9.65
Fixation L	1	65	6609104825	6609513817	408992	309.32	378.73	66	14	-1	9.60	9.60
Fixation R	1	65	6609104825	6609513817	408992	309.32	378.73	66	14	-1	9.89	9.89
Fixation L	1	66	6609530441	6609805814	275373	553.43	383.03	80	5	-1	9.64	9.64
Fixation R	1	66	6609530441	6609805814	275373	553.43	383.03	80	5	-1	9.98	9.98
Fixation L	1	67	6609822560	6610039435	216875	752.39	373.38	29	12	-1	9.57	9.57
Fixation R	1	67	6609822560	6610039435	216875	752.39	373.38	29	12	-1	9.92	9.92
Fixation L	1	68	6610047803	6610381555	333752	891.73	376.15	21	10	-1	9.63	9.63
Fixation R	1	68	6610047803	6610381555	333752	891.73	376.15	21	10	-1	9.83	9.83
Fixation L	1	69	6610431676	6610573547	141871	151.91	446.43	70	22	-1	9.29	9.29
Fixation R	1	69	6610431676	6610573547	141871	151.91	446.43	70	22	-1	9.75	9.75
Fixation L	1	70	6610581925	6610748794	166869	95.39	455.10	30	26	-1	9.30	9.30
Fixation R	1	70	6610581925	6610748794	166869	95.39	455.10	30	26	-1	9.68	9.68
Fixation L	1	71	6610757051	6610990792	233741	202.09	448.87	16	35	-1	9.51	9.51
Fixation R	1	71	6610757051	6610990792	233741	202.09	448.87	16	35	-1	9.56	9.56
Fixation L	1	72	6610999040	6611257794	258754	384.53	445.34	65	20	-1	9.42	9.42
Fixation R	1	72	6610999040	6611257794	258754	384.53	445.34	65	20	-1	9.95	9.95
Fixation L	1	73	6611266162	6611433037	166875	522.07	442.43	27	9	-1	9.48	9.48
Fixation R	1	73	6611266162	6611433037	166875	522.07	442.43	27	9	-1	9.89	9.89
Fixation L	1	74	6611441410	6611708412	267002	367.75	448.33	91	6	-1	9.41	9.41
Fixation R	1	74	6611441410	6611708412	267002	367.75	448.33	91	6	-1	9.96	9.96
Fixation R	1	75	6611716782	6611858534	141752	302.21	435.37	54	14	-1	9.82	9.82
Fixation L	1	75	6611875280	6612083905	208625	597.41	445.21	48	17	-1	9.77	9.77
Fixation R	1	76	6611875280	6612083905	208625	597.41	445.21	48	17	-1	10.21	10.21
Fixation L	1	76	6612092273	6612242396	150123	694.79	451.15	36	4	-1	9.77	9.77
Fixation R	1	77	6612092273	6612242396	150123	694.79	451.15	36	4	-1	10.06	10.06
Fixation L	1	77	6612250772	6612501142	250370	795.03	437.00	29	24	-1	9.64	9.64
Fixation R	1	78	6612250772	6612501142	250370	795.03	437.00	29	24	-1	10.01	10.01
Fixation L	1	78	6612551141	6612826515	275374	102.74	507.83	54	30	-1	9.44	9.44
Fixation R	1	79	6612551141	6612826515	275374	102.74	507.83	54	30	-1	9.74	9.74
Fixation L	1	79	6612843263	6613218761	375498	284.63	496.29	43	11	-1	9.70	9.70
Fixation R	1	80	6612843263	6613218761	375498	284.63	496.29	43	11	-1	9.94	9.94
Fixation L	1	80	6613227134	6613644249	417115	408.35	511.85	67	19	-1	9.57	9.57
Fixation R	1	81	6613227134	6613644249	417115	408.35	511.85	67	19	-1	10.14	10.14
Fixation L	1	81	6613652627	6613927997	275370	581.07	507.66	46	10	-1	9.36	9.36
Fixation R	1	82	6613652627	6613927997	275370	581.07	507.66	46	10	-1	10.15	10.15
Fixation L	1	82	6613944747	6614169993	225246	745.32	495.98	80	12	-1	9.10	9.10
Fixation R	1	83	6613944747	6614169993	225246	745.32	495.98	80	12	-1	10.03	10.03
Fixation L	1	83	6614178368	6614520488	342120	874.67	499.39	22	16	-1	9.44	9.44
Fixation R	1	84	6614178368	6614520488	342120	874.67	499.39	22	16	-1	9.80	9.80
Fixation L	1	84	6614528865	6614720735	191870	957.46	505.00	66	9	-1	9.35	9.35
Fixation R	1	85	6614528865	6614720735	191870	957.46	505.00	66	9	-1	9.75	9.75
Fixation L	1	85	6614779107	6615104603	325496	128.52	571.98	36	11	-1	9.45	9.45
Fixation R	1	86	6614779107	6615104603	325496	128.52	571.98	36	11	-1	9.68	9.68
Fixation L	1	86	6615112984	6615288229	175245	245.67	558.80	38	15	-1	9.68	9.68
Fixation R	1	87	6615112984	6615288229	175245	245.67	558.80	38	15	-1	9.77	9.77
Fixation L	1	87	6615296475	6615822217	525742	367.17	562.95	79	11	-1	9.63	9.63
Fixation R	1	88	6615296475	6615822217	525742	367.17	562.95	79	11	-1	10.00	10.00
Fixation R	1	89	6615830592	6616097588	266996	458.42	563.50	41	11	-1	10.21	10.21
Fixation L	1	88	6616114342	6616364588	250246	627.78	558.94	28	6	-1	9.75	9.75
Fixation R	1	90	6616114342	6616364588	250246	627.78	558.94	28	6	-1	10.18	10.18
Fixation R	1	91	6616372960	6616589959	216999	753.03	563.89	60	10	-1	9.95	9.95
Fixation L	1	89	6616598332	6616723454	125122	841.29	559.73	5	11	-1	8.91	8.91
Fixation R	1	92	6616598332	6616731832	133500	841.02	559.45	6	11	-1	9.81	9.81
Fixation L	1	90	6616781828	6617040451	258623	122.29	639.68	54	43	-1	9.42	9.42
Fixation R	1	93	6616781828	6617040451	258623	122.29	639.68	54	43	-1	9.76	9.76
Fixation L	1	91	6617048829	6617207449	158620	70.03	646.48	59	10	-1	9.48	9.48
Fixation R	1	94	6617048829	6617207449	158620	70.03	646.48	59	10	-1	9.58	9.58
Fixation L	1	92	6617215828	6617424321	208493	285.01	607.70	62	34	-1	9.70	9.70
Fixation R	1	95	6617215828	6617424321	208493	285.01	607.70	62	34	-1	9.86	9.86
Fixation L	1	93	6617432695	6617799937	367242	455.77	607.32	72	16	-1	9.72	9.72
Fixation R	1	96	6617432695	6617799937	367242	455.77	607.32	72	16	-1	10.44	10.44
Fixation L	1	94	6617808188	6618384053	575865	565.94	619.47	63	26	-1	9.93	9.93
Fixation R	1	97	6617808188	6618384053	575865	565.94	619.47	63	26	-1	10.56	10.56
Fixation L	1	95	6618392306	6618642677	250371	671.91	621.88	75	23	-1	9.66	9.66
Fixation R	1	98	6618392306	6618642677	250371	671.91	621.88	75	23	-1	10.46	10.46
Fixation L	1	96	6618651051	6618859670	208619	776.20	615.77	71	28	-1	9.68	9.68
Fixation R	1	99	6618651051	6618859670	208619	776.20	615.77	71	28	-1	10.03	10.03
Fixation L	1	97	6618943050	6619160047	216997	57.38	693.55	53	43	-1	9.41	9.41
Fixation R	1	100	6618943050	6619160047	216997	57.38	693.55	53	43	-1	9.72	9.72
Fixation L	1	98	6619168422	6619368668	200246	193.88	695.09	39	25	-1	9.76	9.76
Fixation R	1	101	6619168422	6619368668	200246	193.88	695.09	39	25	-1	9.57	9.57
Fixation L	1	99	6619377039	6619535534	158495	288.24	685.44	49	28	-1	9.90	9.90
Fixation R	1	102	6619377039	6619535534	158495	288.24	685.44	49	28	-1	9.82	9.82
Fixation L	1	100	6619543916	6619710783	166867	497.19	679.79	56	10	-1	10.14	10.14
Fixation R	1	103	6619543916	6619710783	166867	497.19	679.79	56	10	-1	10.67	10.67
Fixation L	1	101	6619719163	6619927781	208618	651.70	682.34	70	9	-1	10.07	10.07
Fixation R	1	104	6619719163	6619927781	208618	651.70	682.34	70	9	-1	10.37	10.37
Fixation L	1	102	6619936029	6620136400	200371	777.00	673.30	29	14	-1	9.30	9.30
Fixation R	1	105	6619936029	6620136400	200371	777.00	673.30	29	14	-1	10.23	10.23

