[BeGaze]
Converted from:	C:\Program Files\SMI\Experiment Suite 360\Experiment Center 2\Results\Readability_First_01\P02-eye_data.idf
Date:	02.08.2013 11:27:27
Version:	BeGaze 3.2.28
Sample Rate:	120
Subject:	P02
Description:	Run2

Table Header for Fixations:
Event Type	Trial	Number	Start	End	Duration	Location X	Location Y	Dispersion X	Dispersion Y	Plane	Avg. Pupil Size X	Avg. Pupil Size Y


Fixation L	1	1	6323679043	6323812522	133479	275.29	82.06	62	35	-1	10.38	10.38
Fixation R	1	1	6323679043	6323812522	133479	275.29	82.06	62	35	-1	10.92	10.92
Fixation L	1	2	6323829144	6324221393	392249	112.24	67.05	19	13	-1	10.04	10.04
Fixation R	1	2	6323829144	6324221393	392249	112.24	67.05	19	13	-1	10.51	10.51
Fixation L	1	3	6324229679	6324480011	250332	280.99	53.57	82	14	-1	9.97	9.97
Fixation R	1	3	6324229679	6324480011	250332	280.99	53.57	82	14	-1	10.19	10.19
Fixation L	1	4	6324488390	6324780378	291988	380.31	40.88	63	17	-1	10.23	10.23
Fixation R	1	4	6324488390	6324780378	291988	380.31	40.88	63	17	-1	10.45	10.45
Fixation L	1	5	6324788759	6325122627	333868	487.94	36.38	72	15	-1	10.37	10.37
Fixation R	1	5	6324788759	6325122627	333868	487.94	36.38	72	15	-1	10.62	10.62
Fixation L	1	6	6325139250	6325314500	175250	618.78	41.71	17	13	-1	10.37	10.37
Fixation R	1	6	6325139250	6325314500	175250	618.78	41.71	17	13	-1	10.62	10.62
Fixation L	1	7	6325322871	6325598240	275369	737.16	45.67	57	18	-1	10.22	10.22
Fixation R	1	7	6325322871	6325598240	275369	737.16	45.67	57	18	-1	10.61	10.61
Fixation L	1	8	6325631615	6325714995	83380	179.89	105.26	68	28	-1	10.18	10.18
Fixation R	1	8	6325631615	6325714995	83380	179.89	105.26	68	28	-1	10.82	10.82
Fixation L	1	9	6325723366	6325915241	191875	138.83	122.98	50	40	-1	9.98	9.98
Fixation R	1	9	6325723366	6325915241	191875	138.83	122.98	50	40	-1	10.76	10.76
Fixation L	1	10	6326007111	6326123859	116748	137.59	127.56	53	14	-1	10.48	10.48
Fixation R	1	10	6326007111	6326123859	116748	137.59	127.56	53	14	-1	10.87	10.87
Fixation L	1	11	6326132233	6326374229	241996	265.49	120.02	24	24	-1	10.48	10.48
Fixation R	1	11	6326132233	6326374229	241996	265.49	120.02	24	24	-1	10.94	10.94
Fixation L	1	12	6326382611	6326549477	166866	395.21	102.17	86	6	-1	10.62	10.62
Fixation R	1	12	6326382611	6326549477	166866	395.21	102.17	86	6	-1	11.00	11.00
Fixation L	1	13	6326557851	6326791477	233626	522.99	92.95	44	8	-1	10.37	10.37
Fixation R	1	13	6326557851	6326791477	233626	522.99	92.95	44	8	-1	10.74	10.74
Fixation L	1	14	6326799850	6327125220	325370	705.61	90.71	80	18	-1	10.09	10.09
Fixation R	1	14	6326799850	6327125220	325370	705.61	90.71	80	18	-1	10.31	10.31
Fixation L	1	15	6327150348	6327433967	283619	857.13	78.31	45	19	-1	9.94	9.94
Fixation R	1	15	6327150348	6327433967	283619	857.13	78.31	45	19	-1	10.37	10.37
Fixation L	1	16	6327484091	6327701087	216996	136.61	155.90	71	27	-1	9.78	9.78
Fixation R	1	16	6327484091	6327701087	216996	136.61	155.90	71	27	-1	10.59	10.59
Fixation L	1	17	6327709336	6327851210	141874	98.38	175.06	78	15	-1	9.81	9.81
Fixation R	1	17	6327709336	6327851210	141874	98.38	175.06	78	15	-1	10.43	10.43
Fixation L	1	18	6327859585	6328093205	233620	245.93	149.57	29	17	-1	9.98	9.98
Fixation R	1	18	6327859585	6328093205	233620	245.93	149.57	29	17	-1	10.37	10.37
Fixation L	1	19	6328101583	6328443702	342119	426.36	149.71	81	17	-1	9.95	9.95
Fixation R	1	19	6328101583	6328443702	342119	426.36	149.71	81	17	-1	10.21	10.21
Fixation L	1	20	6328452074	6328710695	258621	601.10	139.63	83	14	-1	9.76	9.76
Fixation R	1	20	6328452074	6328710695	258621	601.10	139.63	83	14	-1	10.09	10.09
Fixation L	1	21	6328719075	6328936066	216991	716.02	147.81	21	9	-1	9.76	9.76
Fixation R	1	21	6328719075	6328936066	216991	716.02	147.81	21	9	-1	10.14	10.14
Fixation L	1	22	6328944317	6329136314	191997	805.30	140.29	28	15	-1	9.78	9.78
Fixation R	1	22	6328944317	6329136314	191997	805.30	140.29	28	15	-1	9.98	9.98
Fixation L	1	23	6329186310	6329461683	275373	140.52	210.31	40	13	-1	9.67	9.67
Fixation R	1	23	6329186310	6329461683	275373	140.52	210.31	40	13	-1	10.22	10.22
Fixation L	1	24	6329470067	6329753807	283740	354.80	202.84	74	11	-1	9.90	9.90
Fixation R	1	24	6329470067	6329753807	283740	354.80	202.84	74	11	-1	10.16	10.16
Fixation L	1	25	6329762179	6329887300	125121	505.68	196.59	53	16	-1	9.81	9.81
Fixation R	1	25	6329762179	6329887300	125121	505.68	196.59	53	16	-1	10.08	10.08
Fixation L	1	26	6329995803	6330145925	150122	476.82	212.18	67	9	-1	9.65	9.65
Fixation R	1	26	6329995803	6330145925	150122	476.82	212.18	67	9	-1	10.15	10.15
Fixation L	1	27	6330154297	6330362917	208620	659.13	196.50	64	16	-1	10.03	10.03
Fixation R	1	27	6330154297	6330362917	208620	659.13	196.50	64	16	-1	10.35	10.35
Fixation L	1	28	6330371297	6330688413	317116	780.00	208.87	76	21	-1	9.84	9.84
Fixation R	1	28	6330371297	6330688413	317116	780.00	208.87	76	21	-1	10.35	10.35
Fixation L	1	29	6330696667	6330955410	258743	799.21	264.53	20	53	-1	9.89	9.89
Fixation R	1	29	6330696667	6330955410	258743	799.21	264.53	20	53	-1	10.38	10.38
Fixation L	1	30	6330997161	6331280783	283622	340.66	331.94	69	28	-1	9.84	9.84
Fixation R	1	30	6330997161	6331280783	283622	340.66	331.94	69	28	-1	10.47	10.47
Fixation L	1	31	6331289153	6331481155	192002	245.11	267.60	43	52	-1	9.81	9.81
Fixation R	1	31	6331289153	6331481155	192002	245.11	267.60	43	52	-1	10.30	10.30
Fixation L	1	32	6331489401	6331723151	233750	392.28	256.97	28	10	-1	9.83	9.83
Fixation R	1	32	6331489401	6331723151	233750	392.28	256.97	28	10	-1	10.32	10.32
Fixation L	1	33	6331748150	6331973400	225250	281.61	5.38	21	66	-1	9.81	9.81
Fixation R	1	33	6331748150	6331973400	225250	281.61	5.38	21	66	-1	10.27	10.27

