[BeGaze]
Converted from:	C:\Program Files\SMI\Experiment Suite 360\Experiment Center 2\Results\Readability_First_01\P02-eye_data.idf
Date:	02.08.2013 11:27:25
Version:	BeGaze 3.2.28
Sample Rate:	120
Subject:	P02
Description:	Run2

Table Header for Fixations:
Event Type	Trial	Number	Start	End	Duration	Location X	Location Y	Dispersion X	Dispersion Y	Plane	Avg. Pupil Size X	Avg. Pupil Size Y


Fixation L	1	1	5190145201	5190287066	141865	181.76	81.01	49	12	-1	10.12	10.12
Fixation R	1	1	5190145201	5190287066	141865	181.76	81.01	49	12	-1	10.76	10.76
Fixation L	1	2	5190295444	5190537435	241991	95.81	82.26	36	15	-1	10.04	10.04
Fixation R	1	2	5190295444	5190537435	241991	95.81	82.26	36	15	-1	10.60	10.60
Fixation L	1	3	5190545687	5190771063	225376	232.38	62.68	32	37	-1	10.22	10.22
Fixation R	1	3	5190545687	5190771063	225376	232.38	62.68	32	37	-1	10.42	10.42
Fixation L	1	4	5190779436	5190912931	133495	389.28	53.99	44	6	-1	10.15	10.15
Fixation R	1	4	5190779436	5190912931	133495	389.28	53.99	44	6	-1	10.45	10.45
Fixation L	1	5	5190996304	5191129804	133500	413.47	39.98	43	35	-1	10.24	10.24
Fixation R	1	5	5190996304	5191129804	133500	413.47	39.98	43	35	-1	10.55	10.55
Fixation L	1	6	5191138179	5191371805	233626	521.68	38.84	65	12	-1	10.39	10.39
Fixation R	1	6	5191138179	5191371805	233626	521.68	38.84	65	12	-1	10.66	10.66
Fixation L	1	7	5191380176	5191814042	433866	384.39	33.11	42	18	-1	10.06	10.06
Fixation R	1	7	5191380176	5191814042	433866	384.39	33.11	42	18	-1	10.66	10.66
Fixation L	1	8	5191822423	5192081173	258750	564.76	21.88	55	11	-1	9.92	9.92
Fixation R	1	8	5191822423	5192081173	258750	564.76	21.88	55	11	-1	10.42	10.42
Fixation L	1	9	5192089413	5192264660	175247	638.18	35.73	40	16	-1	10.07	10.07
Fixation R	1	9	5192089413	5192264660	175247	638.18	35.73	40	16	-1	10.50	10.50
Fixation L	1	10	5192273042	5192465033	191991	738.74	25.05	69	18	-1	9.93	9.93
Fixation R	1	10	5192273042	5192465033	191991	738.74	25.05	69	18	-1	10.40	10.40
Fixation L	1	11	5192473290	5192673535	200245	573.95	32.81	24	9	-1	10.02	10.02
Fixation R	1	11	5192473290	5192673535	200245	573.95	32.81	24	9	-1	10.59	10.59
Fixation L	1	12	5192681908	5192915524	233616	475.64	37.07	77	14	-1	10.14	10.14
Fixation R	1	12	5192681908	5192915524	233616	475.64	37.07	77	14	-1	10.69	10.69
Fixation L	1	13	5192923909	5193257646	333737	571.04	32.49	67	12	-1	10.05	10.05
Fixation R	1	13	5192923909	5193257646	333737	571.04	32.49	67	12	-1	10.47	10.47
Fixation L	1	14	5193299397	5193382899	83502	455.40	555.35	28	69	-1	10.38	10.38
Fixation R	1	14	5193299397	5193382899	83502	455.40	555.35	28	69	-1	11.18	11.18
Fixation L	1	15	5193391270	5193508019	116749	439.62	580.71	9	27	-1	10.36	10.36
Fixation R	1	15	5193391270	5193508019	116749	439.62	580.71	9	27	-1	11.20	11.20
Fixation L	1	16	5193524773	5193741638	216865	710.19	672.88	37	28	-1	10.60	10.60
Fixation R	1	16	5193524773	5193741638	216865	710.19	672.88	37	28	-1	10.99	10.99
Fixation L	1	17	5193758389	5193850139	91750	408.74	451.51	57	40	-1	10.21	10.21
Fixation R	1	17	5193758389	5193850139	91750	408.74	451.51	57	40	-1	10.86	10.86
Fixation L	1	18	5193858512	5193967010	108498	385.93	439.01	66	10	-1	10.09	10.09
Fixation R	1	18	5193858512	5193967010	108498	385.93	439.01	66	10	-1	10.84	10.84
Fixation L	1	19	5193975390	5194200637	225247	262.70	453.43	24	22	-1	10.04	10.04
Fixation R	1	19	5193975390	5194200637	225247	262.70	453.43	24	22	-1	10.56	10.56
Fixation L	1	20	5194209013	5194375884	166871	165.54	469.08	27	11	-1	9.91	9.91
Fixation R	1	20	5194209013	5194375884	166871	165.54	469.08	27	11	-1	10.36	10.36
Fixation L	1	21	5194384259	5194501002	116743	309.40	449.06	29	70	-1	10.00	10.00
Fixation R	1	21	5194384259	5194501002	116743	309.40	449.06	29	70	-1	10.60	10.60
Fixation L	1	22	5194567750	5194751379	183629	539.61	43.01	26	62	-1	10.04	10.04
Fixation R	1	22	5194567750	5194751379	183629	539.61	43.01	26	62	-1	10.38	10.38
Fixation L	1	23	5194759748	5194943245	183497	631.34	56.49	73	9	-1	10.02	10.02
Fixation R	1	23	5194759748	5194943245	183497	631.34	56.49	73	9	-1	10.52	10.52
Fixation L	1	24	5194951622	5195143617	191995	775.69	41.82	24	16	-1	9.99	9.99
Fixation R	1	24	5194951622	5195143617	191995	775.69	41.82	24	16	-1	10.38	10.38
Fixation L	1	25	5195151870	5195460612	308742	862.65	54.57	41	6	-1	10.02	10.02
Fixation R	1	25	5195151870	5195460612	308742	862.65	54.57	41	6	-1	10.36	10.36
Fixation L	1	26	5195510737	5195660985	150248	177.98	105.64	59	15	-1	9.88	9.88
Fixation R	1	26	5195510737	5195660985	150248	177.98	105.64	59	15	-1	10.71	10.71
Fixation L	1	27	5195669233	5195886234	217001	105.26	94.46	52	26	-1	9.93	9.93
Fixation R	1	27	5195669233	5195886234	217001	105.26	94.46	52	26	-1	10.48	10.48
Fixation L	1	28	5195894606	5196069852	175246	260.22	106.10	17	38	-1	10.05	10.05
Fixation R	1	28	5195894606	5196069852	175246	260.22	106.10	17	38	-1	10.51	10.51
Fixation L	1	29	5196078114	5196578852	500738	355.76	112.97	57	21	-1	10.14	10.14
Fixation R	1	29	5196078114	5196578852	500738	355.76	112.97	57	21	-1	10.53	10.53
Fixation L	1	30	5196587224	5197104589	517365	215.76	118.82	73	21	-1	10.02	10.02
Fixation R	1	30	5196587224	5197104589	517365	215.76	118.82	73	21	-1	10.54	10.54
Fixation L	1	31	5197112836	5197288086	175250	351.73	103.89	67	7	-1	10.12	10.12
Fixation R	1	31	5197112836	5197288086	175250	351.73	103.89	67	7	-1	10.52	10.52
Fixation L	1	32	5197296462	5197388214	91752	480.13	100.06	77	10	-1	10.08	10.08
Fixation R	1	32	5197296462	5197388214	91752	480.13	100.06	77	10	-1	10.51	10.51
Fixation L	1	33	5197396585	5197713706	317121	577.75	90.28	67	12	-1	10.18	10.18
Fixation R	1	33	5197396585	5197713706	317121	577.75	90.28	67	12	-1	10.45	10.45
Fixation L	1	34	5197722081	5197897200	175119	710.69	90.03	16	6	-1	10.09	10.09
Fixation R	1	34	5197722081	5197897200	175119	710.69	90.03	16	6	-1	10.38	10.38
Fixation L	1	35	5197913951	5198239447	325496	525.20	148.39	30	49	-1	10.16	10.16
Fixation R	1	35	5197913951	5198239447	325496	525.20	148.39	30	49	-1	10.63	10.63
Fixation L	1	36	5198264444	5198581570	317126	166.77	126.33	51	37	-1	10.06	10.06
Fixation R	1	36	5198264444	5198581570	317126	166.77	126.33	51	37	-1	10.69	10.69
Fixation L	1	37	5198606566	5198873561	266995	539.06	150.21	25	34	-1	10.35	10.35
Fixation R	1	37	5198606566	5198873561	266995	539.06	150.21	25	34	-1	10.75	10.75
Fixation L	1	38	5198890320	5199090560	200240	728.10	146.36	76	9	-1	10.26	10.26
Fixation R	1	38	5198890320	5199090560	200240	728.10	146.36	76	9	-1	10.63	10.63
Fixation L	1	39	5199098930	5199265802	166872	820.36	144.30	55	9	-1	10.17	10.17
Fixation R	1	39	5199098930	5199265802	166872	820.36	144.30	55	9	-1	10.43	10.43
Fixation L	1	40	5199307431	5199474424	166993	156.67	217.45	56	25	-1	9.95	9.95
Fixation R	1	40	5199307431	5199474424	166993	156.67	217.45	56	25	-1	10.69	10.69
Fixation L	1	41	5199482683	5199708051	225368	103.46	221.65	27	8	-1	10.15	10.15
Fixation R	1	41	5199482683	5199708051	225368	103.46	221.65	27	8	-1	10.73	10.73
Fixation L	1	42	5199716426	5199899919	183493	278.11	216.23	65	11	-1	10.15	10.15
Fixation R	1	42	5199716426	5199899919	183493	278.11	216.23	65	11	-1	10.57	10.57
Fixation L	1	43	5199908298	5200091920	183622	466.12	202.58	56	10	-1	10.14	10.14
Fixation R	1	43	5199908298	5200091920	183622	466.12	202.58	56	10	-1	10.61	10.61
Fixation L	1	44	5200100167	5200434043	333876	314.51	207.51	82	9	-1	10.06	10.06
Fixation R	1	44	5200100167	5200434043	333876	314.51	207.51	82	9	-1	10.59	10.59
Fixation L	1	45	5200442287	5200692660	250373	509.39	197.55	72	22	-1	9.98	9.98
Fixation R	1	45	5200442287	5200692660	250373	509.39	197.55	72	22	-1	10.48	10.48
Fixation L	1	46	5200709411	5200993036	283625	657.81	203.93	12	19	-1	9.98	9.98
Fixation R	1	46	5200709411	5200993036	283625	657.81	203.93	12	19	-1	10.47	10.47
Fixation L	1	47	5201001407	5201176650	175243	779.99	207.01	38	9	-1	9.84	9.84
Fixation R	1	47	5201001407	5201176650	175243	779.99	207.01	38	9	-1	10.26	10.26
Fixation L	1	48	5201185032	5201385277	200245	877.40	199.11	32	12	-1	9.89	9.89
Fixation R	1	48	5201185032	5201385277	200245	877.40	199.11	32	12	-1	10.19	10.19
Fixation L	1	49	5201435405	5201660648	225243	175.96	270.45	72	20	-1	9.86	9.86
Fixation R	1	49	5201435405	5201660648	225243	175.96	270.45	72	20	-1	10.63	10.63
Fixation L	1	50	5201677398	5202061141	383743	375.73	260.60	61	26	-1	9.91	9.91
Fixation R	1	50	5201677398	5202061141	383743	375.73	260.60	61	26	-1	10.50	10.50
Fixation L	1	51	5202069511	5202411631	342120	542.73	273.95	87	12	-1	9.75	9.75
Fixation R	1	51	5202069511	5202411631	342120	542.73	273.95	87	12	-1	10.08	10.08
Fixation L	1	52	5202420006	5202553504	133498	669.88	273.53	54	6	-1	9.62	9.62
Fixation R	1	52	5202420006	5202553504	133498	669.88	273.53	54	6	-1	10.08	10.08
Fixation L	1	53	5202561880	5202945751	383871	845.04	265.20	84	15	-1	9.52	9.52
Fixation R	1	53	5202561880	5202945751	383871	845.04	265.20	84	15	-1	9.92	9.92
Fixation L	1	54	5202995757	5203271121	275364	133.95	333.75	77	20	-1	9.63	9.63
Fixation R	1	54	5202995757	5203271121	275364	133.95	333.75	77	20	-1	10.22	10.22
Fixation L	1	55	5203421376	5203504742	83366	197.35	333.66	69	27	-1	9.67	9.67
Fixation R	1	55	5203421376	5203504742	83366	197.35	333.66	69	27	-1	10.09	10.09
Fixation L	1	56	5203588247	5203813490	225243	309.34	329.48	35	32	-1	10.08	10.08
Fixation R	1	56	5203588247	5203813490	225243	309.34	329.48	35	32	-1	10.58	10.58
Fixation L	1	57	5203830236	5204088861	258625	451.22	334.02	26	12	-1	10.05	10.05
Fixation R	1	57	5203830236	5204088861	258625	451.22	334.02	26	12	-1	10.53	10.53
Fixation L	1	58	5204097234	5204330853	233619	638.82	328.60	65	11	-1	10.01	10.01
Fixation R	1	58	5204097234	5204330853	233619	638.82	328.60	65	11	-1	10.36	10.36
Fixation L	1	59	5204347605	5204564603	216998	593.07	204.54	46	33	-1	9.79	9.79
Fixation R	1	59	5204347605	5204564603	216998	593.07	204.54	46	33	-1	10.37	10.37
Fixation L	1	60	5204572849	5204714726	141877	537.92	137.39	78	10	-1	10.05	10.05
Fixation R	1	60	5204572849	5204714726	141877	537.92	137.39	78	10	-1	10.44	10.44
Fixation R	1	61	5204723097	5205123591	400494	357.71	137.81	67	26	-1	10.57	10.57
Fixation R	1	62	5205207090	5205382337	175247	231.02	224.61	9	8	-1	10.64	10.64
Fixation R	1	63	5205390715	5205574210	183495	368.29	199.85	33	28	-1	10.43	10.43
Fixation R	1	64	5205607589	5205691088	83499	364.94	189.26	17	3	-1	10.45	10.45
Fixation L	1	61	5205866336	5206433694	567358	612.91	274.47	36	27	-1	10.12	10.12
Fixation R	1	65	5205866336	5206433694	567358	612.91	274.47	36	27	-1	10.58	10.58
Fixation L	1	62	5206442075	5206592322	150247	694.66	311.89	31	42	-1	10.00	10.00
Fixation R	1	66	5206442075	5206592322	150247	694.66	311.89	31	42	-1	10.54	10.54
Fixation L	1	63	5206600574	5206784190	183616	766.13	282.71	45	25	-1	9.97	9.97
Fixation R	1	67	5206600574	5206784190	183616	766.13	282.71	45	25	-1	10.52	10.52
Fixation L	1	64	5206792570	5206992816	200246	727.75	144.45	55	16	-1	10.00	10.00
Fixation R	1	68	5206792570	5206992816	200246	727.75	144.45	55	16	-1	10.41	10.41
Fixation L	1	65	5207001189	5207159683	158494	668.13	108.49	72	16	-1	10.09	10.09
Fixation R	1	69	5207001189	5207159683	158494	668.13	108.49	72	16	-1	10.48	10.48
Fixation L	1	66	5207168065	5207435055	266990	544.08	108.66	22	11	-1	10.18	10.18
Fixation R	1	70	5207168065	5207435055	266990	544.08	108.66	22	11	-1	10.60	10.60
Fixation L	1	67	5207443434	5207743804	300370	699.15	104.91	20	10	-1	10.11	10.11
Fixation R	1	71	5207443434	5207743804	300370	699.15	104.91	20	10	-1	10.49	10.49
Fixation L	1	68	5207760552	5208002550	241998	422.44	112.00	64	30	-1	10.25	10.25
Fixation R	1	72	5207760552	5208002550	241998	422.44	112.00	64	30	-1	10.78	10.78
Fixation L	1	69	5208010804	5208227795	216991	277.74	168.66	32	37	-1	10.22	10.22
Fixation R	1	73	5208010804	5208227795	216991	277.74	168.66	32	37	-1	10.82	10.82
Fixation L	1	70	5208236170	5208661662	425492	156.65	165.92	83	10	-1	10.09	10.09
Fixation R	1	74	5208236170	5208661662	425492	156.65	165.92	83	10	-1	10.62	10.62
Fixation L	1	71	5208745164	5208995409	250245	408.34	263.28	57	34	-1	10.41	10.41
Fixation R	1	75	5208745164	5208995409	250245	408.34	263.28	57	34	-1	10.96	10.96
Fixation L	1	72	5209012157	5209295906	283749	543.25	287.58	63	18	-1	10.46	10.46
Fixation R	1	76	5209012157	5209295906	283749	543.25	287.58	63	18	-1	11.06	11.06
Fixation L	1	73	5209304279	5209462777	158498	629.57	286.30	44	10	-1	10.17	10.17
Fixation R	1	77	5209304279	5209462777	158498	629.57	286.30	44	10	-1	10.87	10.87
Fixation L	1	74	5209471155	5209604653	133498	791.17	279.56	78	2	-1	10.11	10.11
Fixation R	1	78	5209471155	5209604653	133498	791.17	279.56	78	2	-1	10.79	10.79
Fixation L	1	75	5209613024	5209788271	175247	900.38	271.83	29	8	-1	10.06	10.06
Fixation R	1	79	5209613024	5209788271	175247	900.38	271.83	29	8	-1	10.66	10.66
Fixation L	1	76	5209838272	5210055269	216997	139.72	346.89	43	35	-1	10.06	10.06
Fixation R	1	80	5209838272	5210055269	216997	139.72	346.89	43	35	-1	10.79	10.79
Fixation L	1	77	5210063643	5210288888	225245	305.33	336.42	79	11	-1	10.22	10.22
Fixation R	1	81	5210063643	5210288888	225245	305.33	336.42	79	11	-1	10.85	10.85
Fixation L	1	78	5210297264	5210380643	83379	380.11	334.73	85	9	-1	10.34	10.34
Fixation R	1	82	5210297264	5210380643	83379	380.11	334.73	85	9	-1	10.92	10.92
Fixation L	1	79	5210389013	5210564261	175248	530.57	330.94	59	8	-1	10.27	10.27
Fixation R	1	83	5210389013	5210564261	175248	530.57	330.94	59	8	-1	10.76	10.76
Fixation L	1	80	5210572635	5210956505	383870	687.75	324.34	78	10	-1	10.17	10.17
Fixation R	1	84	5210572635	5210956505	383870	687.75	324.34	78	10	-1	10.57	10.57
Fixation L	1	81	5210964755	5211223497	258742	862.49	321.58	25	6	-1	10.08	10.08
Fixation R	1	85	5210964755	5211223497	258742	862.49	321.58	25	6	-1	10.53	10.53
Fixation L	1	82	5211273498	5211582247	308749	124.14	400.77	44	33	-1	10.04	10.04
Fixation R	1	86	5211273498	5211582247	308749	124.14	400.77	44	33	-1	10.65	10.65
Fixation L	1	83	5211590618	5211749239	158621	243.89	401.26	23	10	-1	10.29	10.29
Fixation R	1	87	5211590618	5211749239	158621	243.89	401.26	23	10	-1	10.68	10.68
Fixation L	1	84	5211890989	5212007871	116882	271.13	377.76	58	19	-1	10.21	10.21
Fixation R	1	88	5211890989	5212007871	116882	271.13	377.76	58	19	-1	10.69	10.69
Fixation L	1	85	5212016237	5212191482	175245	447.09	386.23	36	9	-1	10.42	10.42
Fixation R	1	89	5212016237	5212191482	175245	447.09	386.23	36	9	-1	11.02	11.02
Fixation L	1	86	5212199733	5212558609	358876	575.22	397.99	79	14	-1	10.20	10.20
Fixation R	1	90	5212199733	5212558609	358876	575.22	397.99	79	14	-1	10.80	10.80
Fixation L	1	87	5212566975	5212833980	267005	671.14	396.46	14	9	-1	10.06	10.06
Fixation R	1	91	5212566975	5212833980	267005	671.14	396.46	14	9	-1	10.57	10.57
Fixation L	1	88	5212842350	5212984221	141871	793.02	388.46	29	8	-1	10.11	10.11
Fixation R	1	92	5212842350	5212984221	141871	793.02	388.46	29	8	-1	10.57	10.57
Fixation L	1	89	5213034226	5213167720	133494	136.65	467.05	36	22	-1	9.45	9.45
Fixation R	1	93	5213034226	5213434846	400620	121.47	463.16	64	34	-1	10.41	10.41
Fixation L	1	90	5213393089	5213526588	133499	117.06	485.87	6	23	-1	9.43	9.43
Fixation R	1	94	5213443091	5213559971	116880	115.10	490.07	20	7	-1	10.37	10.37
Fixation L	1	91	5213576590	5213818587	241997	316.69	410.65	51	44	-1	10.14	10.14
Fixation R	1	95	5213576590	5213818587	241997	316.69	410.65	51	44	-1	10.62	10.62
Fixation L	1	92	5213826962	5214127331	300369	501.45	400.07	91	7	-1	10.26	10.26
Fixation R	1	96	5213826962	5214127331	300369	501.45	400.07	91	7	-1	10.65	10.65
Fixation L	1	93	5214135712	5214244205	108493	561.84	397.18	66	3	-1	10.09	10.09
Fixation R	1	97	5214135712	5214244205	108493	561.84	397.18	66	3	-1	10.53	10.53
Fixation L	1	94	5214252580	5214335958	83378	653.60	397.83	27	1	-1	9.98	9.98
Fixation R	1	98	5214252580	5214335958	83378	653.60	397.83	27	1	-1	10.59	10.59
Fixation L	1	95	5214369327	5214586322	216995	293.27	448.66	38	33	-1	10.06	10.06
Fixation R	1	99	5214369327	5214586322	216995	293.27	448.66	38	33	-1	10.70	10.70
Fixation L	1	96	5214594697	5214819950	225253	405.39	458.35	42	11	-1	10.23	10.23
Fixation R	1	100	5214594697	5214819950	225253	405.39	458.35	42	11	-1	10.85	10.85
Fixation L	1	97	5214828318	5215070316	241998	538.42	460.82	10	13	-1	10.12	10.12
Fixation R	1	101	5214828318	5215070316	241998	538.42	460.82	10	13	-1	10.55	10.55
Fixation L	1	98	5215078689	5215312316	233627	677.16	456.75	60	20	-1	9.94	9.94
Fixation R	1	102	5215078689	5215312316	233627	677.16	456.75	60	20	-1	10.58	10.58
Fixation L	1	99	5215320687	5215846306	525619	800.10	445.31	45	15	-1	9.88	9.88
Fixation R	1	103	5215320687	5215846306	525619	800.10	445.31	45	15	-1	10.46	10.46
Fixation L	1	100	5215896429	5216046677	150248	167.65	521.67	47	34	-1	9.81	9.81
Fixation R	1	104	5215896429	5216046677	150248	167.65	521.67	47	34	-1	10.36	10.36
Fixation L	1	101	5216054928	5216221799	166871	115.09	529.21	79	14	-1	9.90	9.90
Fixation R	1	105	5216054928	5216221799	166871	115.09	529.21	79	14	-1	10.26	10.26
Fixation L	1	102	5216230176	5216547299	317123	264.90	506.59	47	30	-1	10.19	10.19
Fixation R	1	106	5216230176	5216547299	317123	264.90	506.59	47	30	-1	10.47	10.47
Fixation L	1	103	5216555670	5216797666	241996	405.49	514.83	15	17	-1	10.17	10.17
Fixation R	1	107	5216555670	5216797666	241996	405.49	514.83	15	17	-1	10.78	10.78
Fixation L	1	104	5216805915	5217064663	258748	601.67	521.49	72	5	-1	10.19	10.19
Fixation R	1	108	5216805915	5217064663	258748	601.67	521.49	72	5	-1	10.67	10.67
Fixation L	1	105	5217073040	5217306661	233621	768.89	513.08	58	8	-1	10.06	10.06
Fixation R	1	109	5217073040	5217306661	233621	768.89	513.08	58	8	-1	10.50	10.50
Fixation L	1	106	5217348408	5217515279	166871	165.30	577.90	60	29	-1	10.09	10.09
Fixation R	1	110	5217348408	5217515279	166871	165.30	577.90	60	29	-1	10.35	10.35
Fixation L	1	107	5217523658	5217715526	191868	104.20	592.82	26	17	-1	9.98	9.98
Fixation R	1	111	5217523658	5217715526	191868	104.20	592.82	26	17	-1	10.26	10.26
Fixation L	1	108	5217723905	5218007647	283742	272.23	575.29	35	22	-1	10.26	10.26
Fixation R	1	112	5217723905	5218007647	283742	272.23	575.29	35	22	-1	10.56	10.56
Fixation L	1	109	5218015897	5218157772	141875	392.12	580.67	21	8	-1	10.42	10.42
Fixation R	1	113	5218015897	5218157772	141875	392.12	580.67	21	8	-1	11.08	11.08
Fixation L	1	110	5218166148	5218424767	258619	545.12	580.84	83	7	-1	10.51	10.51
Fixation R	1	114	5218166148	5218424767	258619	545.12	580.84	83	7	-1	10.99	10.99
Fixation L	1	111	5218433141	5218600018	166877	678.16	573.62	59	7	-1	10.36	10.36
Fixation R	1	115	5218433141	5218600018	166877	678.16	573.62	59	7	-1	10.96	10.96
Fixation L	1	112	5218608391	5218908759	300368	771.87	569.51	15	15	-1	10.14	10.14
Fixation R	1	116	5218608391	5218908759	300368	771.87	569.51	15	15	-1	10.81	10.81
Fixation L	1	113	5218917134	5219084006	166872	779.98	507.83	5	39	-1	10.19	10.19
Fixation R	1	117	5218917134	5219084006	166872	779.98	507.83	5	39	-1	10.82	10.82
Fixation L	1	114	5219100758	5219250882	150124	548.65	487.24	28	24	-1	10.46	10.46
Fixation R	1	118	5219100758	5219250882	150124	548.65	487.24	28	24	-1	11.21	11.21
Fixation L	1	115	5219267630	5219476253	208623	857.92	566.89	68	18	-1	10.38	10.38
Fixation R	1	119	5219267630	5219476253	208623	857.92	566.89	68	18	-1	10.95	10.95
Fixation L	1	116	5219484625	5219576381	91756	913.23	573.25	83	5	-1	10.38	10.38
Fixation R	1	120	5219484625	5219576381	91756	913.23	573.25	83	5	-1	10.87	10.87
Fixation L	1	117	5219626377	5219843372	216995	153.02	630.12	61	33	-1	10.28	10.28
Fixation R	1	121	5219626377	5219843372	216995	153.02	630.12	61	33	-1	10.82	10.82
Fixation L	1	118	5219926873	5220118741	191868	304.18	640.66	53	22	-1	10.64	10.64
Fixation R	1	122	5219926873	5220118741	191868	304.18	640.66	53	22	-1	11.06	11.06
Fixation L	1	119	5220127120	5220310613	183493	425.69	637.58	32	8	-1	10.66	10.66
Fixation R	1	123	5220127120	5220310613	183493	425.69	637.58	32	8	-1	11.41	11.41
Fixation L	1	120	5220318989	5220719607	400618	272.75	644.40	70	10	-1	10.60	10.60
Fixation R	1	124	5220318989	5220719607	400618	272.75	644.40	70	10	-1	10.84	10.84
Fixation L	1	121	5220727860	5220919856	191996	382.26	641.99	19	19	-1	10.75	10.75
Fixation R	1	125	5220727860	5220919856	191996	382.26	641.99	19	19	-1	11.30	11.30
Fixation L	1	122	5220936478	5221253602	317124	644.87	639.27	22	15	-1	10.63	10.63
Fixation R	1	126	5220936478	5221253602	317124	644.87	639.27	22	15	-1	11.19	11.19
Fixation L	1	123	5221261976	5221520591	258615	747.08	632.68	86	13	-1	10.36	10.36
Fixation R	1	127	5221261976	5221520591	258615	747.08	632.68	86	13	-1	10.97	10.97
Fixation L	1	124	5221528973	5221687465	158492	809.33	626.66	20	10	-1	10.28	10.28
Fixation R	1	128	5221528973	5221687465	158492	809.33	626.66	20	10	-1	10.95	10.95
Fixation L	1	125	5221737589	5221987959	250370	98.49	735.27	27	13	-1	10.22	10.22
Fixation R	1	129	5221737589	5221987959	250370	98.49	735.27	27	13	-1	10.80	10.80
Fixation L	1	126	5222004586	5222279962	275376	310.98	701.24	65	19	-1	10.59	10.59
Fixation R	1	130	5222004586	5222279962	275376	310.98	701.24	65	19	-1	11.00	11.00
Fixation L	1	127	5222288333	5222455213	166880	556.09	699.42	68	5	-1	10.75	10.75
Fixation R	1	131	5222288333	5222455213	166880	556.09	699.42	68	5	-1	11.38	11.38
Fixation L	1	128	5222463582	5222605459	141877	685.81	695.95	69	4	-1	10.47	10.47
Fixation R	1	132	5222463582	5222605459	141877	685.81	695.95	69	4	-1	11.17	11.17
Fixation L	1	129	5222613702	5222855700	241998	802.06	697.94	18	4	-1	10.16	10.16
Fixation R	1	133	5222613702	5222855700	241998	802.06	697.94	18	4	-1	10.89	10.89

