[BeGaze]
Converted from:	C:\Program Files\SMI\Experiment Suite 360\Experiment Center 2\Results\Readability_First_01\P02-eye_data.idf
Date:	02.08.2013 11:27:27
Version:	BeGaze 3.2.28
Sample Rate:	120
Subject:	P02
Description:	Run2

Table Header for Fixations:
Event Type	Trial	Number	Start	End	Duration	Location X	Location Y	Dispersion X	Dispersion Y	Plane	Avg. Pupil Size X	Avg. Pupil Size Y


Fixation L	1	1	5882442217	5882684205	241988	112.60	63.96	59	36	-1	9.69	9.69
Fixation R	1	1	5882442217	5882684205	241988	112.60	63.96	59	36	-1	10.36	10.36
Fixation L	1	2	5882692457	5883168200	475743	249.15	44.66	43	36	-1	9.70	9.70
Fixation R	1	2	5882692457	5883168200	475743	249.15	44.66	43	36	-1	10.07	10.07
Fixation L	1	3	5883176448	5883443570	267122	119.85	42.94	84	13	-1	9.69	9.69
Fixation R	1	3	5883176448	5883443570	267122	119.85	42.94	84	13	-1	10.07	10.07
Fixation L	1	4	5883451816	5883602066	150250	89.17	54.75	35	6	-1	9.73	9.73
Fixation R	1	4	5883451816	5883602066	150250	89.17	54.75	35	6	-1	10.23	10.23
Fixation L	1	5	5883610441	5883952560	342119	273.69	28.33	27	68	-1	10.03	10.03
Fixation R	1	5	5883610441	5883952560	342119	273.69	28.33	27	68	-1	10.60	10.60
Fixation L	1	6	5883960810	5884394807	433997	364.00	27.96	81	18	-1	9.93	9.93
Fixation R	1	6	5883960810	5884394807	433997	364.00	27.96	81	18	-1	10.39	10.39
Fixation L	1	7	5884403176	5884503301	100125	333.17	17.80	88	3	-1	9.69	9.69
Fixation R	1	7	5884403176	5884503301	100125	333.17	17.80	88	3	-1	10.19	10.19
Fixation L	1	8	5884511554	5884711926	200372	233.38	24.91	23	12	-1	9.82	9.82
Fixation R	1	8	5884511554	5884711926	200372	233.38	24.91	23	12	-1	10.32	10.32
Fixation L	1	9	5884720175	5885028919	308744	318.62	35.42	32	29	-1	9.98	9.98
Fixation R	1	9	5884720175	5885028919	308744	318.62	35.42	32	29	-1	10.07	10.07
Fixation L	1	10	5885037293	5885237540	200247	446.64	30.28	75	7	-1	10.08	10.08
Fixation R	1	10	5885037293	5885237540	200247	446.64	30.28	75	7	-1	10.30	10.30
Fixation L	1	11	5885245919	5885454539	208620	534.78	35.90	29	14	-1	10.09	10.09
Fixation R	1	11	5885245919	5885454539	208620	534.78	35.90	29	14	-1	10.36	10.36
Fixation L	1	12	5885462912	5885621413	158501	708.77	23.50	38	21	-1	9.95	9.95
Fixation R	1	12	5885462912	5885621413	158501	708.77	23.50	38	21	-1	10.19	10.19
Fixation L	1	13	5885629787	5885930159	300372	825.20	28.12	14	36	-1	9.96	9.96
Fixation R	1	13	5885629787	5885930159	300372	825.20	28.12	14	36	-1	10.09	10.09
Fixation L	1	14	5885980283	5886197153	216870	173.77	117.66	14	20	-1	9.87	9.87
Fixation R	1	14	5885980283	5886197153	216870	173.77	117.66	14	20	-1	10.29	10.29
Fixation L	1	15	5886205523	5886464271	258748	295.21	102.34	12	7	-1	9.93	9.93
Fixation R	1	15	5886205523	5886464271	258748	295.21	102.34	12	7	-1	10.33	10.33
Fixation L	1	16	5886472525	5886856391	383866	437.41	101.25	43	15	-1	9.85	9.85
Fixation R	1	16	5886472525	5886856391	383866	437.41	101.25	43	15	-1	10.14	10.14
Fixation L	1	17	5886864764	5887031639	166875	537.16	104.65	36	7	-1	9.94	9.94
Fixation R	1	17	5886864764	5887031639	166875	537.16	104.65	36	7	-1	10.16	10.16
Fixation L	1	18	5887040012	5887265257	225245	690.41	82.76	40	43	-1	9.88	9.88
Fixation R	1	18	5887040012	5887265257	225245	690.41	82.76	40	43	-1	9.92	9.92
Fixation L	1	19	5887273634	5887390505	116871	820.50	72.42	35	27	-1	9.68	9.68
Fixation R	1	19	5887273634	5887390505	116871	820.50	72.42	35	27	-1	9.91	9.91
Fixation L	1	20	5887398763	5887574005	175242	900.67	84.76	27	7	-1	9.70	9.70
Fixation R	1	20	5887398763	5887574005	175242	900.67	84.76	27	7	-1	9.81	9.81
Fixation L	1	21	5887632502	5887932871	300369	131.83	144.68	73	22	-1	9.58	9.58
Fixation R	1	21	5887632502	5887932871	300369	131.83	144.68	73	22	-1	10.05	10.05
Fixation L	1	22	5888032995	5888158120	125125	208.01	158.97	77	20	-1	9.81	9.81
Fixation R	1	22	5888032995	5888158120	125125	208.01	158.97	77	20	-1	10.18	10.18
Fixation L	1	23	5888166494	5888325124	158630	248.36	167.69	82	13	-1	9.86	9.86
Fixation R	1	23	5888166494	5888325124	158630	248.36	167.69	82	13	-1	10.18	10.18
Fixation L	1	24	5888333365	5888633861	300496	384.57	158.46	25	26	-1	9.61	9.61
Fixation R	1	24	5888333365	5888633861	300496	384.57	158.46	25	26	-1	10.00	10.00
Fixation R	1	25	5888642112	5888859111	216999	470.06	135.76	28	22	-1	9.71	9.71
Fixation R	1	26	5888867483	5889050985	183502	603.29	131.15	62	15	-1	9.60	9.60
Fixation L	1	25	5888909233	5889109480	200247	621.54	135.42	74	21	-1	9.14	9.14
Fixation R	1	27	5889059355	5889301356	242001	662.81	146.17	44	20	-1	9.62	9.62
Fixation R	1	28	5889309727	5889518348	208621	824.67	146.25	69	19	-1	9.79	9.79
Fixation L	1	26	5889418223	5889518348	100125	820.66	151.32	28	15	-1	9.78	9.78
Fixation L	1	27	5889560101	5889718594	158493	310.51	217.72	74	9	-1	9.72	9.72
Fixation R	1	29	5889560101	5889718594	158493	310.51	217.72	74	9	-1	10.18	10.18
Fixation L	1	28	5889726972	5889960593	233621	178.94	222.78	75	10	-1	9.44	9.44
Fixation R	1	30	5889726972	5889960593	233621	178.94	222.78	75	10	-1	10.18	10.18
Fixation R	1	31	5889968969	5890119092	150123	108.25	236.29	52	21	-1	10.10	10.10
Fixation L	1	29	5890127467	5890386214	258747	279.70	229.98	15	17	-1	9.89	9.89
Fixation R	1	32	5890127467	5890386214	258747	279.70	229.98	15	17	-1	10.18	10.18
Fixation L	1	30	5890394460	5890519707	125247	415.35	215.54	67	12	-1	9.94	9.94
Fixation R	1	33	5890394460	5890519707	125247	415.35	215.54	67	12	-1	10.18	10.18
Fixation L	1	31	5890644837	5890736581	91744	471.68	215.90	66	7	-1	9.15	9.15
Fixation R	1	34	5890644837	5890736581	91744	471.68	215.90	66	7	-1	10.20	10.20
Fixation L	1	32	5890744958	5891178828	433870	570.87	220.05	14	11	-1	9.99	9.99
Fixation R	1	35	5890744958	5891178828	433870	570.87	220.05	14	11	-1	10.34	10.34
Fixation L	1	33	5891187200	5891554448	367248	706.95	209.94	45	17	-1	9.89	9.89
Fixation R	1	36	5891187200	5891554448	367248	706.95	209.94	45	17	-1	10.17	10.17
Fixation L	1	34	5891562693	5891871437	308744	842.07	217.28	71	12	-1	9.85	9.85
Fixation R	1	37	5891562693	5891871437	308744	842.07	217.28	71	12	-1	10.11	10.11
Fixation L	1	35	5891921561	5892063438	141877	158.32	280.83	64	34	-1	9.84	9.84
Fixation R	1	38	5891921561	5892063438	141877	158.32	280.83	64	34	-1	10.33	10.33
Fixation L	1	36	5892071809	5892255319	183510	128.05	296.16	43	4	-1	9.90	9.90
Fixation R	1	39	5892071809	5892255319	183510	128.05	296.16	43	4	-1	10.34	10.34
Fixation L	1	37	5892263686	5892539051	275365	312.15	288.21	77	15	-1	10.09	10.09
Fixation R	1	40	5892263686	5892539051	275365	312.15	288.21	77	15	-1	10.36	10.36
Fixation L	1	38	5892555682	5892797673	241991	511.08	282.43	65	9	-1	9.96	9.96
Fixation R	1	41	5892555682	5892797673	241991	511.08	282.43	65	9	-1	10.25	10.25
Fixation L	1	39	5892806056	5892964673	158617	658.70	275.79	29	9	-1	9.87	9.87
Fixation R	1	42	5892806056	5892964673	158617	658.70	275.79	29	9	-1	10.03	10.03
Fixation L	1	40	5892972919	5893206674	233755	776.20	272.61	67	8	-1	9.75	9.75
Fixation R	1	43	5892972919	5893206674	233755	776.20	272.61	67	8	-1	10.11	10.11
Fixation L	1	41	5893214917	5893340165	125248	868.38	270.08	33	7	-1	9.76	9.76
Fixation R	1	44	5893214917	5893340165	125248	868.38	270.08	33	7	-1	10.23	10.23
Fixation L	1	42	5893390165	5893673911	283746	164.83	338.23	69	16	-1	9.83	9.83
Fixation R	1	45	5893390165	5893673911	283746	164.83	338.23	69	16	-1	10.29	10.29
Fixation L	1	43	5893682289	5893999280	316991	372.54	338.56	60	12	-1	9.95	9.95
Fixation R	1	46	5893682289	5893999280	316991	372.54	338.56	60	12	-1	10.23	10.23
Fixation L	1	44	5894007663	5894249655	241992	496.85	335.90	13	21	-1	9.73	9.73
Fixation R	1	47	5894007663	5894249655	241992	496.85	335.90	13	21	-1	10.11	10.11
Fixation L	1	45	5894308031	5894483277	175246	261.37	16.53	67	29	-1	9.52	9.52
Fixation R	1	48	5894308031	5894483277	175246	261.37	16.53	67	29	-1	10.02	10.02

