[BeGaze]
Converted from:	C:\Program Files\SMI\Experiment Suite 360\Experiment Center 2\Results\Readability_First_01\P02-eye_data.idf
Date:	02.08.2013 11:27:26
Version:	BeGaze 3.2.28
Sample Rate:	120
Subject:	P02
Description:	Run2

Table Header for Fixations:
Event Type	Trial	Number	Start	End	Duration	Location X	Location Y	Dispersion X	Dispersion Y	Plane	Avg. Pupil Size X	Avg. Pupil Size Y


Fixation L	1	1	5309302064	5309652509	350445	134.38	67.94	64	14	-1	10.11	10.11
Fixation R	1	1	5309302064	5309652509	350445	134.38	67.94	64	14	-1	10.59	10.59
Fixation L	1	2	5309660893	5309869508	208615	217.16	41.33	54	37	-1	10.09	10.09
Fixation R	1	2	5309660893	5309869508	208615	217.16	41.33	54	37	-1	10.51	10.51
Fixation L	1	3	5309877756	5309977882	100126	172.25	30.11	14	4	-1	10.11	10.11
Fixation R	1	3	5309877756	5309977882	100126	172.25	30.11	14	4	-1	10.46	10.46
Fixation L	1	4	5309986260	5310161512	175252	341.20	34.37	72	10	-1	10.21	10.21
Fixation R	1	4	5309986260	5310161512	175252	341.20	34.37	72	10	-1	10.55	10.55
Fixation L	1	5	5310169879	5310528621	358742	223.93	33.82	65	12	-1	10.11	10.11
Fixation R	1	5	5310169879	5310528621	358742	223.93	33.82	65	12	-1	10.54	10.54
Fixation L	1	6	5310537001	5310803998	266997	334.62	37.89	30	34	-1	10.23	10.23
Fixation R	1	6	5310537001	5310803998	266997	334.62	37.89	30	34	-1	10.57	10.57
Fixation L	1	7	5310812366	5311087743	275377	456.84	48.53	25	22	-1	10.21	10.21
Fixation R	1	7	5310812366	5311087743	275377	456.84	48.53	25	22	-1	10.64	10.64
Fixation L	1	8	5311096111	5311388112	292001	587.95	44.28	60	14	-1	10.10	10.10
Fixation R	1	8	5311096111	5311388112	292001	587.95	44.28	60	14	-1	10.40	10.40
Fixation L	1	9	5311396483	5311671856	275373	770.12	29.18	74	22	-1	9.97	9.97
Fixation R	1	9	5311396483	5311671856	275373	770.12	29.18	74	22	-1	10.23	10.23
Fixation L	1	10	5311680228	5312072350	392122	821.46	33.27	18	18	-1	10.03	10.03
Fixation R	1	10	5311680228	5312072350	392122	821.46	33.27	18	18	-1	10.23	10.23
Fixation L	1	11	5312122474	5312264352	141878	193.75	101.18	51	13	-1	9.90	9.90
Fixation R	1	11	5312122474	5312264352	141878	193.75	101.18	51	13	-1	10.55	10.55
Fixation L	1	12	5312272722	5312439597	166875	114.11	115.77	43	19	-1	9.97	9.97
Fixation R	1	12	5312272722	5312439597	166875	114.11	115.77	43	19	-1	10.60	10.60
Fixation L	1	13	5312447969	5312840092	392123	338.90	121.36	64	10	-1	10.16	10.16
Fixation R	1	13	5312447969	5312840092	392123	338.90	121.36	64	10	-1	10.59	10.59
Fixation L	1	14	5312848461	5313115455	266994	471.05	116.04	34	19	-1	10.30	10.30
Fixation R	1	14	5312848461	5313115455	266994	471.05	116.04	34	19	-1	10.70	10.70
Fixation L	1	15	5313190587	5313349076	158489	631.23	99.32	55	6	-1	10.70	10.70
Fixation R	1	15	5313190587	5313349076	158489	631.23	99.32	55	6	-1	11.09	11.09
Fixation L	1	16	5313357451	5313791329	433878	523.52	117.20	33	21	-1	10.76	10.76
Fixation R	1	16	5313357451	5313791329	433878	523.52	117.20	33	21	-1	11.21	11.21
Fixation L	1	17	5313799695	5313916573	116878	601.31	104.83	15	16	-1	10.88	10.88
Fixation R	1	17	5313799695	5313916573	116878	601.31	104.83	15	16	-1	11.22	11.22
Fixation L	1	18	5314083442	5314241945	158503	755.61	105.98	88	9	-1	10.74	10.74
Fixation R	1	18	5314083442	5314241945	158503	755.61	105.98	88	9	-1	11.02	11.02
Fixation L	1	19	5314250318	5314592437	342119	640.64	111.69	70	29	-1	10.50	10.50
Fixation R	1	19	5314250318	5314592437	342119	640.64	111.69	70	29	-1	10.93	10.93
Fixation L	1	20	5314625805	5315068058	442253	720.16	93.02	75	21	-1	10.20	10.20
Fixation R	1	20	5314625805	5315068058	442253	720.16	93.02	75	21	-1	10.60	10.60
Fixation L	1	21	5315168181	5315335177	166996	783.92	110.46	74	6	-1	10.06	10.06
Fixation R	1	21	5315168181	5315335177	166996	783.92	110.46	74	6	-1	10.53	10.53
Fixation L	1	22	5315343428	5315643922	300494	847.44	107.67	51	10	-1	10.18	10.18
Fixation R	1	22	5315343428	5315643922	300494	847.44	107.67	51	10	-1	10.55	10.55
Fixation L	1	23	5315685541	5315835787	150246	177.74	164.34	68	10	-1	9.94	9.94
Fixation R	1	23	5315685541	5315835787	150246	177.74	164.34	68	10	-1	10.67	10.67
Fixation L	1	24	5315844173	5316002661	158488	110.19	168.82	77	14	-1	9.84	9.84
Fixation R	1	24	5315844173	5316002661	158488	110.19	168.82	77	14	-1	10.53	10.53
Fixation L	1	25	5316011040	5316378157	367117	295.67	156.18	79	18	-1	9.97	9.97
Fixation R	1	25	5316011040	5316378157	367117	295.67	156.18	79	18	-1	10.37	10.37
Fixation L	1	26	5316386531	5316578403	191872	445.31	150.39	24	9	-1	9.99	9.99
Fixation R	1	26	5316386531	5316578403	191872	445.31	150.39	24	9	-1	10.20	10.20
Fixation L	1	27	5316586778	5316795407	208629	571.16	150.94	57	6	-1	9.85	9.85
Fixation R	1	27	5316586778	5316795407	208629	571.16	150.94	57	6	-1	10.22	10.22
Fixation L	1	28	5316803774	5317204273	400499	725.66	144.91	77	22	-1	9.83	9.83
Fixation R	1	28	5316803774	5317204273	400499	725.66	144.91	77	22	-1	10.15	10.15
Fixation L	1	29	5317212650	5317463016	250366	634.77	154.39	71	10	-1	9.89	9.89
Fixation R	1	29	5317212650	5317463016	250366	634.77	154.39	71	10	-1	10.36	10.36
Fixation L	1	30	5317471274	5317629890	158616	818.72	157.21	82	17	-1	10.10	10.10
Fixation R	1	30	5317471274	5317629890	158616	818.72	157.21	82	17	-1	10.43	10.43
Fixation L	1	31	5317671643	5317763389	91746	934.21	166.10	55	8	-1	9.95	9.95
Fixation R	1	31	5317671643	5317763389	91746	934.21	166.10	55	8	-1	10.18	10.18
Fixation L	1	32	5317821761	5318030383	208622	153.78	203.93	80	14	-1	9.82	9.82
Fixation R	1	32	5317821761	5318030383	208622	153.78	203.93	80	14	-1	10.64	10.64
Fixation L	1	33	5318038758	5318155628	116870	96.57	217.83	16	10	-1	9.83	9.83
Fixation R	1	33	5318038758	5318155628	116870	96.57	217.83	16	10	-1	10.58	10.58
Fixation L	1	34	5318163884	5318372510	208626	228.36	215.31	50	4	-1	9.91	9.91
Fixation R	1	34	5318163884	5318372510	208626	228.36	215.31	50	4	-1	10.47	10.47
Fixation L	1	35	5318380878	5318631252	250374	360.71	209.91	28	8	-1	9.93	9.93
Fixation R	1	35	5318380878	5318631252	250374	360.71	209.91	28	8	-1	10.35	10.35
Fixation L	1	36	5318639499	5318898249	258750	481.37	203.87	82	10	-1	9.82	9.82
Fixation R	1	36	5318639499	5318898249	258750	481.37	203.87	82	10	-1	10.11	10.11
Fixation L	1	37	5318906621	5319006742	100121	383.46	216.77	55	14	-1	9.73	9.73
Fixation R	1	37	5318906621	5319006742	100121	383.46	216.77	55	14	-1	10.04	10.04
Fixation L	1	38	5319015118	5319240364	225246	294.45	214.95	17	29	-1	9.73	9.73
Fixation R	1	38	5319015118	5319240364	225246	294.45	214.95	17	29	-1	10.15	10.15
Fixation L	1	39	5319256992	5319498990	241998	563.53	198.39	88	9	-1	9.79	9.79
Fixation R	1	39	5319256992	5319498990	241998	563.53	198.39	88	9	-1	10.02	10.02
Fixation L	1	40	5319507364	5319749361	241997	652.96	185.08	41	30	-1	9.63	9.63
Fixation R	1	40	5319507364	5319749361	241997	652.96	185.08	41	30	-1	10.01	10.01
Fixation L	1	41	5319757732	5320033103	275371	779.45	204.04	87	11	-1	9.67	9.67
Fixation R	1	41	5319757732	5320033103	275371	779.45	204.04	87	11	-1	9.99	9.99
Fixation L	1	42	5320041479	5320183353	141874	887.36	207.34	41	13	-1	9.50	9.50
Fixation R	1	42	5320041479	5320183353	141874	887.36	207.34	41	13	-1	9.86	9.86
Fixation L	1	43	5320216723	5320383597	166874	329.53	209.84	69	12	-1	9.42	9.42
Fixation R	1	43	5320216723	5320383597	166874	329.53	209.84	69	12	-1	9.96	9.96
Fixation L	1	44	5320391844	5320617217	225373	255.32	206.76	27	10	-1	9.58	9.58
Fixation R	1	44	5320391844	5320617217	225373	255.32	206.76	27	10	-1	10.09	10.09
Fixation L	1	45	5320633843	5320867588	233745	118.38	279.02	44	49	-1	9.61	9.61
Fixation R	1	45	5320633843	5320867588	233745	118.38	279.02	44	49	-1	10.11	10.11
Fixation L	1	46	5320875845	5321059460	183615	224.13	284.27	52	8	-1	9.78	9.78
Fixation R	1	46	5320875845	5321059460	183615	224.13	284.27	52	8	-1	10.17	10.17
Fixation L	1	47	5321067838	5321259710	191872	309.21	272.16	50	9	-1	9.76	9.76
Fixation R	1	47	5321067838	5321259710	191872	309.21	272.16	50	9	-1	10.14	10.14
Fixation L	1	48	5321268082	5321818825	550743	179.33	281.00	66	25	-1	9.58	9.58
Fixation R	1	48	5321268082	5321818825	550743	179.33	281.00	66	25	-1	10.03	10.03
Fixation L	1	49	5321843823	5321943947	100124	131.47	287.49	58	40	-1	9.48	9.48
Fixation R	1	49	5321843823	5321943947	100124	131.47	287.49	58	40	-1	10.02	10.02
Fixation L	1	50	5321952329	5322060820	108491	167.16	280.13	34	4	-1	9.76	9.76
Fixation R	1	50	5321952329	5322060820	108491	167.16	280.13	34	4	-1	10.29	10.29
Fixation L	1	51	5322069197	5322494690	425493	282.09	269.07	76	12	-1	10.05	10.05
Fixation R	1	51	5322069197	5322494690	425493	282.09	269.07	76	12	-1	10.43	10.43
Fixation L	1	52	5322503070	5322669936	166866	375.16	271.09	72	6	-1	9.95	9.95
Fixation R	1	52	5322503070	5322669936	166866	375.16	271.09	72	6	-1	10.29	10.29
Fixation L	1	53	5322678317	5322962057	283740	498.22	278.90	53	15	-1	9.96	9.96
Fixation R	1	53	5322678317	5322962057	283740	498.22	278.90	53	15	-1	10.25	10.25
Fixation L	1	54	5323103934	5323312549	208615	426.87	270.53	63	27	-1	9.90	9.90
Fixation R	1	54	5323103934	5323312549	208615	426.87	270.53	63	27	-1	10.38	10.38
Fixation L	1	55	5323320800	5323946665	625865	495.57	281.39	29	18	-1	9.84	9.84
Fixation R	1	55	5323320800	5323946665	625865	495.57	281.39	29	18	-1	10.24	10.24
Fixation L	1	56	5323955043	5324088540	133497	646.78	283.72	81	18	-1	9.74	9.74
Fixation R	1	56	5323955043	5324088540	133497	646.78	283.72	81	18	-1	10.20	10.20
Fixation L	1	57	5324096914	5324272162	175248	659.39	270.73	52	6	-1	9.75	9.75
Fixation R	1	57	5324096914	5324272162	175248	659.39	270.73	52	6	-1	10.10	10.10
Fixation L	1	58	5324280419	5324580914	300495	797.56	267.46	31	12	-1	9.71	9.71
Fixation R	1	58	5324280419	5324580914	300495	797.56	267.46	31	12	-1	10.12	10.12
Fixation L	1	59	5324630912	5324939655	308743	141.34	348.93	51	43	-1	9.66	9.66
Fixation R	1	59	5324630912	5324939655	308743	141.34	348.93	51	43	-1	10.12	10.12
Fixation L	1	60	5324956403	5325231776	275373	284.73	344.30	47	27	-1	9.87	9.87
Fixation R	1	60	5324956403	5325231776	275373	284.73	344.30	47	27	-1	10.30	10.30
Fixation R	1	61	5325240021	5325515392	275371	477.09	333.62	70	16	-1	10.17	10.17
Fixation L	1	61	5325298521	5325515392	216871	481.40	332.18	19	15	-1	9.75	9.75
Fixation L	1	62	5325523771	5325682397	158626	622.27	341.18	39	4	-1	9.80	9.80
Fixation R	1	62	5325523771	5325682397	158626	622.27	341.18	39	4	-1	10.24	10.24
Fixation L	1	63	5325774139	5326291514	517375	724.17	329.79	74	20	-1	9.89	9.89
Fixation R	1	63	5325774139	5326291514	517375	724.17	329.79	74	20	-1	10.23	10.23
Fixation L	1	64	5326299879	5326441631	141752	786.39	332.93	10	3	-1	9.73	9.73
Fixation R	1	64	5326299879	5326441631	141752	786.39	332.93	10	3	-1	10.24	10.24
Fixation L	1	65	5326525127	5326708753	183626	900.81	342.49	73	26	-1	9.68	9.68
Fixation R	1	65	5326533507	5326800499	266992	894.94	337.82	69	30	-1	10.05	10.05
Fixation L	1	66	5326716998	5327025744	308746	859.10	333.98	47	17	-1	9.88	9.88
Fixation R	1	66	5326808877	5327025744	216867	850.33	335.62	37	15	-1	10.38	10.38
Fixation L	1	67	5327075870	5327159370	83500	170.07	399.62	62	35	-1	9.68	9.68
Fixation R	1	67	5327075870	5327159370	83500	170.07	399.62	62	35	-1	10.24	10.24
Fixation L	1	68	5327167623	5327676736	509113	146.57	407.60	88	9	-1	9.73	9.73
Fixation R	1	68	5327167623	5327676736	509113	146.57	407.60	88	9	-1	10.18	10.18
Fixation L	1	69	5327693362	5327918736	225374	301.56	402.09	15	10	-1	9.90	9.90
Fixation R	1	69	5327693362	5327918736	225374	301.56	402.09	15	10	-1	10.28	10.28
Fixation L	1	70	5327926981	5328143979	216998	429.99	394.80	55	13	-1	10.02	10.02
Fixation R	1	70	5327926981	5328143979	216998	429.99	394.80	55	13	-1	10.23	10.23
Fixation L	1	71	5328152352	5328352598	200246	564.64	403.05	87	6	-1	10.07	10.07
Fixation R	1	71	5328152352	5328352598	200246	564.64	403.05	87	6	-1	10.37	10.37
Fixation L	1	72	5328427724	5328644596	216872	521.86	405.47	13	8	-1	9.88	9.88
Fixation R	1	72	5328427724	5328644596	216872	521.86	405.47	13	8	-1	10.35	10.35
Fixation L	1	73	5328652969	5328844967	191998	626.56	411.00	77	4	-1	9.92	9.92
Fixation R	1	73	5328652969	5328844967	191998	626.56	411.00	77	4	-1	10.37	10.37
Fixation L	1	74	5328853217	5329103594	250377	739.30	403.24	63	17	-1	9.81	9.81
Fixation R	1	74	5328853217	5329103594	250377	739.30	403.24	63	17	-1	10.19	10.19
Fixation L	1	75	5329111967	5329245460	133493	849.61	396.17	16	22	-1	9.81	9.81
Fixation R	1	75	5329111967	5329245460	133493	849.61	396.17	16	22	-1	10.14	10.14
Fixation L	1	76	5329295466	5329445711	150245	164.31	448.39	41	39	-1	9.55	9.55
Fixation R	1	76	5329295466	5329445711	150245	164.31	448.39	41	39	-1	10.20	10.20
Fixation L	1	77	5329454081	5329637712	183631	113.03	463.74	52	18	-1	9.67	9.67
Fixation R	1	77	5329454081	5329637712	183631	113.03	463.74	52	18	-1	10.18	10.18
Fixation L	1	78	5329645959	5330263449	617490	273.70	459.11	75	22	-1	9.84	9.84
Fixation R	1	78	5329645959	5330263449	617490	273.70	459.11	75	22	-1	10.27	10.27
Fixation L	1	79	5330271823	5330588951	317128	214.86	470.12	45	9	-1	9.74	9.74
Fixation R	1	79	5330271823	5330588951	317128	214.86	470.12	45	9	-1	10.11	10.11
Fixation L	1	80	5330597318	5330797564	200246	318.06	468.91	28	10	-1	9.78	9.78
Fixation R	1	80	5330597318	5330797564	200246	318.06	468.91	28	10	-1	10.35	10.35
Fixation L	1	81	5330805937	5330964438	158501	421.80	464.26	78	14	-1	9.93	9.93
Fixation R	1	81	5330805937	5330964438	158501	421.80	464.26	78	14	-1	10.54	10.54
Fixation L	1	82	5330972813	5331456802	483989	501.52	468.26	37	18	-1	9.80	9.80
Fixation R	1	82	5330972813	5331456802	483989	501.52	468.26	37	18	-1	10.44	10.44
Fixation L	1	83	5331473429	5331732173	258744	684.85	465.29	32	13	-1	9.79	9.79
Fixation R	1	83	5331473429	5331732173	258744	684.85	465.29	32	13	-1	10.28	10.28
Fixation L	1	84	5331740429	5332090923	350494	830.18	451.94	73	15	-1	9.76	9.76
Fixation R	1	84	5331740429	5332090923	350494	830.18	451.94	73	15	-1	10.21	10.21
Fixation L	1	85	5332141049	5332291169	150120	172.49	520.61	59	32	-1	9.64	9.64
Fixation R	1	85	5332141049	5332291169	150120	172.49	520.61	59	32	-1	10.10	10.10
Fixation L	1	86	5332299548	5332458037	158489	94.56	522.06	41	5	-1	9.61	9.61
Fixation R	1	86	5332299548	5332458037	158489	94.56	522.06	41	5	-1	9.99	9.99
Fixation L	1	87	5332474789	5332675034	200245	282.41	508.78	22	12	-1	9.92	9.92
Fixation R	1	87	5332474789	5332675034	200245	282.41	508.78	22	12	-1	10.29	10.29
Fixation L	1	88	5332683408	5333067283	383875	389.05	516.16	44	5	-1	9.86	9.86
Fixation R	1	88	5332683408	5333067283	383875	389.05	516.16	44	5	-1	10.59	10.59
Fixation L	1	89	5333250777	5333334272	83495	515.73	456.00	40	58	-1	9.29	9.29
Fixation R	1	89	5333250777	5333334272	83495	515.73	456.00	40	58	-1	10.14	10.14
Fixation L	1	90	5333342652	5333534520	191868	515.38	492.42	20	17	-1	9.86	9.86
Fixation R	1	90	5333342652	5333534520	191868	515.38	492.42	20	17	-1	10.74	10.74
Fixation L	1	91	5333542900	5333726519	183619	615.48	508.35	77	11	-1	9.94	9.94
Fixation R	1	91	5333542900	5333726519	183619	615.48	508.35	77	11	-1	10.58	10.58
Fixation L	1	92	5333734768	5334035263	300495	729.14	508.06	89	9	-1	9.75	9.75
Fixation R	1	92	5333734768	5334035263	300495	729.14	508.06	89	9	-1	10.17	10.17
Fixation L	1	93	5334043514	5334168768	125254	789.35	504.14	46	7	-1	9.61	9.61
Fixation R	1	93	5334043514	5334168768	125254	789.35	504.14	46	7	-1	10.11	10.11
Fixation L	1	94	5334177010	5334802884	625874	885.73	503.80	78	21	-1	9.76	9.76
Fixation R	1	94	5334177010	5334802884	625874	885.73	503.80	78	21	-1	10.16	10.16
Fixation L	1	95	5334919756	5335078247	158491	144.52	570.94	54	27	-1	9.90	9.90
Fixation R	1	95	5334919756	5335078247	158491	144.52	570.94	54	27	-1	10.20	10.20
Fixation L	1	96	5335086620	5335412118	325498	82.66	589.17	30	16	-1	9.88	9.88
Fixation R	1	96	5335086620	5335412118	325498	82.66	589.17	30	16	-1	10.18	10.18
Fixation L	1	97	5335420373	5335553869	133496	161.89	581.75	15	10	-1	10.03	10.03
Fixation R	1	97	5335420373	5335553869	133496	161.89	581.75	15	10	-1	10.12	10.12
Fixation L	1	98	5335562242	5335954483	392241	303.05	575.92	33	7	-1	10.11	10.11
Fixation R	1	98	5335562242	5335954483	392241	303.05	575.92	33	7	-1	10.37	10.37
Fixation L	1	99	5335962858	5336096361	133503	502.24	574.79	95	3	-1	10.12	10.12
Fixation R	1	99	5335962858	5336096361	133503	502.24	574.79	95	3	-1	10.83	10.83
Fixation L	1	100	5336104613	5336455101	350488	481.41	572.66	59	11	-1	10.06	10.06
Fixation R	1	100	5336104613	5336455101	350488	481.41	572.66	59	11	-1	10.72	10.72
Fixation L	1	101	5336463477	5336697101	233624	609.70	574.37	33	12	-1	10.30	10.30
Fixation R	1	101	5336463477	5336697101	233624	609.70	574.37	33	12	-1	10.85	10.85
Fixation L	1	102	5336705476	5336813979	108503	716.03	577.20	93	4	-1	10.07	10.07
Fixation R	1	102	5336705476	5336813979	108503	716.03	577.20	93	4	-1	10.66	10.66
Fixation L	1	103	5336822354	5337055971	233617	822.82	561.17	22	17	-1	9.98	9.98
Fixation R	1	103	5336822354	5337055971	233617	822.82	561.17	22	17	-1	10.53	10.53
Fixation L	1	104	5337105972	5337339590	233618	93.48	646.86	73	26	-1	10.03	10.03
Fixation R	1	104	5337105972	5337339590	233618	93.48	646.86	73	26	-1	10.35	10.35
Fixation L	1	105	5337389714	5337673465	283751	196.44	635.85	56	14	-1	10.37	10.37
Fixation R	1	105	5337389714	5337673465	283751	196.44	635.85	56	14	-1	10.32	10.32
Fixation L	1	106	5337681834	5338023958	342124	333.40	630.99	25	9	-1	10.41	10.41
Fixation R	1	106	5337681834	5338023958	342124	333.40	630.99	25	9	-1	10.48	10.48
Fixation L	1	107	5338032205	5338524573	492368	520.89	638.02	78	11	-1	10.32	10.32
Fixation R	1	107	5338032205	5338524573	492368	520.89	638.02	78	11	-1	11.00	11.00
Fixation L	1	108	5338532945	5338766568	233623	674.82	633.28	62	7	-1	10.14	10.14
Fixation R	1	108	5338532945	5338766568	233623	674.82	633.28	62	7	-1	10.68	10.68
Fixation L	1	109	5338774949	5339267184	492235	780.95	627.35	81	14	-1	9.83	9.83
Fixation R	1	109	5338774949	5339267184	492235	780.95	627.35	81	14	-1	10.53	10.53
Fixation L	1	110	5339317308	5339634429	317121	109.97	702.82	60	25	-1	9.98	9.98
Fixation R	1	110	5339317308	5339634429	317121	109.97	702.82	60	25	-1	10.39	10.39
Fixation L	1	111	5339642679	5339851300	208621	220.65	698.69	40	12	-1	10.30	10.30
Fixation R	1	111	5339642679	5339851300	208621	220.65	698.69	40	12	-1	10.20	10.20
Fixation L	1	112	5339859677	5340143422	283745	326.13	696.81	64	13	-1	10.35	10.35
Fixation R	1	112	5339859677	5340143422	283745	326.13	696.81	64	13	-1	10.42	10.42
Fixation L	1	113	5340160050	5340418790	258740	493.61	693.70	22	6	-1	10.41	10.41
Fixation R	1	113	5340160050	5340418790	258740	493.61	693.70	22	6	-1	11.13	11.13
Fixation L	1	114	5340427175	5340710791	283616	692.78	693.99	64	10	-1	10.06	10.06
Fixation R	1	114	5340427175	5340710791	283616	692.78	693.99	64	10	-1	10.82	10.82
Fixation L	1	115	5340719164	5340977915	258751	857.87	691.25	46	5	-1	9.89	9.89
Fixation R	1	115	5340719164	5340977915	258751	857.87	691.25	46	5	-1	10.48	10.48
Fixation L	1	116	5340986161	5341503525	517364	955.98	701.29	49	11	-1	9.97	9.97
Fixation R	1	116	5340986161	5341503525	517364	955.98	701.29	49	11	-1	10.38	10.38

