[BeGaze]
Converted from:	C:\Program Files\SMI\Experiment Suite 360\Experiment Center 2\Results\Readability_First_01\P02-eye_data.idf
Date:	02.08.2013 11:27:28
Version:	BeGaze 3.2.28
Sample Rate:	120
Subject:	P02
Description:	Run2

Table Header for Fixations:
Event Type	Trial	Number	Start	End	Duration	Location X	Location Y	Dispersion X	Dispersion Y	Plane	Avg. Pupil Size X	Avg. Pupil Size Y


Fixation L	1	1	6761109792	6761293265	183473	246.61	66.74	55	20	-1	10.52	10.52
Fixation R	1	1	6761109792	6761293265	183473	246.61	66.74	55	20	-1	11.09	11.09
Fixation L	1	2	6761301641	6761610384	308743	153.01	71.55	27	37	-1	10.28	10.28
Fixation R	1	2	6761301641	6761610384	308743	153.01	71.55	27	37	-1	10.75	10.75
Fixation L	1	3	6761618763	6761794008	175245	251.56	58.92	48	26	-1	9.63	9.63
Fixation R	1	3	6761618763	6761794008	175245	251.56	58.92	48	26	-1	9.93	9.93
Fixation L	1	4	6761802262	6761985879	183617	361.91	44.10	9	11	-1	9.72	9.72
Fixation R	1	4	6761802262	6761985879	183617	361.91	44.10	9	11	-1	10.08	10.08
Fixation L	1	5	6761994250	6762319623	325373	530.08	41.19	79	19	-1	9.86	9.86
Fixation R	1	5	6762027633	6762328008	300375	530.95	40.89	35	19	-1	10.20	10.20
Fixation L	1	6	6762336373	6762503249	166876	678.30	48.24	88	8	-1	9.88	9.88
Fixation R	1	6	6762336373	6762503249	166876	678.30	48.24	88	8	-1	10.22	10.22
Fixation L	1	7	6762586618	6762728622	142004	901.69	32.61	79	20	-1	9.86	9.86
Fixation R	1	7	6762586618	6762728622	142004	901.69	32.61	79	20	-1	9.97	9.97
Fixation L	1	8	6762736873	6762828749	91876	893.69	49.42	19	9	-1	9.82	9.82
Fixation R	1	8	6762736873	6762828749	91876	893.69	49.42	19	9	-1	10.01	10.01
Fixation L	1	9	6762878741	6763078989	200248	151.62	119.22	69	30	-1	9.74	9.74
Fixation R	1	9	6762878741	6763078989	200248	151.62	119.22	69	30	-1	10.34	10.34
Fixation L	1	10	6763087360	6763396107	308747	111.49	126.45	32	39	-1	9.83	9.83
Fixation R	1	10	6763087360	6763396107	308747	111.49	126.45	32	39	-1	10.33	10.33
Fixation L	1	11	6763404486	6763671478	266992	247.83	115.59	59	40	-1	9.96	9.96
Fixation R	1	11	6763404486	6763671478	266992	247.83	115.59	59	40	-1	10.43	10.43
Fixation L	1	12	6763763227	6764013598	250371	346.10	102.27	64	11	-1	9.93	9.93
Fixation R	1	12	6763763227	6764013598	250371	346.10	102.27	64	11	-1	10.28	10.28
Fixation L	1	13	6764021974	6764188846	166872	496.61	101.78	16	10	-1	9.99	9.99
Fixation R	1	13	6764021974	6764188846	166872	496.61	101.78	16	10	-1	10.11	10.11
Fixation L	1	14	6764263970	6764405847	141877	522.13	92.12	27	38	-1	9.96	9.96
Fixation R	1	14	6764263970	6764405847	141877	522.13	92.12	27	38	-1	10.03	10.03
Fixation L	1	15	6764414091	6764606093	192002	610.13	96.23	19	12	-1	9.98	9.98
Fixation R	1	15	6764414091	6764606093	192002	610.13	96.23	19	12	-1	10.11	10.11
Fixation L	1	16	6764614464	6764881463	266999	714.10	91.45	64	3	-1	10.01	10.01
Fixation R	1	16	6764614464	6764881463	266999	714.10	91.45	64	3	-1	10.21	10.21
Fixation L	1	17	6764889836	6765215204	325368	813.41	107.58	55	27	-1	10.11	10.11
Fixation R	1	17	6764889836	6765215204	325368	813.41	107.58	55	27	-1	10.31	10.31
Fixation L	1	18	6765223580	6765932824	709244	903.41	115.93	52	18	-1	10.21	10.21
Fixation R	1	18	6765223580	6765932824	709244	903.41	115.93	52	18	-1	10.25	10.25
Fixation L	1	19	6765999565	6766149814	150249	113.60	216.32	34	65	-1	10.13	10.13
Fixation R	1	19	6765999565	6766149814	150249	113.60	216.32	34	65	-1	10.75	10.75
Fixation L	1	20	6766158195	6766308318	150123	126.04	219.52	80	16	-1	10.12	10.12
Fixation R	1	20	6766158195	6766308318	150123	126.04	219.52	80	16	-1	10.58	10.58
Fixation L	1	21	6766433561	6766625434	191873	138.20	188.53	82	9	-1	9.90	9.90
Fixation R	1	21	6766433561	6766625434	191873	138.20	188.53	82	9	-1	10.76	10.76
Fixation L	1	22	6766633807	6766750679	116872	273.37	188.22	32	11	-1	10.59	10.59
Fixation R	1	22	6766633807	6766742313	108506	272.46	188.79	32	9	-1	10.19	10.19
Fixation L	1	23	6766917559	6767209547	291988	419.62	156.37	36	24	-1	10.35	10.35
Fixation R	1	23	6766917559	6767209547	291988	419.62	156.37	36	24	-1	10.56	10.56
Fixation L	1	24	6767217928	6767301421	83493	556.83	157.98	39	47	-1	10.23	10.23
Fixation R	1	24	6767217928	6767301421	83493	556.83	157.98	39	47	-1	10.51	10.51
Fixation L	1	25	6767409795	6767535042	125247	605.39	154.92	62	18	-1	9.87	9.87
Fixation R	1	25	6767409795	6767535042	125247	605.39	154.92	62	18	-1	10.14	10.14
Fixation L	1	26	6767543296	6767710288	166992	734.54	155.21	75	9	-1	10.01	10.01
Fixation R	1	26	6767543296	6767710288	166992	734.54	155.21	75	9	-1	10.11	10.11
Fixation L	1	27	6767718542	6767977284	258742	884.01	160.44	43	20	-1	10.02	10.02
Fixation R	1	27	6767718542	6767977284	258742	884.01	160.44	43	20	-1	10.01	10.01
Fixation L	1	28	6768027285	6768277655	250370	198.77	223.83	62	36	-1	9.72	9.72
Fixation R	1	28	6768027285	6768277655	250370	198.77	223.83	62	36	-1	10.32	10.32
Fixation L	1	29	6768286033	6768469659	183626	246.59	222.30	14	14	-1	10.00	10.00
Fixation R	1	29	6768286033	6768469659	183626	246.59	222.30	14	14	-1	10.42	10.42
Fixation L	1	30	6768477903	6768628155	150252	370.92	217.32	35	14	-1	10.07	10.07
Fixation R	1	30	6768477903	6768628155	150252	370.92	217.32	35	14	-1	10.26	10.26
Fixation L	1	31	6768636526	6768886772	250246	477.10	217.46	50	19	-1	10.10	10.10
Fixation R	1	31	6768636526	6768886772	250246	477.10	217.46	50	19	-1	10.37	10.37
Fixation L	1	32	6768895156	6769053770	158614	586.60	218.75	83	14	-1	10.00	10.00
Fixation R	1	32	6768895156	6769053770	158614	586.60	218.75	83	14	-1	10.28	10.28
Fixation L	1	33	6769062020	6769379140	317120	710.04	201.51	39	20	-1	9.88	9.88
Fixation R	1	33	6769062020	6769379140	317120	710.04	201.51	39	20	-1	10.31	10.31
Fixation L	1	34	6769387513	6769554385	166872	791.38	204.16	42	27	-1	9.92	9.92
Fixation R	1	34	6769387513	6769554385	166872	791.38	204.16	42	27	-1	10.09	10.09
Fixation L	1	35	6769562760	6769721264	158504	879.43	213.94	42	8	-1	9.85	9.85
Fixation R	1	35	6769562760	6769721264	158504	879.43	213.94	42	8	-1	10.04	10.04
Fixation L	1	36	6769771388	6769988259	216871	137.72	291.55	60	36	-1	9.71	9.71
Fixation R	1	36	6769771388	6769988259	216871	137.72	291.55	60	36	-1	10.34	10.34
Fixation L	1	37	6769996633	6770121756	125123	91.91	293.23	20	9	-1	9.82	9.82
Fixation R	1	37	6769996633	6770121756	125123	91.91	293.23	20	9	-1	10.33	10.33
Fixation L	1	38	6770130131	6770380501	250370	250.46	288.40	77	13	-1	9.91	9.91
Fixation R	1	38	6770130131	6770380501	250370	250.46	288.40	77	13	-1	10.30	10.30
Fixation L	1	39	6770388873	6770497375	108502	344.00	271.44	72	26	-1	9.85	9.85
Fixation R	1	39	6770388873	6770497375	108502	344.00	271.44	72	26	-1	10.14	10.14
Fixation L	1	40	6770572377	6770839493	267116	484.22	274.09	31	21	-1	9.79	9.79
Fixation R	1	40	6770572377	6770839493	267116	484.22	274.09	31	21	-1	10.12	10.12
Fixation L	1	41	6770847746	6771039741	191995	622.23	273.44	83	14	-1	9.70	9.70
Fixation R	1	41	6770847746	6771039741	191995	622.23	273.44	83	14	-1	10.02	10.02
Fixation L	1	42	6771047993	6771281736	233743	735.23	287.54	22	23	-1	9.64	9.64
Fixation R	1	42	6771047993	6771281736	233743	735.23	287.54	22	23	-1	10.04	10.04
Fixation L	1	43	6771289988	6771456984	166996	871.53	269.17	65	26	-1	9.60	9.60
Fixation R	1	43	6771289988	6771456984	166996	871.53	269.17	65	26	-1	9.94	9.94
Fixation L	1	44	6771465233	6771573739	108506	919.91	272.38	35	28	-1	9.57	9.57
Fixation R	1	44	6771465233	6771573739	108506	919.91	272.38	35	28	-1	9.87	9.87
Fixation L	1	45	6771623860	6771890853	266993	160.31	348.87	59	23	-1	9.58	9.58
Fixation R	1	45	6771623860	6771890853	266993	160.31	348.87	59	23	-1	10.21	10.21
Fixation L	1	46	6771899232	6772149476	250244	280.26	344.16	14	12	-1	9.88	9.88
Fixation R	1	46	6771899232	6772149476	250244	280.26	344.16	14	12	-1	10.28	10.28
Fixation L	1	47	6772166224	6772525097	358873	461.33	333.70	65	22	-1	9.60	9.60
Fixation R	1	47	6772166224	6772525097	358873	461.33	333.70	65	22	-1	10.06	10.06
Fixation L	1	48	6772533342	6772641839	108497	557.69	338.44	18	12	-1	9.56	9.56
Fixation R	1	48	6772533342	6772641839	108497	557.69	338.44	18	12	-1	10.01	10.01
Fixation L	1	49	6772650222	6772875467	225245	702.95	316.15	22	20	-1	9.48	9.48
Fixation R	1	49	6772650222	6772875467	225245	702.95	316.15	22	20	-1	9.95	9.95
Fixation L	1	50	6772883836	6773084083	200247	816.32	321.93	35	6	-1	9.50	9.50
Fixation R	1	50	6772883836	6773084083	200247	816.32	321.93	35	6	-1	9.99	9.99
Fixation L	1	51	6773134211	6773534700	400489	137.50	405.17	72	26	-1	9.57	9.57
Fixation R	1	51	6773134211	6773534700	400489	137.50	405.17	72	26	-1	9.87	9.87
Fixation L	1	52	6773584830	6773876827	291997	251.70	401.03	45	10	-1	9.61	9.61
Fixation R	1	52	6773584830	6773876827	291997	251.70	401.03	45	10	-1	9.88	9.88
Fixation L	1	53	6773885195	6774302454	417259	363.63	394.17	78	21	-1	9.60	9.60
Fixation R	1	53	6773885195	6774302454	417259	363.63	394.17	78	21	-1	10.00	10.00
Fixation L	1	54	6774310815	6774811433	500618	470.82	391.77	75	7	-1	9.54	9.54
Fixation R	1	54	6774310815	6774811433	500618	470.82	391.77	75	7	-1	9.94	9.94
Fixation L	1	55	6774819809	6775003312	183503	614.44	386.29	25	11	-1	9.58	9.58
Fixation R	1	55	6774819809	6775003312	183503	614.44	386.29	25	11	-1	10.15	10.15
Fixation L	1	56	6775011679	6775395551	383872	734.23	387.18	46	7	-1	9.64	9.64
Fixation R	1	56	6775011679	6775395551	383872	734.23	387.18	46	7	-1	10.09	10.09
Fixation L	1	57	6775403927	6775629174	225247	880.60	391.75	83	8	-1	9.60	9.60
Fixation R	1	57	6775403927	6775629174	225247	880.60	391.75	83	8	-1	9.94	9.94
Fixation L	1	58	6775837793	6775921290	83497	75.85	461.23	57	40	-1	9.66	9.66
Fixation R	1	58	6775837793	6775921290	83497	75.85	461.23	57	40	-1	9.93	9.93
Fixation L	1	59	6775929667	6776138168	208501	85.04	448.13	68	19	-1	9.53	9.53
Fixation R	1	59	6775929667	6776138168	208501	85.04	448.13	68	19	-1	10.12	10.12
Fixation L	1	60	6776146538	6776497031	350493	191.64	459.64	73	22	-1	10.03	10.03
Fixation R	1	60	6776346784	6776505411	158627	223.94	453.60	24	19	-1	10.42	10.42
Fixation L	1	61	6776513783	6776764027	250244	343.64	456.98	25	16	-1	10.05	10.05
Fixation R	1	61	6776513783	6776764027	250244	343.64	456.98	25	16	-1	10.45	10.45
Fixation L	1	62	6776772405	6776997648	225243	441.65	459.39	8	6	-1	10.11	10.11
Fixation R	1	62	6776772405	6776997648	225243	441.65	459.39	8	6	-1	10.47	10.47
Fixation L	1	63	6777006029	6777389896	383867	579.73	453.00	71	10	-1	10.05	10.05
Fixation R	1	63	6777006029	6777389896	383867	579.73	453.00	71	10	-1	10.49	10.49
Fixation L	1	64	6777398268	6777673639	275371	487.55	458.40	28	5	-1	10.00	10.00
Fixation R	1	64	6777398268	6777673639	275371	487.55	458.40	28	5	-1	10.54	10.54
Fixation L	1	65	6777698638	6778090887	392249	749.24	455.50	41	52	-1	9.99	9.99
Fixation R	1	65	6777698638	6778090887	392249	749.24	455.50	41	52	-1	10.31	10.31
Fixation L	1	66	6778299505	6778541501	241996	485.51	440.42	46	43	-1	10.14	10.14
Fixation R	1	66	6778299505	6778541501	241996	485.51	440.42	46	43	-1	10.86	10.86
Fixation L	1	67	6778566503	6778850248	283745	875.26	446.38	74	20	-1	10.15	10.15
Fixation R	1	67	6778566503	6778850248	283745	875.26	446.38	74	20	-1	10.35	10.35
Fixation L	1	68	6778858501	6779075493	216992	931.50	442.55	41	10	-1	9.91	9.91
Fixation R	1	68	6778858501	6779075493	216992	931.50	442.55	41	10	-1	10.31	10.31
Fixation L	1	69	6779133871	6779317491	183620	139.58	522.19	66	31	-1	9.90	9.90
Fixation R	1	69	6779133871	6779317491	183620	139.58	522.19	66	31	-1	10.38	10.38
Fixation L	1	70	6779325865	6779434367	108502	102.07	537.70	10	8	-1	9.94	9.94
Fixation R	1	70	6779325865	6779434367	108502	102.07	537.70	10	8	-1	10.42	10.42
Fixation L	1	71	6779442611	6779642859	200248	276.24	520.70	73	26	-1	10.19	10.19
Fixation R	1	71	6779442611	6779642859	200248	276.24	520.70	73	26	-1	10.47	10.47
Fixation L	1	72	6779651233	6779834859	183626	347.91	521.79	92	5	-1	10.22	10.22
Fixation R	1	72	6779651233	6779834859	183626	347.91	521.79	92	5	-1	10.70	10.70
Fixation L	1	73	6779851486	6780201976	350490	513.23	520.90	48	13	-1	10.31	10.31
Fixation R	1	73	6779851486	6780201976	350490	513.23	520.90	48	13	-1	10.80	10.80
Fixation L	1	74	6780218729	6780502344	283615	704.64	513.12	42	22	-1	10.03	10.03
Fixation R	1	74	6780218729	6780502344	283615	704.64	513.12	42	22	-1	10.49	10.49
Fixation L	1	75	6780510725	6780660973	150248	790.24	507.95	16	4	-1	9.99	9.99
Fixation R	1	75	6780510725	6780660973	150248	790.24	507.95	16	4	-1	10.50	10.50
Fixation L	1	76	6780702719	6780869592	166873	157.20	584.23	67	28	-1	9.92	9.92
Fixation R	1	76	6780702719	6780869592	166873	157.20	584.23	67	28	-1	10.27	10.27
Fixation L	1	77	6780877969	6781028087	150118	99.84	589.00	71	10	-1	9.93	9.93
Fixation R	1	77	6780877969	6781028087	150118	99.84	589.00	71	10	-1	10.21	10.21
Fixation L	1	78	6781036466	6781295087	258621	250.52	570.09	25	12	-1	10.09	10.09
Fixation R	1	78	6781036466	6781295087	258621	250.52	570.09	25	12	-1	10.23	10.23
Fixation L	1	79	6781303459	6781545454	241995	428.54	574.97	59	6	-1	10.13	10.13
Fixation R	1	79	6781303459	6781545454	241995	428.54	574.97	59	6	-1	10.80	10.80
Fixation L	1	80	6781553829	6781770826	216997	598.13	578.51	36	8	-1	10.14	10.14
Fixation R	1	80	6781553829	6781770826	216997	598.13	578.51	36	8	-1	10.74	10.74
Fixation L	1	81	6781787454	6782162953	375499	774.69	563.87	25	20	-1	9.76	9.76
Fixation R	1	81	6781787454	6782162953	375499	774.69	563.87	25	20	-1	10.46	10.46
Fixation L	1	82	6782213078	6782580191	367113	117.11	646.74	54	30	-1	9.69	9.69
Fixation R	1	82	6782213078	6782580191	367113	117.11	646.74	54	30	-1	10.20	10.20
Fixation L	1	83	6782588568	6782738692	150124	249.99	633.91	26	23	-1	10.13	10.13
Fixation R	1	83	6782588568	6782738692	150124	249.99	633.91	26	23	-1	10.15	10.15
Fixation L	1	84	6782747065	6783005811	258746	389.60	632.92	22	16	-1	10.18	10.18
Fixation R	1	84	6782747065	6783005811	258746	389.60	632.92	22	16	-1	10.69	10.69
Fixation L	1	85	6783014064	6783397933	383869	510.29	634.86	79	18	-1	10.16	10.16
Fixation R	1	85	6783014064	6783397933	383869	510.29	634.86	79	18	-1	10.78	10.78
Fixation L	1	86	6783406304	6783639926	233622	698.38	620.50	85	12	-1	9.95	9.95
Fixation R	1	86	6783406304	6783639926	233622	698.38	620.50	85	12	-1	10.60	10.60
Fixation L	1	87	6783648300	6783881922	233622	781.31	626.58	27	6	-1	9.86	9.86
Fixation R	1	87	6783648300	6783881922	233622	781.31	626.58	27	6	-1	10.45	10.45
Fixation L	1	88	6783932050	6784332541	400491	104.29	724.15	50	14	-1	9.96	9.96
Fixation R	1	88	6783932050	6784332541	400491	104.29	724.15	50	14	-1	10.32	10.32
Fixation L	1	89	6784340915	6784599538	258623	229.08	700.40	56	24	-1	10.30	10.30
Fixation R	1	89	6784340915	6784599538	258623	229.08	700.40	56	24	-1	10.15	10.15
Fixation L	1	90	6784607910	6784816538	208628	351.66	692.45	67	6	-1	10.37	10.37
Fixation R	1	90	6784607910	6784816538	208628	351.66	692.45	67	6	-1	10.77	10.77
Fixation L	1	91	6784824908	6785183648	358740	486.22	694.94	90	8	-1	10.46	10.46
Fixation R	1	91	6784824908	6785183648	358740	486.22	694.94	90	8	-1	11.02	11.02
Fixation L	1	92	6785192033	6785584269	392236	649.84	687.49	63	11	-1	10.36	10.36
Fixation R	1	92	6785192033	6785584269	392236	649.84	687.49	63	11	-1	10.94	10.94
Fixation L	1	93	6785592523	6786118264	525741	739.95	695.62	62	23	-1	10.18	10.18
Fixation R	1	93	6785592523	6786118264	525741	739.95	695.62	62	23	-1	10.87	10.87
Fixation L	1	94	6786126635	6786393634	266999	844.77	696.99	77	11	-1	10.09	10.09
Fixation R	1	94	6786126635	6786393634	266999	844.77	696.99	77	11	-1	10.74	10.74
Fixation L	1	95	6786402011	6786619007	216996	922.84	704.21	27	9	-1	10.18	10.18
Fixation R	1	95	6786402011	6786619007	216996	922.84	704.21	27	9	-1	10.64	10.64

