>>> slide 0
(46, 46, 50, 44)	(96, 46, 123, 44)	(219, 46, 49, 44)	(268, 46, 153, 44)	(421, 46, 103, 44)	(524, 46, 64, 44)	(588, 46, 86, 44)	(674, 46, 154, 44)	(828, 46, 57, 44)	(885, 46, 67, 44)
(46, 103, 48, 44)	(94, 103, 107, 44)	(201, 103, 33, 44)	(234, 103, 53, 44)	(287, 103, 206, 44)	(493, 103, 64, 44)	(557, 103, 189, 44)	(746, 103, 58, 44)
(46, 160, 226, 44)	(272, 160, 48, 44)	(320, 160, 139, 44)	(459, 160, 120, 44)	(579, 160, 56, 44)	(635, 160, 47, 44)	(682, 160, 163, 44)
(46, 217, 182, 44)	(228, 217, 98, 44)	(326, 217, 47, 44)	(373, 217, 45, 44)	(418, 217, 44, 44)	(462, 217, 110, 44)	(572, 217, 83, 44)	(655, 217, 45, 44)	(700, 217, 110, 44)	(810, 217, 159, 44)
(46, 274, 261, 44)	(307, 274, 151, 44)	(458, 274, 50, 44)	(508, 274, 152, 44)	(660, 274, 154, 44)	(814, 274, 51, 44)	(865, 274, 86, 44)
(46, 331, 68, 44)	(114, 331, 91, 44)	(205, 331, 77, 44)	(282, 331, 45, 44)	(327, 331, 150, 44)	(477, 331, 68, 44)	(545, 331, 250, 44)	(795, 331, 67, 44)	(862, 331, 61, 44)
(46, 388, 95, 44)	(141, 388, 48, 44)	(189, 388, 154, 44)	(343, 388, 127, 44)	(470, 388, 91, 44)	(561, 388, 48, 44)	(609, 388, 136, 44)	(745, 388, 144, 44)
(46, 445, 124, 44)	(170, 445, 133, 44)	(303, 445, 53, 44)	(356, 445, 126, 44)	(482, 445, 33, 44)	(515, 445, 45, 44)	(560, 445, 94, 44)	(654, 445, 98, 44)	(752, 445, 111, 44)	(863, 445, 47, 44)
(46, 502, 112, 44)	(158, 502, 57, 44)	(215, 502, 110, 44)	(325, 502, 39, 44)	(364, 502, 122, 44)	(486, 502, 114, 44)	(600, 502, 45, 44)	(645, 502, 173, 44)
(46, 559, 198, 44)	(244, 559, 129, 44)	(373, 559, 84, 44)	(457, 559, 90, 44)	(547, 559, 136, 44)	(683, 559, 127, 44)	(810, 559, 141, 44)
(46, 616, 45, 44)	(91, 616, 98, 44)	(189, 616, 18, 44)	(207, 616, 75, 44)	(282, 616, 77, 44)	(359, 616, 64, 44)	(423, 616, 154, 44)	(577, 616, 18, 44)	(595, 616, 39, 44)	(634, 616, 106, 44)	(740, 616, 142, 44)	(882, 616, 65, 44)
(46, 673, 144, 44)	(190, 673, 58, 44)	(248, 673, 94, 44)	(342, 673, 82, 44)	(424, 673, 202, 44)	(626, 673, 98, 44)	(724, 673, 77, 44)	(801, 673, 45, 44)
>>> slide 1
(46, 46, 218, 44)	(264, 46, 161, 44)	(425, 46, 64, 44)	(489, 46, 45, 44)	(534, 46, 283, 44)	(817, 46, 80, 44)	(897, 46, 45, 44)
(46, 103, 48, 44)	(94, 103, 133, 44)	(227, 103, 67, 44)	(294, 103, 105, 44)	(399, 103, 127, 44)	(526, 103, 72, 44)	(598, 103, 62, 44)	(660, 103, 67, 44)	(727, 103, 126, 44)
(46, 160, 192, 44)	(238, 160, 51, 44)	(289, 160, 53, 44)	(342, 160, 163, 44)	(505, 160, 73, 44)	(578, 160, 42, 44)	(620, 160, 37, 44)	(657, 160, 51, 44)	(708, 160, 116, 44)	(824, 160, 76, 44)	(900, 160, 60, 44)
(46, 217, 57, 44)	(103, 217, 72, 44)	(175, 217, 68, 44)	(243, 217, 54, 44)	(297, 217, 71, 44)	(368, 217, 33, 44)	(401, 217, 122, 44)	(523, 217, 85, 44)	(608, 217, 57, 44)	(665, 217, 139, 44)	(804, 217, 71, 44)	(875, 217, 87, 44)
(46, 274, 117, 44)	(163, 274, 70, 44)	(233, 274, 128, 44)	(361, 274, 101, 44)	(462, 274, 45, 44)	(507, 274, 83, 44)	(590, 274, 49, 44)	(639, 274, 142, 44)	(781, 274, 148, 44)
(46, 331, 54, 44)	(100, 331, 110, 44)	(210, 331, 83, 44)	(293, 331, 132, 44)	(425, 331, 45, 44)	(470, 331, 98, 44)	(568, 331, 56, 44)	(624, 331, 144, 44)	(768, 331, 45, 44)	(813, 331, 93, 44)
(46, 388, 81, 44)	(127, 388, 81, 44)	(208, 388, 90, 44)	(298, 388, 54, 44)	(352, 388, 306, 44)	(658, 388, 61, 44)	(719, 388, 114, 44)	(833, 388, 94, 44)	(927, 388, 41, 44)
(46, 445, 66, 44)	(112, 445, 48, 44)	(160, 445, 89, 44)	(249, 445, 101, 44)	(350, 445, 89, 44)	(439, 445, 88, 44)	(527, 445, 66, 44)	(593, 445, 68, 44)	(661, 445, 95, 44)	(756, 445, 103, 44)	(859, 445, 48, 44)
(46, 502, 155, 44)	(201, 502, 141, 44)	(342, 502, 50, 44)	(392, 502, 162, 44)	(554, 502, 71, 44)	(625, 502, 47, 44)	(672, 502, 110, 44)	(782, 502, 59, 44)	(841, 502, 48, 44)
(46, 559, 139, 44)	(185, 559, 30, 44)	(215, 559, 65, 44)	(280, 559, 54, 44)	(334, 559, 68, 44)	(402, 559, 67, 44)	(469, 559, 64, 44)	(533, 559, 59, 44)	(592, 559, 39, 44)	(631, 559, 48, 44)
(46, 616, 327, 44)	(373, 616, 94, 44)	(467, 616, 60, 44)	(527, 616, 94, 44)	(621, 616, 58, 44)	(679, 616, 110, 44)	(789, 616, 66, 44)	(855, 616, 45, 44)	(900, 616, 53, 44)
(46, 673, 139, 44)	(185, 673, 30, 44)	(215, 673, 65, 44)	(280, 673, 54, 44)	(334, 673, 130, 44)	(464, 673, 67, 44)	(531, 673, 64, 44)	(595, 673, 67, 44)	(662, 673, 74, 44)	(736, 673, 54, 44)	(790, 673, 53, 44)
>>> slide 2
(46, 46, 226, 44)	(272, 46, 82, 44)	(354, 46, 49, 44)	(403, 46, 75, 44)	(478, 46, 45, 44)	(523, 46, 75, 44)	(598, 46, 50, 44)	(648, 46, 142, 44)	(790, 46, 127, 44)
(46, 103, 164, 44)	(210, 103, 45, 44)	(255, 103, 133, 44)	(388, 103, 269, 44)	(657, 103, 121, 44)	(778, 103, 75, 44)	(853, 103, 67, 44)
(46, 160, 144, 44)	(190, 160, 50, 44)	(240, 160, 48, 44)	(288, 160, 105, 44)	(393, 160, 74, 44)	(467, 160, 183, 44)	(650, 160, 67, 44)	(717, 160, 115, 44)	(832, 160, 35, 44)	(867, 160, 99, 44)
(46, 217, 59, 44)	(105, 217, 40, 44)	(145, 217, 64, 44)	(209, 217, 51, 44)	(260, 217, 125, 44)	(385, 217, 156, 44)	(541, 217, 51, 44)	(592, 217, 112, 44)	(704, 217, 69, 44)	(773, 217, 57, 44)	(830, 217, 105, 44)
(46, 274, 109, 44)	(155, 274, 33, 44)	(188, 274, 53, 44)	(241, 274, 77, 44)	(318, 274, 49, 44)	(367, 274, 153, 44)	(520, 274, 169, 44)	(689, 274, 45, 44)	(734, 274, 91, 44)	(825, 274, 105, 44)
(46, 331, 51, 44)	(97, 331, 303, 44)	(400, 331, 77, 44)	(477, 331, 56, 44)	(533, 331, 171, 44)	(704, 331, 122, 44)	(826, 331, 54, 44)	(880, 331, 53, 44)	(933, 331, 33, 44)
(46, 388, 107, 44)	(153, 388, 45, 44)	(198, 388, 85, 44)	(283, 388, 164, 44)	(447, 388, 92, 44)	(539, 388, 100, 44)	(639, 388, 122, 44)	(761, 388, 50, 44)	(811, 388, 48, 44)
(46, 445, 202, 44)	(248, 445, 152, 44)
