>>> slide 0
(50, 51, 50, 34)	(100, 51, 123, 34)	(223, 51, 49, 34)	(272, 51, 153, 34)	(425, 51, 103, 34)	(528, 51, 64, 34)	(592, 51, 86, 34)	(678, 51, 154, 34)	(832, 51, 57, 34)	(889, 51, 67, 34)
(50, 108, 48, 34)	(98, 108, 107, 34)	(205, 108, 33, 34)	(238, 108, 53, 34)	(291, 108, 206, 34)	(497, 108, 64, 34)	(561, 108, 189, 34)	(750, 108, 58, 34)
(50, 165, 226, 34)	(276, 165, 48, 34)	(324, 165, 139, 34)	(463, 165, 120, 34)	(583, 165, 56, 34)	(639, 165, 47, 34)	(686, 165, 163, 34)
(50, 222, 182, 34)	(232, 222, 98, 34)	(330, 222, 47, 34)	(377, 222, 45, 34)	(422, 222, 44, 34)	(466, 222, 110, 34)	(576, 222, 83, 34)	(659, 222, 45, 34)	(704, 222, 110, 34)	(814, 222, 159, 34)
(50, 279, 261, 34)	(311, 279, 151, 34)	(462, 279, 50, 34)	(512, 279, 152, 34)	(664, 279, 154, 34)	(818, 279, 51, 34)	(869, 279, 86, 34)
(50, 336, 68, 34)	(118, 336, 91, 34)	(209, 336, 77, 34)	(286, 336, 45, 34)	(331, 336, 150, 34)	(481, 336, 68, 34)	(549, 336, 250, 34)	(799, 336, 67, 34)	(866, 336, 61, 34)
(50, 393, 95, 34)	(145, 393, 48, 34)	(193, 393, 154, 34)	(347, 393, 127, 34)	(474, 393, 91, 34)	(565, 393, 48, 34)	(613, 393, 136, 34)	(749, 393, 144, 34)
(50, 450, 124, 34)	(174, 450, 133, 34)	(307, 450, 53, 34)	(360, 450, 126, 34)	(486, 450, 33, 34)	(519, 450, 45, 34)	(564, 450, 94, 34)	(658, 450, 98, 34)	(756, 450, 111, 34)	(867, 450, 47, 34)
(50, 507, 112, 34)	(162, 507, 57, 34)	(219, 507, 110, 34)	(329, 507, 39, 34)	(368, 507, 122, 34)	(490, 507, 114, 34)	(604, 507, 45, 34)	(649, 507, 173, 34)
(50, 564, 198, 34)	(248, 564, 129, 34)	(377, 564, 84, 34)	(461, 564, 90, 34)	(551, 564, 136, 34)	(687, 564, 127, 34)	(814, 564, 141, 34)
(50, 621, 45, 34)	(95, 621, 98, 34)	(193, 621, 18, 34)	(211, 621, 75, 34)	(286, 621, 77, 34)	(363, 621, 64, 34)	(427, 621, 154, 34)	(581, 621, 18, 34)	(599, 621, 39, 34)	(638, 621, 106, 34)	(744, 621, 142, 34)	(886, 621, 65, 34)
(50, 678, 144, 34)	(194, 678, 58, 34)	(252, 678, 94, 34)	(346, 678, 82, 34)	(428, 678, 202, 34)	(630, 678, 98, 34)	(728, 678, 77, 34)	(805, 678, 45, 34)
>>> slide 1
(50, 51, 218, 34)	(268, 51, 161, 34)	(429, 51, 64, 34)	(493, 51, 45, 34)	(538, 51, 283, 34)	(821, 51, 80, 34)	(901, 51, 45, 34)
(50, 108, 48, 34)	(98, 108, 133, 34)	(231, 108, 67, 34)	(298, 108, 105, 34)	(403, 108, 127, 34)	(530, 108, 72, 34)	(602, 108, 62, 34)	(664, 108, 67, 34)	(731, 108, 126, 34)
(50, 165, 192, 34)	(242, 165, 51, 34)	(293, 165, 53, 34)	(346, 165, 163, 34)	(509, 165, 73, 34)	(582, 165, 42, 34)	(624, 165, 37, 34)	(661, 165, 51, 34)	(712, 165, 116, 34)	(828, 165, 76, 34)	(904, 165, 60, 34)
(50, 222, 57, 34)	(107, 222, 72, 34)	(179, 222, 68, 34)	(247, 222, 54, 34)	(301, 222, 71, 34)	(372, 222, 33, 34)	(405, 222, 122, 34)	(527, 222, 85, 34)	(612, 222, 57, 34)	(669, 222, 139, 34)	(808, 222, 71, 34)	(879, 222, 87, 34)
(50, 279, 117, 34)	(167, 279, 70, 34)	(237, 279, 128, 34)	(365, 279, 101, 34)	(466, 279, 45, 34)	(511, 279, 83, 34)	(594, 279, 49, 34)	(643, 279, 142, 34)	(785, 279, 148, 34)
(50, 336, 54, 34)	(104, 336, 110, 34)	(214, 336, 83, 34)	(297, 336, 132, 34)	(429, 336, 45, 34)	(474, 336, 98, 34)	(572, 336, 56, 34)	(628, 336, 144, 34)	(772, 336, 45, 34)	(817, 336, 93, 34)
(50, 393, 81, 34)	(131, 393, 81, 34)	(212, 393, 90, 34)	(302, 393, 54, 34)	(356, 393, 306, 34)	(662, 393, 61, 34)	(723, 393, 114, 34)	(837, 393, 94, 34)	(931, 393, 41, 34)
(50, 450, 66, 34)	(116, 450, 48, 34)	(164, 450, 89, 34)	(253, 450, 101, 34)	(354, 450, 89, 34)	(443, 450, 88, 34)	(531, 450, 66, 34)	(597, 450, 68, 34)	(665, 450, 95, 34)	(760, 450, 103, 34)	(863, 450, 48, 34)
(50, 507, 155, 34)	(205, 507, 141, 34)	(346, 507, 50, 34)	(396, 507, 162, 34)	(558, 507, 71, 34)	(629, 507, 47, 34)	(676, 507, 110, 34)	(786, 507, 59, 34)	(845, 507, 48, 34)
(50, 564, 139, 34)	(189, 564, 30, 34)	(219, 564, 65, 34)	(284, 564, 54, 34)	(338, 564, 68, 34)	(406, 564, 67, 34)	(473, 564, 64, 34)	(537, 564, 59, 34)	(596, 564, 39, 34)	(635, 564, 48, 34)
(50, 621, 327, 34)	(377, 621, 94, 34)	(471, 621, 60, 34)	(531, 621, 94, 34)	(625, 621, 58, 34)	(683, 621, 110, 34)	(793, 621, 66, 34)	(859, 621, 45, 34)	(904, 621, 53, 34)
(50, 678, 139, 34)	(189, 678, 30, 34)	(219, 678, 65, 34)	(284, 678, 54, 34)	(338, 678, 130, 34)	(468, 678, 67, 34)	(535, 678, 64, 34)	(599, 678, 67, 34)	(666, 678, 74, 34)	(740, 678, 54, 34)	(794, 678, 53, 34)
>>> slide 2
(50, 51, 226, 34)	(276, 51, 82, 34)	(358, 51, 49, 34)	(407, 51, 75, 34)	(482, 51, 45, 34)	(527, 51, 75, 34)	(602, 51, 50, 34)	(652, 51, 142, 34)	(794, 51, 127, 34)
(50, 108, 164, 34)	(214, 108, 45, 34)	(259, 108, 133, 34)	(392, 108, 269, 34)	(661, 108, 121, 34)	(782, 108, 75, 34)	(857, 108, 67, 34)
(50, 165, 144, 34)	(194, 165, 50, 34)	(244, 165, 48, 34)	(292, 165, 105, 34)	(397, 165, 74, 34)	(471, 165, 183, 34)	(654, 165, 67, 34)	(721, 165, 115, 34)	(836, 165, 35, 34)	(871, 165, 99, 34)
(50, 222, 59, 34)	(109, 222, 40, 34)	(149, 222, 64, 34)	(213, 222, 51, 34)	(264, 222, 125, 34)	(389, 222, 156, 34)	(545, 222, 51, 34)	(596, 222, 112, 34)	(708, 222, 69, 34)	(777, 222, 57, 34)	(834, 222, 105, 34)
(50, 279, 109, 34)	(159, 279, 33, 34)	(192, 279, 53, 34)	(245, 279, 77, 34)	(322, 279, 49, 34)	(371, 279, 153, 34)	(524, 279, 169, 34)	(693, 279, 45, 34)	(738, 279, 91, 34)	(829, 279, 105, 34)
(50, 336, 51, 34)	(101, 336, 303, 34)	(404, 336, 77, 34)	(481, 336, 56, 34)	(537, 336, 171, 34)	(708, 336, 122, 34)	(830, 336, 54, 34)	(884, 336, 53, 34)	(937, 336, 33, 34)
(50, 393, 107, 34)	(157, 393, 45, 34)	(202, 393, 85, 34)	(287, 393, 164, 34)	(451, 393, 92, 34)	(543, 393, 100, 34)	(643, 393, 122, 34)	(765, 393, 50, 34)	(815, 393, 48, 34)
(50, 450, 202, 34)	(252, 450, 152, 34)
