>>> slide 0
(46, 46, 53, 44)	(99, 46, 78, 44)	(177, 46, 116, 44)	(293, 46, 83, 44)	(376, 46, 57, 44)	(433, 46, 113, 44)	(546, 46, 49, 44)	(595, 46, 45, 44)	(640, 46, 55, 44)	(695, 46, 183, 44)	(878, 46, 78, 44)
(46, 103, 56, 44)	(102, 103, 45, 44)	(147, 103, 151, 44)	(298, 103, 91, 44)	(389, 103, 116, 44)	(505, 103, 45, 44)	(550, 103, 117, 44)	(667, 103, 41, 44)	(708, 103, 114, 44)
(46, 160, 236, 44)	(282, 160, 133, 44)	(415, 160, 49, 44)	(464, 160, 57, 44)	(521, 160, 173, 44)	(694, 160, 139, 44)	(833, 160, 50, 44)
(46, 217, 112, 44)	(158, 217, 45, 44)	(203, 217, 106, 44)	(309, 217, 63, 44)	(372, 217, 49, 44)	(421, 217, 61, 44)	(482, 217, 218, 44)	(700, 217, 33, 44)	(733, 217, 130, 44)	(863, 217, 67, 44)
(46, 274, 73, 44)	(119, 274, 153, 44)	(272, 274, 33, 44)	(305, 274, 48, 44)	(353, 274, 144, 44)	(497, 274, 140, 44)	(637, 274, 72, 44)	(709, 274, 45, 44)	(754, 274, 95, 44)
(46, 331, 135, 44)	(181, 331, 72, 44)	(253, 331, 61, 44)	(314, 331, 163, 44)	(477, 331, 106, 44)	(583, 331, 35, 44)	(618, 331, 80, 44)	(698, 331, 63, 44)	(761, 331, 62, 44)	(823, 331, 67, 44)
(46, 388, 101, 44)	(147, 388, 53, 44)	(200, 388, 112, 44)	(312, 388, 48, 44)	(360, 388, 179, 44)	(539, 388, 175, 44)	(714, 388, 65, 44)	(779, 388, 144, 44)	(923, 388, 45, 44)
(46, 445, 95, 44)	(141, 445, 89, 44)	(230, 445, 56, 44)	(286, 445, 33, 44)	(319, 445, 48, 44)	(367, 445, 179, 44)	(546, 445, 42, 44)	(588, 445, 123, 44)	(711, 445, 131, 44)	(842, 445, 73, 44)	(915, 445, 45, 44)
(46, 502, 127, 44)	(173, 502, 128, 44)	(301, 502, 53, 44)	(354, 502, 117, 44)	(471, 502, 127, 44)	(598, 502, 73, 44)	(671, 502, 79, 44)	(750, 502, 64, 44)	(814, 502, 53, 44)
(46, 559, 122, 44)	(168, 559, 41, 44)	(209, 559, 127, 44)	(336, 559, 57, 44)	(393, 559, 40, 44)	(433, 559, 89, 44)	(522, 559, 81, 44)	(603, 559, 88, 44)	(691, 559, 58, 44)	(749, 559, 62, 44)	(811, 559, 88, 44)	(899, 559, 68, 44)
(46, 616, 33, 44)	(79, 616, 113, 44)	(192, 616, 146, 44)	(338, 616, 61, 44)	(399, 616, 73, 44)	(472, 616, 83, 44)	(555, 616, 204, 44)	(759, 616, 96, 44)	(855, 616, 80, 44)	(935, 616, 32, 44)
(46, 673, 56, 44)	(102, 673, 53, 44)	(155, 673, 53, 44)	(208, 673, 252, 44)	(460, 673, 91, 44)	(551, 673, 52, 44)	(603, 673, 115, 44)	(718, 673, 48, 44)	(766, 673, 154, 44)
>>> slide 1
(46, 46, 236, 44)	(282, 46, 145, 44)	(427, 46, 137, 44)	(564, 46, 62, 44)	(626, 46, 80, 44)	(706, 46, 90, 44)	(796, 46, 108, 44)
(46, 103, 143, 44)	(189, 103, 168, 44)	(357, 103, 77, 44)	(434, 103, 62, 44)	(496, 103, 40, 44)	(536, 103, 174, 44)	(710, 103, 70, 44)	(780, 103, 126, 44)
(46, 160, 67, 44)	(113, 160, 83, 44)	(196, 160, 164, 44)	(360, 160, 55, 44)	(415, 160, 135, 44)	(550, 160, 74, 44)	(624, 160, 39, 44)	(663, 160, 253, 44)
(46, 217, 166, 44)	(212, 217, 57, 44)	(269, 217, 79, 44)	(348, 217, 124, 44)	(472, 217, 45, 44)	(517, 217, 150, 44)	(667, 217, 67, 44)	(734, 217, 154, 44)
(46, 274, 142, 44)	(188, 274, 39, 44)	(227, 274, 72, 44)	(299, 274, 90, 44)	(389, 274, 71, 44)	(460, 274, 87, 44)	(547, 274, 39, 44)	(586, 274, 56, 44)	(642, 274, 226, 44)	(868, 274, 82, 44)
(46, 331, 131, 44)	(177, 331, 57, 44)	(234, 331, 127, 44)	(361, 331, 79, 44)	(440, 331, 33, 44)	(473, 331, 122, 44)	(595, 331, 61, 44)	(656, 331, 123, 44)	(779, 331, 64, 44)	(843, 331, 45, 44)
(46, 388, 101, 44)	(147, 388, 89, 44)	(236, 388, 104, 44)	(340, 388, 53, 44)	(393, 388, 138, 44)	(531, 388, 101, 44)	(632, 388, 79, 44)	(711, 388, 80, 44)	(791, 388, 45, 44)	(836, 388, 92, 44)
(46, 445, 128, 44)	(174, 445, 176, 44)	(350, 445, 41, 44)	(391, 445, 138, 44)	(529, 445, 45, 44)	(574, 445, 82, 44)	(656, 445, 42, 44)	(698, 445, 175, 44)
(46, 502, 152, 44)	(198, 502, 50, 44)	(248, 502, 56, 44)	(304, 502, 33, 44)	(337, 502, 62, 44)	(399, 502, 126, 44)	(525, 502, 50, 44)	(575, 502, 124, 44)	(699, 502, 191, 44)
(46, 559, 101, 44)	(147, 559, 138, 44)	(285, 559, 165, 44)	(450, 559, 49, 44)	(499, 559, 40, 44)	(539, 559, 33, 44)	(572, 559, 83, 44)	(655, 559, 97, 44)	(752, 559, 95, 44)	(847, 559, 60, 44)	(907, 559, 51, 44)
(46, 616, 61, 44)	(107, 616, 72, 44)	(179, 616, 48, 44)	(227, 616, 105, 44)	(332, 616, 151, 44)	(483, 616, 45, 44)	(528, 616, 133, 44)	(661, 616, 105, 44)	(766, 616, 77, 44)	(843, 616, 52, 44)	(895, 616, 45, 44)
(46, 673, 179, 44)	(225, 673, 120, 44)	(345, 673, 105, 44)	(450, 673, 73, 44)	(523, 673, 45, 44)	(568, 673, 154, 44)	(722, 673, 180, 44)
>>> slide 2
(46, 46, 98, 44)	(144, 46, 45, 44)	(189, 46, 82, 44)	(271, 46, 54, 44)	(325, 46, 113, 44)	(438, 46, 99, 44)	(537, 46, 72, 44)	(609, 46, 61, 44)	(670, 46, 88, 44)	(758, 46, 48, 44)	(806, 46, 161, 44)
(46, 103, 96, 44)	(142, 103, 45, 44)	(187, 103, 106, 44)	(293, 103, 49, 44)	(342, 103, 73, 44)	(415, 103, 87, 44)	(502, 103, 139, 44)	(641, 103, 68, 44)	(709, 103, 45, 44)	(754, 103, 109, 44)	(863, 103, 106, 44)
(46, 160, 49, 44)	(95, 160, 45, 44)	(140, 160, 133, 44)	(273, 160, 111, 44)	(384, 160, 48, 44)	(432, 160, 161, 44)	(593, 160, 54, 44)	(647, 160, 82, 44)	(729, 160, 138, 44)
(46, 217, 106, 44)	(152, 217, 72, 44)	(224, 217, 65, 44)	(289, 217, 34, 44)	(323, 217, 122, 44)	(445, 217, 39, 44)	(484, 217, 45, 44)	(529, 217, 66, 44)	(595, 217, 80, 44)	(675, 217, 95, 44)	(770, 217, 57, 44)	(827, 217, 106, 44)
(46, 274, 143, 44)	(189, 274, 45, 44)	(234, 274, 82, 44)	(316, 274, 37, 44)	(353, 274, 95, 44)	(448, 274, 48, 44)	(496, 274, 45, 44)	(541, 274, 173, 44)	(714, 274, 143, 44)	(857, 274, 57, 44)
(46, 331, 107, 44)	(153, 331, 143, 44)	(296, 331, 50, 44)	(346, 331, 61, 44)	(407, 331, 101, 44)	(508, 331, 137, 44)	(645, 331, 58, 44)	(703, 331, 65, 44)	(768, 331, 82, 44)	(850, 331, 45, 44)
(46, 388, 89, 44)	(135, 388, 95, 44)	(230, 388, 33, 44)	(263, 388, 81, 44)	(344, 388, 103, 44)	(447, 388, 60, 44)	(507, 388, 53, 44)	(560, 388, 45, 44)	(605, 388, 138, 44)	(743, 388, 82, 44)	(825, 388, 37, 44)
(46, 445, 121, 44)	(167, 445, 45, 44)	(212, 445, 55, 44)	(267, 445, 124, 44)	(391, 445, 167, 44)	(558, 445, 89, 44)	(647, 445, 37, 44)	(684, 445, 83, 44)	(767, 445, 104, 44)	(871, 445, 97, 44)
(46, 502, 35, 44)	(81, 502, 53, 44)	(134, 502, 91, 44)	(225, 502, 85, 44)	(310, 502, 48, 44)	(358, 502, 105, 44)	(463, 502, 151, 44)	(614, 502, 108, 44)	(722, 502, 45, 44)	(767, 502, 161, 44)
(46, 559, 124, 44)	(170, 559, 191, 44)	(361, 559, 83, 44)	(444, 559, 141, 44)	(585, 559, 65, 44)	(650, 559, 41, 44)	(691, 559, 201, 44)	(892, 559, 54, 44)
(46, 616, 55, 44)	(101, 616, 125, 44)	(226, 616, 49, 44)	(275, 616, 56, 44)	(331, 616, 136, 44)	(467, 616, 89, 44)	(556, 616, 145, 44)	(701, 616, 45, 44)	(746, 616, 138, 44)
(46, 673, 132, 44)	(178, 673, 97, 44)	(275, 673, 45, 44)	(320, 673, 55, 44)	(375, 673, 124, 44)	(499, 673, 82, 44)	(581, 673, 115, 44)	(696, 673, 72, 44)	(768, 673, 37, 44)	(805, 673, 53, 44)	(858, 673, 109, 44)
>>> slide 3
(46, 46, 40, 44)	(86, 46, 68, 44)	(154, 46, 91, 44)	(245, 46, 149, 44)	(394, 46, 162, 44)	(556, 46, 65, 44)	(621, 46, 50, 44)	(671, 46, 45, 44)	(716, 46, 161, 44)	(877, 46, 47, 44)	(924, 46, 41, 44)
(46, 103, 68, 44)	(114, 103, 68, 44)	(182, 103, 224, 44)	(406, 103, 116, 44)	(522, 103, 53, 44)	(575, 103, 89, 44)	(664, 103, 111, 44)	(775, 103, 61, 44)	(836, 103, 48, 44)	(884, 103, 55, 44)
(46, 160, 124, 44)	(170, 160, 167, 44)	(337, 160, 145, 44)	(482, 160, 96, 44)	(578, 160, 84, 44)	(662, 160, 71, 44)	(733, 160, 127, 44)	(860, 160, 83, 44)	(943, 160, 18, 44)
(46, 217, 32, 44)	(78, 217, 121, 44)	(199, 217, 48, 44)	(247, 217, 69, 44)	(316, 217, 75, 44)	(391, 217, 57, 44)	(448, 217, 45, 44)	(493, 217, 67, 44)	(560, 217, 98, 44)	(658, 217, 73, 44)
(46, 274, 286, 44)	(332, 274, 201, 44)	(533, 274, 37, 44)	(570, 274, 150, 44)	(720, 274, 61, 44)	(781, 274, 67, 44)	(848, 274, 61, 44)
(46, 331, 88, 44)	(134, 331, 48, 44)	(182, 331, 161, 44)	(343, 331, 62, 44)	(405, 331, 41, 44)	(446, 331, 107, 44)	(553, 331, 79, 44)	(632, 331, 87, 44)	(719, 331, 88, 44)	(807, 331, 133, 44)
(46, 388, 33, 44)	(79, 388, 45, 44)	(124, 388, 87, 44)	(211, 388, 55, 44)	(266, 388, 117, 44)	(383, 388, 236, 44)	(619, 388, 144, 44)	(763, 388, 50, 44)	(813, 388, 113, 44)
(46, 445, 54, 44)	(100, 445, 65, 44)	(165, 445, 75, 44)	(240, 445, 35, 44)	(275, 445, 80, 44)	(355, 445, 94, 44)	(449, 445, 62, 44)	(511, 445, 118, 44)	(629, 445, 113, 44)	(742, 445, 67, 44)	(809, 445, 84, 44)
(46, 502, 138, 44)	(184, 502, 61, 44)	(245, 502, 82, 44)	(327, 502, 195, 44)	(522, 502, 145, 44)	(667, 502, 126, 44)	(793, 502, 173, 44)
(46, 559, 167, 44)	(213, 559, 79, 44)	(292, 559, 303, 44)	(595, 559, 57, 44)	(652, 559, 138, 44)	(790, 559, 57, 44)
(46, 616, 230, 44)	(276, 616, 64, 44)	(340, 616, 45, 44)	(385, 616, 169, 44)	(554, 616, 144, 44)	(698, 616, 138, 44)	(836, 616, 107, 44)
(46, 673, 109, 44)	(155, 673, 56, 44)	(211, 673, 140, 44)	(351, 673, 73, 44)	(424, 673, 79, 44)	(503, 673, 82, 44)	(585, 673, 56, 44)	(641, 673, 57, 44)	(698, 673, 124, 44)	(822, 673, 93, 44)	(915, 673, 41, 44)
>>> slide 4
(46, 46, 110, 44)	(156, 46, 50, 44)	(206, 46, 209, 44)	(415, 46, 118, 44)	(533, 46, 72, 44)	(605, 46, 95, 44)	(700, 46, 72, 44)	(772, 46, 67, 44)	(839, 46, 33, 44)	(872, 46, 83, 44)
(46, 103, 75, 44)	(121, 103, 45, 44)	(166, 103, 159, 44)	(325, 103, 57, 44)	(382, 103, 79, 44)	(461, 103, 72, 44)	(533, 103, 68, 44)	(601, 103, 113, 44)	(714, 103, 48, 44)
(46, 160, 219, 44)	(265, 160, 87, 44)	(352, 160, 86, 44)	(438, 160, 102, 44)	(540, 160, 106, 44)	(646, 160, 53, 44)	(699, 160, 95, 44)	(794, 160, 176, 44)
(46, 217, 90, 44)	(136, 217, 98, 44)	(234, 217, 40, 44)	(274, 217, 45, 44)	(319, 217, 82, 44)	(401, 217, 72, 44)	(473, 217, 169, 44)	(642, 217, 226, 44)
(46, 274, 131, 44)	(177, 274, 80, 44)	(257, 274, 102, 44)	(359, 274, 69, 44)	(428, 274, 67, 44)	(495, 274, 128, 44)	(623, 274, 48, 44)	(671, 274, 82, 44)	(753, 274, 72, 44)
(46, 331, 204, 44)	(250, 331, 41, 44)	(291, 331, 90, 44)	(381, 331, 114, 44)	(495, 331, 73, 44)	(568, 331, 117, 44)	(685, 331, 169, 44)
(46, 388, 188, 44)	(234, 388, 100, 44)	(334, 388, 79, 44)	(413, 388, 167, 44)	(580, 388, 48, 44)	(628, 388, 269, 44)
(46, 445, 80, 44)	(126, 445, 45, 44)	(171, 445, 37, 44)	(208, 445, 135, 44)	(343, 445, 74, 44)	(417, 445, 82, 44)	(499, 445, 134, 44)	(633, 445, 45, 44)	(678, 445, 113, 44)	(791, 445, 127, 44)	(918, 445, 40, 44)
(46, 502, 124, 44)	(170, 502, 57, 44)	(227, 502, 150, 44)	(377, 502, 89, 44)	(466, 502, 129, 44)	(595, 502, 60, 44)	(655, 502, 56, 44)	(711, 502, 33, 44)	(744, 502, 83, 44)	(827, 502, 51, 44)	(878, 502, 75, 44)
(46, 559, 154, 44)	(200, 559, 33, 44)	(233, 559, 53, 44)	(286, 559, 156, 44)	(442, 559, 100, 44)	(542, 559, 96, 44)	(638, 559, 134, 44)	(772, 559, 61, 44)	(833, 559, 48, 44)
(46, 616, 167, 44)	(213, 616, 82, 44)	(295, 616, 88, 44)	(383, 616, 37, 44)	(420, 616, 100, 44)	(520, 616, 112, 44)	(632, 616, 142, 44)	(774, 616, 138, 44)
(46, 673, 83, 44)	(129, 673, 83, 44)	(212, 673, 78, 44)	(290, 673, 179, 44)	(469, 673, 40, 44)	(509, 673, 87, 44)	(596, 673, 45, 44)	(641, 673, 102, 44)	(743, 673, 82, 44)	(825, 673, 51, 44)	(876, 673, 61, 44)
>>> slide 5
(46, 46, 94, 44)	(140, 46, 83, 44)	(223, 46, 33, 44)	(256, 46, 228, 44)	(484, 46, 157, 44)	(641, 46, 135, 44)	(776, 46, 57, 44)
(46, 103, 237, 44)	(283, 103, 109, 44)	(392, 103, 50, 44)	(442, 103, 61, 44)	(503, 103, 117, 44)	(620, 103, 95, 44)	(715, 103, 78, 44)	(793, 103, 71, 44)	(864, 103, 45, 44)
(46, 160, 154, 44)	(200, 160, 118, 44)	(318, 160, 125, 44)
