>>> slide 0
(50, 51, 53, 34)	(103, 51, 78, 34)	(181, 51, 116, 34)	(297, 51, 83, 34)	(380, 51, 57, 34)	(437, 51, 113, 34)	(550, 51, 49, 34)	(599, 51, 45, 34)	(644, 51, 55, 34)	(699, 51, 183, 34)	(882, 51, 78, 34)
(50, 108, 56, 34)	(106, 108, 45, 34)	(151, 108, 151, 34)	(302, 108, 91, 34)	(393, 108, 116, 34)	(509, 108, 45, 34)	(554, 108, 117, 34)	(671, 108, 41, 34)	(712, 108, 114, 34)
(50, 165, 236, 34)	(286, 165, 133, 34)	(419, 165, 49, 34)	(468, 165, 57, 34)	(525, 165, 173, 34)	(698, 165, 139, 34)	(837, 165, 50, 34)
(50, 222, 112, 34)	(162, 222, 45, 34)	(207, 222, 106, 34)	(313, 222, 63, 34)	(376, 222, 49, 34)	(425, 222, 61, 34)	(486, 222, 218, 34)	(704, 222, 33, 34)	(737, 222, 130, 34)	(867, 222, 67, 34)
(50, 279, 73, 34)	(123, 279, 153, 34)	(276, 279, 33, 34)	(309, 279, 48, 34)	(357, 279, 144, 34)	(501, 279, 140, 34)	(641, 279, 72, 34)	(713, 279, 45, 34)	(758, 279, 95, 34)
(50, 336, 135, 34)	(185, 336, 72, 34)	(257, 336, 61, 34)	(318, 336, 163, 34)	(481, 336, 106, 34)	(587, 336, 35, 34)	(622, 336, 80, 34)	(702, 336, 63, 34)	(765, 336, 62, 34)	(827, 336, 67, 34)
(50, 393, 101, 34)	(151, 393, 53, 34)	(204, 393, 112, 34)	(316, 393, 48, 34)	(364, 393, 179, 34)	(543, 393, 175, 34)	(718, 393, 65, 34)	(783, 393, 144, 34)	(927, 393, 45, 34)
(50, 450, 95, 34)	(145, 450, 89, 34)	(234, 450, 56, 34)	(290, 450, 33, 34)	(323, 450, 48, 34)	(371, 450, 179, 34)	(550, 450, 42, 34)	(592, 450, 123, 34)	(715, 450, 131, 34)	(846, 450, 73, 34)	(919, 450, 45, 34)
(50, 507, 127, 34)	(177, 507, 128, 34)	(305, 507, 53, 34)	(358, 507, 117, 34)	(475, 507, 127, 34)	(602, 507, 73, 34)	(675, 507, 79, 34)	(754, 507, 64, 34)	(818, 507, 53, 34)
(50, 564, 122, 34)	(172, 564, 41, 34)	(213, 564, 127, 34)	(340, 564, 57, 34)	(397, 564, 40, 34)	(437, 564, 89, 34)	(526, 564, 81, 34)	(607, 564, 88, 34)	(695, 564, 58, 34)	(753, 564, 62, 34)	(815, 564, 88, 34)	(903, 564, 68, 34)
(50, 621, 33, 34)	(83, 621, 113, 34)	(196, 621, 146, 34)	(342, 621, 61, 34)	(403, 621, 73, 34)	(476, 621, 83, 34)	(559, 621, 204, 34)	(763, 621, 96, 34)	(859, 621, 80, 34)	(939, 621, 32, 34)
(50, 678, 56, 34)	(106, 678, 53, 34)	(159, 678, 53, 34)	(212, 678, 252, 34)	(464, 678, 91, 34)	(555, 678, 52, 34)	(607, 678, 115, 34)	(722, 678, 48, 34)	(770, 678, 154, 34)
>>> slide 1
(50, 51, 236, 34)	(286, 51, 145, 34)	(431, 51, 137, 34)	(568, 51, 62, 34)	(630, 51, 80, 34)	(710, 51, 90, 34)	(800, 51, 108, 34)
(50, 108, 143, 34)	(193, 108, 168, 34)	(361, 108, 77, 34)	(438, 108, 62, 34)	(500, 108, 40, 34)	(540, 108, 174, 34)	(714, 108, 70, 34)	(784, 108, 126, 34)
(50, 165, 67, 34)	(117, 165, 83, 34)	(200, 165, 164, 34)	(364, 165, 55, 34)	(419, 165, 135, 34)	(554, 165, 74, 34)	(628, 165, 39, 34)	(667, 165, 253, 34)
(50, 222, 166, 34)	(216, 222, 57, 34)	(273, 222, 79, 34)	(352, 222, 124, 34)	(476, 222, 45, 34)	(521, 222, 150, 34)	(671, 222, 67, 34)	(738, 222, 154, 34)
(50, 279, 142, 34)	(192, 279, 39, 34)	(231, 279, 72, 34)	(303, 279, 90, 34)	(393, 279, 71, 34)	(464, 279, 87, 34)	(551, 279, 39, 34)	(590, 279, 56, 34)	(646, 279, 226, 34)	(872, 279, 82, 34)
(50, 336, 131, 34)	(181, 336, 57, 34)	(238, 336, 127, 34)	(365, 336, 79, 34)	(444, 336, 33, 34)	(477, 336, 122, 34)	(599, 336, 61, 34)	(660, 336, 123, 34)	(783, 336, 64, 34)	(847, 336, 45, 34)
(50, 393, 101, 34)	(151, 393, 89, 34)	(240, 393, 104, 34)	(344, 393, 53, 34)	(397, 393, 138, 34)	(535, 393, 101, 34)	(636, 393, 79, 34)	(715, 393, 80, 34)	(795, 393, 45, 34)	(840, 393, 92, 34)
(50, 450, 128, 34)	(178, 450, 176, 34)	(354, 450, 41, 34)	(395, 450, 138, 34)	(533, 450, 45, 34)	(578, 450, 82, 34)	(660, 450, 42, 34)	(702, 450, 175, 34)
(50, 507, 152, 34)	(202, 507, 50, 34)	(252, 507, 56, 34)	(308, 507, 33, 34)	(341, 507, 62, 34)	(403, 507, 126, 34)	(529, 507, 50, 34)	(579, 507, 124, 34)	(703, 507, 191, 34)
(50, 564, 101, 34)	(151, 564, 138, 34)	(289, 564, 165, 34)	(454, 564, 49, 34)	(503, 564, 40, 34)	(543, 564, 33, 34)	(576, 564, 83, 34)	(659, 564, 97, 34)	(756, 564, 95, 34)	(851, 564, 60, 34)	(911, 564, 51, 34)
(50, 621, 61, 34)	(111, 621, 72, 34)	(183, 621, 48, 34)	(231, 621, 105, 34)	(336, 621, 151, 34)	(487, 621, 45, 34)	(532, 621, 133, 34)	(665, 621, 105, 34)	(770, 621, 77, 34)	(847, 621, 52, 34)	(899, 621, 45, 34)
(50, 678, 179, 34)	(229, 678, 120, 34)	(349, 678, 105, 34)	(454, 678, 73, 34)	(527, 678, 45, 34)	(572, 678, 154, 34)	(726, 678, 180, 34)
>>> slide 2
(50, 51, 98, 34)	(148, 51, 45, 34)	(193, 51, 82, 34)	(275, 51, 54, 34)	(329, 51, 113, 34)	(442, 51, 99, 34)	(541, 51, 72, 34)	(613, 51, 61, 34)	(674, 51, 88, 34)	(762, 51, 48, 34)	(810, 51, 161, 34)
(50, 108, 96, 34)	(146, 108, 45, 34)	(191, 108, 106, 34)	(297, 108, 49, 34)	(346, 108, 73, 34)	(419, 108, 87, 34)	(506, 108, 139, 34)	(645, 108, 68, 34)	(713, 108, 45, 34)	(758, 108, 109, 34)	(867, 108, 106, 34)
(50, 165, 49, 34)	(99, 165, 45, 34)	(144, 165, 133, 34)	(277, 165, 111, 34)	(388, 165, 48, 34)	(436, 165, 161, 34)	(597, 165, 54, 34)	(651, 165, 82, 34)	(733, 165, 138, 34)
(50, 222, 106, 34)	(156, 222, 72, 34)	(228, 222, 65, 34)	(293, 222, 34, 34)	(327, 222, 122, 34)	(449, 222, 39, 34)	(488, 222, 45, 34)	(533, 222, 66, 34)	(599, 222, 80, 34)	(679, 222, 95, 34)	(774, 222, 57, 34)	(831, 222, 106, 34)
(50, 279, 143, 34)	(193, 279, 45, 34)	(238, 279, 82, 34)	(320, 279, 37, 34)	(357, 279, 95, 34)	(452, 279, 48, 34)	(500, 279, 45, 34)	(545, 279, 173, 34)	(718, 279, 143, 34)	(861, 279, 57, 34)
(50, 336, 107, 34)	(157, 336, 143, 34)	(300, 336, 50, 34)	(350, 336, 61, 34)	(411, 336, 101, 34)	(512, 336, 137, 34)	(649, 336, 58, 34)	(707, 336, 65, 34)	(772, 336, 82, 34)	(854, 336, 45, 34)
(50, 393, 89, 34)	(139, 393, 95, 34)	(234, 393, 33, 34)	(267, 393, 81, 34)	(348, 393, 103, 34)	(451, 393, 60, 34)	(511, 393, 53, 34)	(564, 393, 45, 34)	(609, 393, 138, 34)	(747, 393, 82, 34)	(829, 393, 37, 34)
(50, 450, 121, 34)	(171, 450, 45, 34)	(216, 450, 55, 34)	(271, 450, 124, 34)	(395, 450, 167, 34)	(562, 450, 89, 34)	(651, 450, 37, 34)	(688, 450, 83, 34)	(771, 450, 104, 34)	(875, 450, 97, 34)
(50, 507, 35, 34)	(85, 507, 53, 34)	(138, 507, 91, 34)	(229, 507, 85, 34)	(314, 507, 48, 34)	(362, 507, 105, 34)	(467, 507, 151, 34)	(618, 507, 108, 34)	(726, 507, 45, 34)	(771, 507, 161, 34)
(50, 564, 124, 34)	(174, 564, 191, 34)	(365, 564, 83, 34)	(448, 564, 141, 34)	(589, 564, 65, 34)	(654, 564, 41, 34)	(695, 564, 201, 34)	(896, 564, 54, 34)
(50, 621, 55, 34)	(105, 621, 125, 34)	(230, 621, 49, 34)	(279, 621, 56, 34)	(335, 621, 136, 34)	(471, 621, 89, 34)	(560, 621, 145, 34)	(705, 621, 45, 34)	(750, 621, 138, 34)
(50, 678, 132, 34)	(182, 678, 97, 34)	(279, 678, 45, 34)	(324, 678, 55, 34)	(379, 678, 124, 34)	(503, 678, 82, 34)	(585, 678, 115, 34)	(700, 678, 72, 34)	(772, 678, 37, 34)	(809, 678, 53, 34)	(862, 678, 109, 34)
>>> slide 3
(50, 51, 40, 34)	(90, 51, 68, 34)	(158, 51, 91, 34)	(249, 51, 149, 34)	(398, 51, 162, 34)	(560, 51, 65, 34)	(625, 51, 50, 34)	(675, 51, 45, 34)	(720, 51, 161, 34)	(881, 51, 47, 34)	(928, 51, 41, 34)
(50, 108, 68, 34)	(118, 108, 68, 34)	(186, 108, 224, 34)	(410, 108, 116, 34)	(526, 108, 53, 34)	(579, 108, 89, 34)	(668, 108, 111, 34)	(779, 108, 61, 34)	(840, 108, 48, 34)	(888, 108, 55, 34)
(50, 165, 124, 34)	(174, 165, 167, 34)	(341, 165, 145, 34)	(486, 165, 96, 34)	(582, 165, 84, 34)	(666, 165, 71, 34)	(737, 165, 127, 34)	(864, 165, 83, 34)	(947, 165, 18, 34)
(50, 222, 32, 34)	(82, 222, 121, 34)	(203, 222, 48, 34)	(251, 222, 69, 34)	(320, 222, 75, 34)	(395, 222, 57, 34)	(452, 222, 45, 34)	(497, 222, 67, 34)	(564, 222, 98, 34)	(662, 222, 73, 34)
(50, 279, 286, 34)	(336, 279, 201, 34)	(537, 279, 37, 34)	(574, 279, 150, 34)	(724, 279, 61, 34)	(785, 279, 67, 34)	(852, 279, 61, 34)
(50, 336, 88, 34)	(138, 336, 48, 34)	(186, 336, 161, 34)	(347, 336, 62, 34)	(409, 336, 41, 34)	(450, 336, 107, 34)	(557, 336, 79, 34)	(636, 336, 87, 34)	(723, 336, 88, 34)	(811, 336, 133, 34)
(50, 393, 33, 34)	(83, 393, 45, 34)	(128, 393, 87, 34)	(215, 393, 55, 34)	(270, 393, 117, 34)	(387, 393, 236, 34)	(623, 393, 144, 34)	(767, 393, 50, 34)	(817, 393, 113, 34)
(50, 450, 54, 34)	(104, 450, 65, 34)	(169, 450, 75, 34)	(244, 450, 35, 34)	(279, 450, 80, 34)	(359, 450, 94, 34)	(453, 450, 62, 34)	(515, 450, 118, 34)	(633, 450, 113, 34)	(746, 450, 67, 34)	(813, 450, 84, 34)
(50, 507, 138, 34)	(188, 507, 61, 34)	(249, 507, 82, 34)	(331, 507, 195, 34)	(526, 507, 145, 34)	(671, 507, 126, 34)	(797, 507, 173, 34)
(50, 564, 167, 34)	(217, 564, 79, 34)	(296, 564, 303, 34)	(599, 564, 57, 34)	(656, 564, 138, 34)	(794, 564, 57, 34)
(50, 621, 230, 34)	(280, 621, 64, 34)	(344, 621, 45, 34)	(389, 621, 169, 34)	(558, 621, 144, 34)	(702, 621, 138, 34)	(840, 621, 107, 34)
(50, 678, 109, 34)	(159, 678, 56, 34)	(215, 678, 140, 34)	(355, 678, 73, 34)	(428, 678, 79, 34)	(507, 678, 82, 34)	(589, 678, 56, 34)	(645, 678, 57, 34)	(702, 678, 124, 34)	(826, 678, 93, 34)	(919, 678, 41, 34)
>>> slide 4
(50, 51, 110, 34)	(160, 51, 50, 34)	(210, 51, 209, 34)	(419, 51, 118, 34)	(537, 51, 72, 34)	(609, 51, 95, 34)	(704, 51, 72, 34)	(776, 51, 67, 34)	(843, 51, 33, 34)	(876, 51, 83, 34)
(50, 108, 75, 34)	(125, 108, 45, 34)	(170, 108, 159, 34)	(329, 108, 57, 34)	(386, 108, 79, 34)	(465, 108, 72, 34)	(537, 108, 68, 34)	(605, 108, 113, 34)	(718, 108, 48, 34)
(50, 165, 219, 34)	(269, 165, 87, 34)	(356, 165, 86, 34)	(442, 165, 102, 34)	(544, 165, 106, 34)	(650, 165, 53, 34)	(703, 165, 95, 34)	(798, 165, 176, 34)
(50, 222, 90, 34)	(140, 222, 98, 34)	(238, 222, 40, 34)	(278, 222, 45, 34)	(323, 222, 82, 34)	(405, 222, 72, 34)	(477, 222, 169, 34)	(646, 222, 226, 34)
(50, 279, 131, 34)	(181, 279, 80, 34)	(261, 279, 102, 34)	(363, 279, 69, 34)	(432, 279, 67, 34)	(499, 279, 128, 34)	(627, 279, 48, 34)	(675, 279, 82, 34)	(757, 279, 72, 34)
(50, 336, 204, 34)	(254, 336, 41, 34)	(295, 336, 90, 34)	(385, 336, 114, 34)	(499, 336, 73, 34)	(572, 336, 117, 34)	(689, 336, 169, 34)
(50, 393, 188, 34)	(238, 393, 100, 34)	(338, 393, 79, 34)	(417, 393, 167, 34)	(584, 393, 48, 34)	(632, 393, 269, 34)
(50, 450, 80, 34)	(130, 450, 45, 34)	(175, 450, 37, 34)	(212, 450, 135, 34)	(347, 450, 74, 34)	(421, 450, 82, 34)	(503, 450, 134, 34)	(637, 450, 45, 34)	(682, 450, 113, 34)	(795, 450, 127, 34)	(922, 450, 40, 34)
(50, 507, 124, 34)	(174, 507, 57, 34)	(231, 507, 150, 34)	(381, 507, 89, 34)	(470, 507, 129, 34)	(599, 507, 60, 34)	(659, 507, 56, 34)	(715, 507, 33, 34)	(748, 507, 83, 34)	(831, 507, 51, 34)	(882, 507, 75, 34)
(50, 564, 154, 34)	(204, 564, 33, 34)	(237, 564, 53, 34)	(290, 564, 156, 34)	(446, 564, 100, 34)	(546, 564, 96, 34)	(642, 564, 134, 34)	(776, 564, 61, 34)	(837, 564, 48, 34)
(50, 621, 167, 34)	(217, 621, 82, 34)	(299, 621, 88, 34)	(387, 621, 37, 34)	(424, 621, 100, 34)	(524, 621, 112, 34)	(636, 621, 142, 34)	(778, 621, 138, 34)
(50, 678, 83, 34)	(133, 678, 83, 34)	(216, 678, 78, 34)	(294, 678, 179, 34)	(473, 678, 40, 34)	(513, 678, 87, 34)	(600, 678, 45, 34)	(645, 678, 102, 34)	(747, 678, 82, 34)	(829, 678, 51, 34)	(880, 678, 61, 34)
>>> slide 5
(50, 51, 94, 34)	(144, 51, 83, 34)	(227, 51, 33, 34)	(260, 51, 228, 34)	(488, 51, 157, 34)	(645, 51, 135, 34)	(780, 51, 57, 34)
(50, 108, 237, 34)	(287, 108, 109, 34)	(396, 108, 50, 34)	(446, 108, 61, 34)	(507, 108, 117, 34)	(624, 108, 95, 34)	(719, 108, 78, 34)	(797, 108, 71, 34)	(868, 108, 45, 34)
(50, 165, 154, 34)	(204, 165, 118, 34)	(322, 165, 125, 34)
